1750052127.5960152	0	1	5
1750052132.6072943	0	6	11
1750052137.6192164	0	11	19
1750052142.6318054	0	15	24
1750052147.6442285	0	18	29
1750052152.6544616	0	25	38
1750052157.6667416	1	28	47
1750052162.678464	1	33	51
1750052167.691274	1	35	56
1750052172.7039754	1	42	64
1750052177.7203197	1	46	73
1750052182.7302258	1	48	85
1750052187.7398741	1	51	90
1750052192.7493422	1	56	99
1750052197.7622354	1	60	104
1750052202.7741117	1	62	108
1750052207.7847528	1	68	114
1750052212.7960734	1	70	125
1750052217.8067853	1	72	132
1750052222.820485	1	77	137
1750052227.8416498	1	83	144
1750052232.8552055	1	88	150
1750052237.8669562	1	90	155
1750052242.8777	1	92	159
1750052247.8911498	1	94	164
1750052252.9050906	1	99	168
1750052257.9256423	1	101	172
1750052262.9392114	2	106	183
1750052267.953185	2	113	190
1750052272.9667964	2	117	199
1750052277.981391	2	120	205
1750052282.995083	2	123	213
1750052288.010421	2	125	220
1750052293.028139	2	131	230
1750052298.0409498	2	135	237
1750052303.0545256	2	137	244
1750052308.067102	2	139	250
1750052313.0802834	2	143	253
1750052318.0922287	2	149	259
1750052323.1097777	2	150	261
1750052328.1231594	2	155	266
1750052333.1393929	2	159	271
1750052338.1504195	2	161	281
1750052343.1633716	2	166	287
1750052348.1766212	2	171	292
1750052353.1888928	2	173	304
1750052358.2050996	2	176	311
1750052363.2161229	2	178	321
1750052368.2266035	2	181	327
1750052373.2376502	2	187	338
1750052378.2494218	2	190	347
1750052383.2614906	2	191	354
1750052388.2736433	2	198	365
1750052393.286157	2	198	371
1750052398.2980468	2	204	379
1750052403.3085148	2	206	390
1750052408.3195262	2	213	398
1750052413.3336506	2	219	401
1750052418.3445857	2	223	405
1750052423.355277	2	227	416
1750052428.3664517	2	231	424
1750052433.377509	2	232	429
1750052438.3888652	3	237	440
1750052443.4078908	3	241	450
1750052448.4190452	3	245	456
1750052453.4294016	4	250	464
1750052458.440427	5	257	472
1750052463.4590445	5	262	477
1750052468.470654	5	264	480
1750052473.486342	5	267	491
1750052478.4971423	5	269	502
1750052483.5101693	5	274	509
1750052488.5219307	5	276	515
1750052493.5337632	5	280	523
1750052498.5466495	6	286	527
1750052503.5588276	7	291	535
1750052508.5708652	7	297	543
1750052513.590536	7	299	552
1750052518.6079443	7	303	559
1750052523.6201582	7	308	567
1750052528.6326005	7	311	580
1750052533.6455235	7	315	588
1750052538.6586263	7	320	592
1750052543.6715422	7	321	608
1750052548.6893191	7	328	613
1750052553.7016835	7	331	623
1750052558.7153618	7	336	631
1750052563.7274594	7	341	636
1750052568.739432	7	346	639
1750052573.7501504	7	350	652
1750052578.7665756	8	354	661
1750052583.7861362	8	359	667
1750052588.7992587	8	360	672
1750052593.812212	8	363	676
1750052598.8256464	8	366	686
1750052603.839468	8	368	695
1750052608.852661	8	371	697
1750052613.8644793	8	375	701
1750052618.8781295	8	379	708
1750052623.8969855	8	382	713
1750052628.9108627	8	385	718
1750052633.924469	8	388	722
1750052638.9355056	8	389	727
1750052643.9492972	8	391	735
1750052648.9638	8	392	738
1750052653.9776516	8	398	744
1750052658.9911609	8	403	750
1750052664.0035782	8	406	759
1750052669.0165658	8	410	766
1750052674.0299158	8	413	770
1750052679.0430365	8	416	776
1750052684.0562768	8	420	784
1750052689.0677383	8	422	793
1750052694.080939	8	423	799
1750052699.0946996	8	425	809
1750052704.1076663	8	427	816
1750052709.1216116	8	428	823
1750052714.1341372	8	430	832
1750052719.1476238	9	434	850
1750052724.1606302	9	437	855
1750052729.172352	10	440	866
1750052734.1835973	10	444	870
1750052739.1939502	11	449	877
1750052744.2039104	12	457	887
1750052749.2144842	12	460	895
1750052754.227311	12	469	902
1750052759.239147	12	472	905
1750052764.249947	12	477	915
1750052769.2612464	12	478	919
1750052774.2723527	12	482	927
1750052779.2833118	12	485	938
1750052784.2999797	12	487	950
1750052789.3107002	12	491	961
1750052794.3215058	12	494	964
1750052799.3321543	12	499	972
1750052804.3444018	12	501	978
1750052809.355274	12	509	988
1750052814.3658981	12	513	998
1750052819.3784778	12	517	1002
1750052824.395427	12	520	1011
1750052829.4082701	12	525	1015
1750052834.4308853	12	529	1018
1750052839.442984	12	530	1024
1750052844.4587896	12	533	1033
1750052849.471383	12	540	1039
1750052854.4840372	12	542	1043
1750052859.5014024	12	546	1052
1750052864.51432	12	553	1060
1750052869.5276873	12	555	1067
1750052874.5412729	12	559	1073
1750052879.5545142	12	564	1078
1750052884.5730119	12	570	1086
1750052889.596158	12	573	1090
1750052894.6117244	12	575	1096
1750052899.6320121	12	578	1101
1750052904.646063	12	582	1103
1750052909.6635551	12	586	1108
1750052914.680804	12	588	1112
1750052919.6936603	12	593	1126
1750052924.7080886	12	598	1132
1750052929.722971	12	603	1141
1750052934.7366147	12	606	1148
1750052939.7511644	12	611	1157
1750052944.7646844	12	612	1162
1750052949.776835	12	619	1167
1750052954.7981045	12	622	1177
1750052959.812827	12	623	1185
1750052964.826581	12	623	1191
1750052969.840032	12	624	1195
1750052974.8526738	12	628	1199
1750052979.8663557	12	628	1204
1750052984.8795915	12	633	1207
1750052989.8933628	12	635	1215
1750052994.9080749	12	641	1222
1750052999.921414	13	646	1232
1750053004.936071	13	646	1236
1750053009.9502435	13	654	1239
1750053014.964146	13	657	1242
1750053019.977947	13	661	1252
1750053024.9924421	13	665	1264
1750053030.0060992	13	673	1270
1750053035.0274348	13	677	1278
1750053040.0412366	13	678	1288
1750053045.055228	14	680	1292
1750053050.0689678	14	684	1297
1750053055.0897498	14	686	1307
1750053060.1018052	14	689	1313
1750053065.114318	14	693	1322
1750053070.1271093	14	698	1326
1750053075.140855	14	703	1336
1750053080.1548133	14	704	1344
1750053085.1672883	14	709	1349
1750053090.1801505	14	709	1357
1750053095.1987593	14	712	1366
1750053100.2215838	14	713	1375
1750053105.236001	14	718	1380
1750053110.2480812	15	722	1388
1750053115.2615988	15	726	1398
1750053120.2757697	15	728	1405
1750053125.2890885	16	733	1413
1750053130.303756	16	737	1423
1750053135.3169575	16	743	1430
1750053140.3307784	16	746	1435
1750053145.344676	16	751	1441
1750053150.3589306	16	754	1449
1750053155.3727798	16	761	1453
1750053160.386951	16	767	1459
1750053165.4008234	16	769	1470
1750053170.4150429	16	776	1474
1750053175.4289567	16	778	1481
1750053180.4492702	16	781	1486
1750053185.4637313	16	783	1495
1750053190.4778302	16	789	1502
1750053195.4926653	16	794	1509
1750053200.506506	17	798	1512
1750053205.520046	18	803	1519
1750053210.5338194	18	806	1524
1750053215.5479891	18	810	1535
1750053220.5618763	18	815	1542
1750053225.5756562	18	820	1549
1750053230.5894742	18	824	1554
1750053235.6044242	18	829	1565
1750053240.6194656	18	829	1571
1750053245.632659	18	834	1574
1750053250.6471229	18	840	1583
1750053255.6602724	18	841	1590
1750053260.6814768	18	848	1595
1750053265.6950815	18	851	1597
1750053270.7083137	18	854	1602
1750053275.7230217	18	859	1605
1750053280.737407	18	864	1611
1750053285.7511716	18	868	1614
1750053290.76489	18	878	1623
1750053295.777992	18	883	1635
1750053300.7909846	18	887	1644
1750053305.8051674	18	892	1654
1750053310.8194218	18	893	1658
1750053315.8340833	18	897	1665
1750053320.8468814	18	902	1676
1750053325.8617768	18	905	1686
1750053330.87631	19	911	1691
1750053335.8903818	19	912	1698
1750053340.9076421	19	913	1701
1750053345.9201734	19	915	1704
1750053350.9418547	19	916	1709
1750053355.9563692	19	918	1718
1750053360.972902	19	919	1725
1750053365.9875891	19	920	1733
1750053371.000715	19	926	1743
1750053376.0168357	20	929	1752
1750053381.0303848	20	931	1759
1750053386.0441847	20	939	1767
1750053391.057754	20	942	1778
1750053396.0703573	20	945	1785
1750053401.085272	20	948	1791
1750053406.097333	20	953	1797
1750053411.1125016	22	959	1804
1750053416.1260877	22	961	1813
1750053421.1392927	22	966	1816
1750053426.1528091	22	972	1821
1750053431.1673636	22	977	1825
1750053436.1797757	22	984	1830
1750053441.1925514	22	988	1835
1750053446.2053156	22	993	1841
1750053451.2212217	22	995	1850
1750053456.2394142	22	997	1856
1750053461.253616	22	1003	1860
1750053466.2679489	22	1006	1871
1750053471.282117	22	1013	1878
1750053476.2967427	22	1015	1889
1750053481.3112857	22	1018	1900
1750053486.334286	22	1019	1910
1750053491.3493621	22	1027	1919
1750053496.3689787	22	1031	1928
1750053501.3834682	22	1034	1936
1750053506.4029546	22	1036	1941
1750053511.4171982	22	1040	1947
1750053516.4329326	22	1045	1954
1750053521.4486299	22	1047	1958
1750053526.4632547	22	1049	1964
1750053531.4766767	22	1052	1975
1750053536.4904373	22	1054	1983
1750053541.5046318	22	1055	1986
1750053546.520024	23	1059	1996
1750053551.5341034	23	1064	1999
1750053556.547054	23	1066	2004
1750053561.561936	23	1068	2013
1750053566.5759273	23	1073	2022
1750053571.5908277	23	1077	2028
1750053576.6053197	23	1080	2032
1750053581.6193469	23	1081	2041
1750053586.6337204	23	1084	2048
1750053591.6465728	23	1090	2055
1750053596.6643577	23	1095	2059
1750053601.6826494	23	1099	2064
1750053606.6978478	23	1106	2069
1750053611.7116835	23	1114	2073
1750053616.7256446	23	1117	2079
1750053621.740023	23	1119	2091
1750053626.7543292	23	1121	2100
1750053631.7757847	23	1125	2103
1750053636.7879848	23	1129	2110
1750053641.8105283	23	1132	2120
1750053646.8247876	23	1134	2128
1750053651.843632	23	1139	2136
1750053656.857668	24	1148	2146
1750053661.872628	24	1152	2153
1750053666.885566	24	1156	2164
1750053671.9001505	24	1156	2174
1750053676.91464	24	1163	2177
1750053681.929322	24	1164	2182
1750053686.9439492	24	1168	2192
1750053691.9582648	24	1170	2197
1750053696.9780943	24	1174	2201
1750053701.9923909	24	1175	2205
1750053707.0137541	24	1177	2212
1750053712.0285249	24	1179	2217
1750053717.0441203	25	1187	2225
1750053722.0573406	25	1190	2231
1750053727.0702066	25	1191	2240
1750053732.0883515	25	1194	2246
1750053737.1027129	25	1202	2252
1750053742.1170228	25	1203	2262
1750053747.1304533	25	1205	2265
1750053752.1451752	25	1208	2269
1750053757.159801	25	1210	2275
1750053762.1820695	25	1212	2281
1750053767.196102	25	1215	2288
1750053772.2100022	25	1219	2293
1750053777.2239902	25	1226	2299
1750053782.2380784	25	1226	2307
1750053787.2522254	25	1228	2311
1750053792.272464	25	1232	2315
1750053797.2872012	25	1239	2325
1750053802.301774	25	1241	2332
1750053807.315496	26	1243	2343
1750053812.3306775	26	1248	2351
1750053817.3452442	26	1250	2355
1750053822.3623204	26	1258	2365
1750053827.383162	26	1263	2371
1750053832.3981347	26	1265	2377
1750053837.4131165	26	1271	2384
1750053842.427758	26	1274	2392
1750053847.442326	26	1276	2399
1750053852.45553	26	1280	2406
1750053857.4746225	26	1283	2419
1750053862.488872	26	1287	2425
1750053867.5029218	26	1292	2431
1750053872.5168219	26	1296	2438
1750053877.5297742	26	1301	2448
1750053882.5436747	26	1305	2451
1750053887.5645013	26	1307	2459
1750053892.5848458	26	1315	2466
1750053897.599009	26	1321	2471
1750053902.6136703	26	1324	2484
1750053907.6277108	26	1329	2491
1750053912.641585	26	1329	2501
1750053917.6555781	26	1331	2512
1750053922.6758711	26	1332	2517
1750053927.6890175	26	1335	2522
1750053932.709413	26	1340	2522
1750053937.723478	26	1345	2530
1750053942.735944	26	1350	2536
1750053947.7487662	26	1356	2542
1750053952.7687173	26	1362	2546
1750053957.7894082	26	1367	2551
1750053962.8048756	26	1375	2558
1750053967.8190796	26	1381	2563
1750053972.833856	26	1389	2569
1750053977.8480368	26	1393	2572
1750053982.861064	26	1396	2579
1750053987.8813162	26	1400	2589
1750053992.8955991	26	1402	2599
1750053997.9154985	26	1405	2604
1750054002.930214	26	1408	2607
1750054007.9465175	26	1410	2614
1750054012.9595957	26	1415	2623
1750054017.9731832	27	1417	2630
1750054022.9877737	27	1421	2635
1750054028.0027592	27	1425	2642
1750054033.0168808	27	1428	2651
1750054038.0294971	27	1433	2654
1750054043.0425556	27	1435	2658
1750054048.0561738	27	1440	2665
1750054053.0711658	27	1445	2672
1750054058.0848427	27	1448	2682
1750054063.098344	27	1450	2688
1750054068.1121573	27	1459	2699
1750054073.1264672	27	1465	2703
1750054078.1403806	27	1468	2707
1750054083.154816	27	1471	2717
1750054088.1682644	27	1475	2720
1750054093.1825485	27	1477	2723
1750054098.1958976	27	1478	2728
1750054103.2114196	27	1483	2735
1750054108.2262824	27	1487	2739
1750054113.24075	27	1492	2745
1750054118.2557185	27	1494	2756
1750054123.2701201	27	1501	2757
1750054128.2844338	27	1502	2763
1750054133.3063369	27	1508	2771
1750054138.320835	27	1510	2777
1750054143.3393977	27	1517	2785
1750054148.3538566	27	1522	2791
1750054153.3731656	27	1524	2792
1750054158.3867455	27	1526	2799
1750054163.4013383	27	1527	2804
1750054168.417163	27	1530	2814
1750054173.4303384	27	1535	2824
1750054178.443991	28	1542	2830
1750054183.4594018	28	1542	2833
1750054188.4744349	28	1544	2839
1750054193.4915373	28	1546	2846
1750054198.5061505	28	1549	2859
1750054203.521351	28	1554	2870
1750054208.534854	28	1558	2873
1750054213.549852	28	1561	2887
1750054218.562657	28	1565	2893
1750054223.57587	28	1566	2905
1750054228.5898507	28	1571	2913
1750054233.6052532	28	1575	2923
1750054238.6196246	28	1578	2932
1750054243.6329436	28	1579	2939
1750054248.648329	28	1580	2947
1750054253.6631958	28	1585	2950
1750054258.678236	28	1591	2956
1750054263.692342	28	1596	2960
1750054268.706252	28	1600	2965
1750054273.7203484	28	1605	2973
1750054278.7387443	28	1608	2983
1750054283.7533221	28	1610	2988
1750054288.773084	28	1612	2995
1750054293.78771	28	1616	3003
1750054298.8062735	28	1618	3007
1750054303.8194594	28	1620	3016
1750054308.8336723	28	1621	3022
1750054313.8520117	28	1625	3029
1750054318.866538	28	1631	3042
1750054323.881541	28	1633	3054
1750054328.8956618	28	1638	3059
1750054333.9088778	28	1642	3063
1750054338.9224443	28	1646	3068
1750054343.9445038	28	1648	3075
1750054348.9589174	28	1650	3081
1750054353.9808552	28	1653	3088
1750054358.9937634	28	1658	3096
1750054364.0088828	28	1667	3100
1750054369.0233645	28	1671	3109
1750054374.0376608	28	1678	3116
1750054379.0530019	28	1681	3121
1750054384.0672889	28	1685	3129
1750054389.0809076	28	1687	3142
1750054394.0950904	28	1697	3148
1750054399.109091	28	1699	3154
1750054404.1231372	28	1702	3162
1750054409.14382	28	1708	3171
1750054414.1564941	29	1713	3176
1750054419.1701267	30	1718	3179
1750054424.1838355	30	1720	3185
1750054429.197784	30	1726	3194
1750054434.212065	31	1731	3205
1750054439.2269955	31	1732	3212
1750054444.2419875	32	1738	3219
1750054449.2558508	32	1742	3221
1750054454.2695189	32	1745	3226
1750054459.2837837	32	1749	3233
1750054464.2982633	32	1752	3237
1750054469.312878	32	1755	3245
1750054474.3269897	32	1757	3249
1750054479.3415704	32	1757	3257
1750054484.3552623	32	1761	3263
1750054489.3729181	32	1770	3273
1750054494.386557	32	1774	3281
1750054499.4001644	32	1776	3290
1750054504.4155962	32	1779	3299
1750054509.4297159	32	1780	3301
1750054514.444447	32	1786	3309
1750054519.4667795	32	1793	3315
1750054524.4801178	32	1795	3325
1750054529.4942653	32	1796	3336
1750054534.5089912	32	1801	3340
1750054539.5233405	32	1808	3347
1750054544.5378478	32	1809	3350
1750054549.5529845	32	1811	3361
1750054554.574545	32	1813	3369
1750054559.5876167	32	1814	3376
1750054564.6019332	32	1822	3388
1750054569.6163404	32	1826	3392
1750054574.6308737	32	1833	3396
1750054579.6450584	32	1836	3403
1750054584.66708	32	1840	3412
1750054589.6817613	32	1844	3416
1750054594.698998	32	1851	3426
1750054599.713535	33	1856	3434
1750054604.7275488	33	1859	3442
1750054609.742358	33	1859	3452
1750054614.760054	33	1861	3463
1750054619.779679	33	1864	3467
1750054624.7935736	33	1866	3476
1750054629.808413	33	1870	3483
1750054634.8226805	34	1878	3494
1750054639.8372836	34	1882	3499
1750054644.8507981	34	1886	3507
1750054649.865197	34	1889	3513
1750054654.8796427	34	1890	3523
1750054659.8923056	34	1892	3537
1750054664.9061692	34	1897	3545
1750054669.9218206	34	1900	3549
1750054674.9368398	34	1907	3555
1750054679.953431	34	1908	3566
1750054684.9672408	34	1910	3575
1750054689.9815578	35	1915	3583
1750054694.9990602	35	1922	3589
1750054700.013759	35	1927	3595
1750054705.0284455	35	1933	3598
1750054710.0408137	35	1937	3603
1750054715.0528932	35	1941	3612
1750054720.0654974	35	1943	3618
1750054725.0865884	35	1950	3626
1750054730.0998452	35	1954	3633
1750054735.1181352	35	1959	3640
1750054740.13088	35	1961	3652
1750054745.1464145	35	1964	3660
1750054750.1652846	36	1971	3669
1750054755.1796901	36	1974	3678
1750054760.1928396	36	1977	3690
1750054765.2056031	36	1978	3697
1750054770.2195315	36	1978	3709
1750054775.2348332	36	1979	3718
1750054780.2488773	36	1983	3721
1750054785.263008	36	1988	3731
1750054790.275684	37	1991	3738
1750054795.2900364	37	1996	3743
1750054800.30466	37	2002	3750
1750054805.3192914	37	2004	3757
1750054810.3323624	37	2009	3764
1750054815.3446033	37	2015	3773
1750054820.3573136	37	2019	3780
1750054825.3762238	38	2024	3789
1750054830.3943315	38	2028	3801
1750054835.4077327	39	2033	3807
1750054840.4227457	39	2038	3810
1750054845.4373088	39	2042	3816
1750054850.451066	39	2044	3821
1750054855.4638963	39	2048	3828
1750054860.4793963	39	2051	3835
1750054865.492525	39	2054	3840
1750054870.5068984	39	2058	3844
1750054875.522649	39	2063	3851
1750054880.537392	39	2070	3857
1750054885.552514	39	2070	3863
1750054890.5665262	39	2074	3871
1750054895.5812142	40	2079	3878
1750054900.5955424	40	2084	3884
1750054905.6106176	42	2093	3896
1750054910.62589	43	2098	3905
1750054915.6395953	43	2098	3914
1750054920.654489	44	2108	3923
1750054925.6689615	44	2111	3928
1750054930.6834793	44	2112	3934
1750054935.6969154	45	2115	3940
1750054940.7098465	45	2119	3952
1750054945.7236323	45	2122	3960
1750054950.7390938	45	2127	3967
1750054955.7530124	46	2132	3972
1750054960.7678275	46	2138	3982
1750054965.782326	46	2144	3985
1750054970.7965837	46	2149	3996
1750054975.8095574	46	2152	4005
1750054980.8230708	47	2158	4014
1750054985.8371997	47	2165	4024
1750054990.859172	47	2168	4030
1750054995.8720365	47	2173	4035
1750055000.8844063	47	2176	4039
1750055005.897132	47	2183	4042
1750055010.9107525	47	2187	4048
1750055015.9254994	47	2191	4052
1750055020.9381611	48	2196	4059
1750055025.9583619	48	2206	4068
1750055030.97176	48	2208	4078
1750055035.9859004	48	2217	4087
1750055041.004698	48	2223	4094
1750055046.0191998	48	2225	4101
1750055051.0328846	48	2232	4106
1750055056.045895	48	2235	4110
1750055061.0587368	48	2238	4120
1750055066.0731614	48	2240	4126
1750055071.089071	48	2242	4135
1750055076.109199	48	2246	4136
1750055081.123815	48	2248	4143
1750055086.1374028	49	2252	4153
1750055091.151165	49	2254	4158
1750055096.1661046	49	2261	4164
1750055101.1810076	49	2265	4172
1750055106.1991122	49	2268	4178
1750055111.2116375	49	2274	4182
1750055116.2237494	49	2277	4185
1750055121.2417383	49	2277	4191
1750055126.2546864	49	2281	4193
1750055131.2686203	49	2284	4202
1750055136.2835054	49	2286	4209
1750055141.296176	49	2292	4215
1750055146.3127825	50	2295	4225
1750055151.3261461	50	2298	4233
1750055156.3405137	50	2301	4238
1750055161.3549411	50	2307	4245
1750055166.370298	50	2313	4250
1750055171.3836262	50	2315	4256
1750055176.3984559	50	2319	4266
1750055181.4114408	50	2322	4276
1750055186.4236622	50	2328	4281
1750055191.438691	50	2332	4291
1750055196.4535642	52	2336	4298
1750055201.474634	52	2340	4307
1750055206.4886103	52	2345	4318
1750055211.5024192	52	2351	4323
1750055216.515925	52	2356	4326
1750055221.5285382	52	2361	4334
1750055226.5420055	52	2363	4341
1750055231.5563755	52	2366	4354
1750055236.5719388	52	2370	4364
1750055241.586512	52	2376	4368
1750055246.6009188	52	2381	4377
1750055251.6152196	52	2384	4384
1750055256.6302109	52	2387	4388
1750055261.6446903	52	2393	4395
1750055266.6599436	52	2395	4404
1750055271.6739392	52	2399	4414
1750055276.6890826	52	2400	4424
1750055281.706664	52	2403	4432
1750055286.7209718	52	2407	4441
1750055291.7342763	52	2412	4446
1750055296.7476048	52	2417	4450
1750055301.76102	52	2419	4461
1750055306.773682	53	2421	4472
1750055311.786126	53	2425	4480
1750055316.7991858	54	2428	4492
1750055321.8124602	54	2430	4496
1750055326.8257103	54	2440	4502
1750055331.837903	54	2442	4508
1750055336.851026	54	2447	4514
1750055341.864107	55	2453	4522
1750055346.8772938	55	2457	4530
1750055351.8899455	55	2460	4540
1750055356.9089687	55	2466	4545
1750055361.9214928	55	2471	4553
1750055366.9356368	55	2473	4559
1750055371.9487536	55	2476	4566
1750055376.963427	55	2476	4576
1750055381.9779148	55	2482	4578
1750055386.9928117	56	2484	4582
1750055392.0061963	56	2488	4590
1750055397.0254335	56	2494	4604
1750055402.0377638	56	2498	4610
1750055407.0508516	56	2501	4612
1750055412.0681655	57	2505	4620
1750055417.0812662	57	2510	4624
1750055422.0963383	57	2512	4631
1750055427.11062	57	2517	4635
1750055432.1240904	57	2521	4641
1750055437.1394675	57	2526	4647
1750055442.15388	57	2528	4657
1750055447.168156	57	2534	4668
1750055452.1828868	57	2537	4672
1750055457.1978395	57	2540	4677
1750055462.2121627	57	2541	4684
1750055467.2311378	57	2544	4687
1750055472.2442038	57	2551	4693
1750055477.2572732	57	2559	4696
1750055482.2717974	57	2563	4704
1750055487.291353	57	2569	4712
1750055492.3112245	57	2574	4717
1750055497.3260665	58	2578	4724
1750055502.3394203	58	2583	4732
1750055507.3523579	58	2587	4741
1750055512.3664265	58	2591	4747
1750055517.3801756	58	2596	4752
1750055522.3968503	58	2601	4762
1750055527.4101572	58	2603	4768
1750055532.4228125	59	2606	4781
1750055537.4365504	59	2609	4787
1750055542.4507864	59	2615	4797
1750055547.4649348	59	2622	4808
1750055552.4780562	59	2624	4812
1750055557.4921052	59	2629	4821
1750055562.5058055	59	2633	4828
1750055567.523528	59	2636	4833
1750055572.5425763	60	2640	4846
1750055577.5575554	60	2643	4856
1750055582.5715475	60	2646	4860
1750055587.585838	60	2650	4867
1750055592.6012907	61	2654	4875
1750055597.6141303	61	2660	4879
1750055602.635718	61	2662	4887
1750055607.6487553	61	2667	4894
1750055612.6680505	61	2670	4898
1750055617.6814046	61	2674	4910
1750055622.6952622	61	2678	4921
1750055627.7087605	61	2681	4929
1750055632.72634	62	2687	4938
1750055637.7446303	62	2692	4945
1750055642.757749	62	2701	4954
1750055647.7717867	62	2706	4964
1750055652.7844348	62	2712	4976
1750055657.7989037	62	2715	4978
1750055662.812058	62	2718	4990
1750055667.824404	62	2724	4998
1750055672.840113	62	2729	5013
1750055677.8524005	62	2733	5019
1750055682.865241	62	2736	5028
1750055687.8789997	62	2737	5035
1750055692.8943229	62	2740	5041
1750055697.9068105	62	2745	5053
1750055702.9196188	62	2749	5061
1750055707.9321413	62	2752	5068
1750055712.9450176	62	2758	5074
1750055717.958081	63	2763	5080
1750055722.9703903	63	2768	5086
1750055727.9843252	64	2772	5094
1750055732.9968116	65	2776	5105
1750055738.0097399	65	2780	5114
1750055743.022464	65	2783	5118
1750055748.034571	65	2787	5126
1750055753.0472975	65	2793	5132
1750055758.0645535	65	2795	5142
1750055763.0772746	65	2800	5152
1750055768.0977395	65	2802	5164
1750055773.1114397	65	2807	5175
1750055778.1235044	65	2811	5181
1750055783.1407	65	2819	5190
1750055788.1538396	65	2821	5194
1750055793.168565	65	2826	5203
1750055798.182333	65	2828	5208
1750055803.1963007	66	2831	5214
1750055808.209551	66	2836	5218
1750055813.2225542	66	2840	5227
1750055818.2370033	66	2844	5234
1750055823.2502487	67	2849	5245
1750055828.263946	67	2854	5252
1750055833.2780719	67	2856	5258
1750055838.2922716	67	2859	5264
1750055843.305824	67	2864	5268
1750055848.3194213	67	2867	5272
1750055853.3321488	67	2870	5279
1750055858.3492804	68	2874	5288
1750055863.3703945	68	2879	5294
1750055868.3839028	68	2887	5304
1750055873.3976448	68	2890	5315
1750055878.4105659	68	2894	5322
1750055883.4234626	68	2902	5327
1750055888.43797	68	2908	5337
1750055893.4527514	68	2913	5345
1750055898.4666948	68	2916	5354
1750055903.4819407	68	2920	5361
1750055908.4946213	68	2925	5370
1750055913.5095127	69	2928	5376
1750055918.5245876	69	2930	5388
1750055923.539106	69	2931	5396
1750055928.5515597	69	2935	5406
1750055933.5635352	69	2941	5411
1750055938.577985	69	2945	5420
1750055943.5923638	69	2950	5428
1750055948.6123073	69	2954	5438
1750055953.6256127	69	2955	5442
1750055958.6392684	69	2962	5449
1750055963.6524954	70	2968	5461
1750055968.671563	70	2973	5470
1750055973.6864247	70	2978	5479
1750055978.703316	70	2981	5481
1750055983.7177489	70	2987	5488
1750055988.7322073	70	2992	5493
1750055993.7455237	71	2999	5504
1750055998.7589097	71	3003	5510
1750056003.772927	71	3005	5519
1750056008.786832	71	3008	5527
1750056013.8012784	71	3016	5534
1750056018.8203971	71	3019	5540
1750056023.8354254	71	3026	5545
1750056028.8508275	71	3035	5552
1750056033.865755	71	3044	5556
1750056038.8789632	72	3050	5567
1750056043.891312	72	3055	5577
1750056048.9105313	72	3058	5589
1750056053.9247453	72	3066	5600
1750056058.9464118	72	3074	5612
1750056063.9608405	72	3078	5621
1750056068.9751005	73	3088	5630
1750056073.9964073	73	3096	5640
1750056079.0094512	73	3104	5651
1750056084.0237525	73	3113	5661
1750056089.0384388	73	3123	5668
1750056094.0528138	73	3132	5682
1750056099.0737534	74	3140	5691
1750056104.0884118	76	3151	5702
1750056109.1036153	77	3161	5712
1750056114.1174562	77	3171	5724
1750056119.130822	78	3178	5735
1750056124.1447232	78	3182	5748
1750056129.1670544	79	3191	5758
1750056134.182032	79	3197	5769
1750056139.1964471	79	3204	5776
1750056144.2116134	79	3212	5788
1750056149.233942	79	3219	5792
1750056154.2535284	79	3226	5801
1750056159.2679703	79	3231	5811
1750056164.283495	79	3238	5826
1750056169.297166	79	3244	5833
1750056174.3107533	79	3251	5838
1750056179.3290422	80	3262	5846
1750056184.344234	80	3268	5858
1750056189.3589559	80	3273	5868
1750056194.371699	80	3280	5874
1750056199.386157	81	3291	5887
1750056204.3997338	81	3293	5900
1750056209.4154053	81	3303	5906
1750056214.4298246	81	3314	5917
1750056219.4438462	81	3324	5933
1750056224.458533	81	3331	5942
1750056229.4735057	81	3340	5950
1750056234.4885783	81	3348	5953
1750056239.5033064	81	3354	5960
1750056244.5187643	81	3360	5968
1750056249.5332763	82	3365	5977
1750056254.5473387	82	3374	5984
1750056259.5618122	82	3380	5994
1750056264.5753868	83	3386	6006
1750056269.58891	83	3391	6016
1750056274.6025612	83	3397	6024
1750056279.6167881	83	3405	6031
1750056284.6313717	83	3409	6042
1750056289.6458983	83	3417	6050
1750056294.6601229	84	3423	6054
1750056299.6745062	84	3431	6065
1750056304.6893892	84	3439	6078
1750056309.7041807	84	3443	6090
1750056314.7186096	84	3450	6096
1750056319.733117	84	3455	6107
1750056324.7512121	84	3463	6117
1750056329.7662814	84	3471	6123
1750056334.7804146	84	3475	6136
1750056339.7931612	85	3483	6148
1750056344.8054755	85	3487	6155
1750056349.81986	86	3495	6166
1750056354.835615	86	3500	6171
1750056359.8496935	87	3506	6183
1750056364.8638058	87	3512	6191
1750056369.8767533	87	3516	6197
1750056374.9004936	87	3527	6208
1750056379.919661	87	3532	6219
1750056384.9339387	87	3541	6234
1750056389.9483573	87	3550	6248
1750056394.9640992	89	3559	6263
1750056399.979304	89	3572	6277
1750056404.9925878	89	3581	6289
1750056410.0070405	89	3594	6298
1750056415.0230918	90	3600	6305
1750056420.0364287	90	3611	6310
1750056425.0507782	90	3621	6321
1750056430.064275	90	3627	6330
1750056435.0822043	92	3642	6345
1750056440.0955932	92	3660	6359
1750056445.1081326	92	3668	6368
1750056450.1216843	92	3681	6377
1750056455.1342378	92	3692	6392
1750056460.1468933	92	3699	6402
1750056465.159555	92	3702	6411
1750056470.1746745	92	3710	6425
1750056475.1869705	92	3716	6435
1750056480.2025008	92	3731	6442
1750056485.2148752	92	3741	6452
1750056490.2271345	92	3749	6464
1750056495.2397408	92	3758	6476
1750056500.2604716	92	3764	6487
1750056505.2825036	92	3772	6501
1750056510.2951846	92	3784	6510
1750056515.3090744	92	3793	6519
1750056520.3254952	92	3796	6529
1750056525.3474195	92	3801	6538
1750056530.3607447	92	3805	6548
1750056535.3757813	92	3813	6554
1750056540.3901172	92	3819	6562
1750056545.4039311	93	3824	6573
1750056550.4186175	93	3830	6585
1750056555.431159	93	3837	6603
1750056560.4511228	93	3847	6616
1750056565.4650273	93	3851	6624
1750056570.4790316	94	3860	6636
1750056575.4924812	94	3870	6653
1750056580.5129879	94	3872	6661
1750056585.526176	94	3883	6676
1750056590.541066	94	3888	6684
1750056595.5552945	94	3896	6693
1750056600.576518	94	3904	6707
1750056605.5937297	94	3911	6714
1750056610.6076164	94	3923	6725
1750056615.6233473	94	3932	6734
1750056620.6361887	94	3942	6743
1750056625.6498153	94	3949	6756
1750056630.6623578	94	3958	6768
1750056635.6763806	94	3963	6782
1750056640.6962757	94	3967	6795
1750056645.7118478	94	3972	6808
1750056650.7261624	94	3986	6822
1750056655.7392573	94	3993	6828
1750056660.7559018	94	4000	6835
1750056665.7700908	94	4007	6848
1750056670.7849953	94	4013	6855
1750056675.7994597	94	4022	6867
1750056680.8182063	94	4028	6880
1750056685.833193	94	4033	6894
1750056690.84724	94	4044	6902
1750056695.8614051	94	4051	6912
1750056700.876534	94	4060	6923
1750056705.889445	94	4067	6933
1750056710.9123297	94	4077	6940
1750056715.9259315	95	4085	6957
1750056720.9443066	95	4099	6969
1750056725.9585116	96	4104	6986
1750056730.972679	96	4113	6996
1750056735.991623	96	4123	7008
1750056741.004843	96	4128	7017
1750056746.019258	96	4139	7022
1750056751.0336492	97	4148	7035
1750056756.0478966	97	4157	7045
1750056761.0621624	97	4164	7052
1750056766.076973	97	4167	7060
1750056771.0964787	97	4174	7068
1750056776.110473	97	4181	7075
1750056781.124294	97	4188	7086
1750056786.1392908	97	4192	7098
1750056791.1604245	97	4199	7105
1750056796.1748784	97	4205	7120
1750056801.195377	98	4220	7133
1750056806.209817	98	4228	7144
1750056811.2241728	99	4236	7158
1750056816.2427003	99	4245	7169
1750056821.2582438	100	4257	7176
1750056826.2737176	100	4262	7180
1750056831.2891083	100	4269	7189
1750056836.3035088	100	4278	7201
1750056841.3200874	100	4282	7212
1750056846.3358898	100	4289	7217
1750056851.3508313	100	4290	7222
1750056856.3658836	100	4299	7241
1750056861.3798532	100	4309	7249
1750056866.3949609	100	4314	7256
1750056871.4110086	100	4321	7262
1750056876.4258356	100	4326	7271
1750056881.4412923	100	4331	7281
1750056886.4560277	100	4341	7293
1750056891.475014	100	4342	7296
1750056896.4955826	101	4349	7304
1750056901.510623	101	4357	7312
1750056906.5260327	101	4369	7320
1750056911.5409036	101	4379	7333
1750056916.5554457	101	4391	7339
1750056921.5705862	101	4398	7347
1750056926.5855546	102	4410	7356
1750056931.6018429	102	4417	7367
1750056936.6176708	102	4424	7375
1750056941.633558	103	4430	7385
1750056946.648083	104	4434	7401
1750056951.6623206	104	4440	7413
1750056956.6767468	104	4445	7425
1750056961.690787	105	4451	7436
1750056966.7066178	105	4458	7455
1750056971.7285974	105	4463	7462
1750056976.7516625	105	4469	7473
1750056981.7667441	105	4475	7485
1750056986.782729	105	4482	7495
1750056991.7974472	105	4487	7504
1750056996.811596	105	4493	7514
1750057001.8268843	105	4500	7523
1750057006.842301	105	4506	7531
1750057011.8575602	105	4514	7541
1750057016.8737206	105	4522	7552
1750057021.8899398	105	4534	7563
1750057026.9042137	105	4537	7572
1750057031.9182343	105	4542	7581
1750057036.9330206	105	4546	7590
1750057041.948316	105	4552	7599
1750057046.9639053	105	4561	7609
1750057051.9781737	105	4569	7627
1750057056.9921021	105	4574	7644
1750057062.0056925	105	4579	7652
1750057067.0203676	105	4583	7660
1750057072.039823	105	4588	7671
1750057077.0539923	105	4595	7677
1750057082.0697496	105	4607	7684
1750057087.0840726	105	4613	7690
1750057092.0990689	105	4621	7697
1750057097.11483	105	4626	7709
1750057102.1290927	105	4631	7717
1750057107.1448448	105	4641	7723
1750057112.1605191	105	4650	7733
1750057117.1741292	106	4656	7743
1750057122.1890116	106	4667	7751
1750057127.2035916	106	4678	7762
1750057132.2175791	107	4691	7767
1750057137.2317493	107	4699	7776
1750057142.2457726	107	4709	7782
1750057147.2616608	107	4717	7797
1750057152.2762163	107	4721	7808
1750057157.2956402	108	4731	7821
1750057162.310856	108	4736	7831
1750057167.324988	108	4740	7842
1750057172.338647	108	4741	7852
1750057177.3578558	108	4747	7860
1750057182.3726726	108	4751	7868
1750057187.3886733	108	4762	7883
1750057192.4036748	108	4771	7898
1750057197.4183054	109	4779	7906
1750057202.4324381	109	4784	7921
1750057207.4464686	109	4790	7935
1750057212.4612746	109	4798	7938
1750057217.475049	109	4803	7950
1750057222.4908283	109	4811	7961
1750057227.5052826	109	4820	7975
1750057232.5194871	111	4836	7985
1750057237.5337188	111	4844	7996
1750057242.554559	112	4850	8006
1750057247.569102	112	4856	8011
1750057252.5832279	112	4861	8020
1750057257.5972142	112	4868	8029
1750057262.6114035	112	4877	8041
1750057267.625389	112	4888	8051
1750057272.639477	112	4893	8058
1750057277.655152	113	4902	8069
1750057282.6698582	113	4913	8083
1750057287.6843305	113	4920	8093
1750057292.6988254	113	4926	8105
1750057297.7127128	113	4930	8121
1750057302.726845	113	4939	8127
1750057307.7412388	113	4944	8134
1750057312.7559566	113	4954	8142
1750057317.7694826	113	4963	8151
1750057322.7838707	114	4975	8159
1750057327.7974696	114	4988	8167
1750057332.813108	114	4998	8171
1750057337.8274255	114	5004	8180
1750057342.845681	115	5013	8186
1750057347.8663979	115	5023	8195
1750057352.8802493	115	5027	8203
1750057357.9081419	115	5033	8210
1750057362.922773	115	5036	8218
1750057367.936802	115	5043	8235
1750057372.9511907	115	5050	8243
1750057377.9672453	115	5060	8255
1750057382.982074	115	5067	8264
1750057387.9972858	115	5074	8275
1750057393.0126505	115	5085	8284
1750057398.0280573	115	5089	8297
1750057403.0423295	115	5097	8308
1750057408.0585535	115	5103	8313
1750057413.0742052	115	5114	8321
1750057418.0885236	115	5120	8334
1750057423.1034522	115	5128	8343
1750057428.117942	115	5138	8359
1750057433.1329708	116	5141	8371
1750057438.1488643	116	5148	8382
1750057443.170158	116	5153	8394
1750057448.1861796	116	5163	8409
1750057453.2024362	116	5177	8419
1750057458.2179213	116	5185	8430
1750057463.2345657	116	5193	8442
1750057468.2494261	117	5199	8453
1750057473.2642276	117	5206	8459
1750057478.2782073	117	5216	8465
1750057483.2933187	117	5223	8475
1750057488.309079	118	5231	8485
1750057493.329369	118	5242	8493
1750057498.3446505	120	5252	8507
1750057503.359986	120	5260	8514
1750057508.374496	120	5266	8526
1750057513.389892	120	5279	8535
1750057518.4073093	120	5285	8546
1750057523.4235685	120	5290	8565
1750057528.43847	121	5294	8579
1750057533.4536521	121	5303	8591
1750057538.4688485	121	5306	8598
1750057543.4847538	122	5314	8606
1750057548.5012398	122	5323	8614
1750057553.5167103	122	5330	8622
1750057558.5306158	123	5343	8633
1750057563.5459716	123	5349	8639
1750057568.5682235	123	5356	8645
1750057573.5907998	124	5361	8656
1750057578.6063838	124	5367	8665
1750057583.6213183	124	5376	8674
1750057588.6369874	124	5387	8683
1750057593.6525686	124	5398	8687
1750057598.6682596	124	5404	8699
1750057603.6829302	124	5410	8705
1750057608.6985137	124	5418	8717
1750057613.7139292	124	5425	8731
1750057618.7289183	125	5435	8742
1750057623.7443502	125	5441	8754
1750057628.7599194	125	5444	8760
1750057633.7753024	125	5451	8769
1750057638.7896547	125	5461	8778
1750057643.8043954	125	5465	8790
1750057648.8243377	125	5472	8796
1750057653.8393128	125	5481	8810
1750057658.8552723	125	5493	8820
1750057663.8713968	126	5501	8831
1750057668.8870592	126	5508	8839
1750057673.903432	127	5520	8851
1750057678.9184608	127	5526	8869
1750057683.9331663	127	5533	8874
1750057688.9545186	127	5542	8881
1750057693.9692347	127	5551	8886
1750057698.9846988	127	5558	8890
1750057704.0037556	127	5564	8898
1750057709.0193064	129	5569	8912
1750057714.0348516	129	5580	8925
1750057719.0498817	129	5588	8930
1750057724.0659816	129	5596	8937
1750057729.08487	129	5600	8947
1750057734.1015723	129	5612	8952
1750057739.1167269	129	5619	8968
1750057744.1312926	129	5622	8974
1750057749.1456082	129	5632	8987
1750057754.1606865	129	5643	8994
1750057759.1758955	129	5652	9005
1750057764.1905212	130	5658	9018
1750057769.2051833	130	5662	9032
1750057774.2213264	130	5671	9039
1750057779.2414694	130	5684	9048
1750057784.2620902	130	5693	9064
1750057789.2774987	130	5699	9072
1750057794.291962	131	5710	9086
1750057799.307286	131	5718	9097
1750057804.3227594	131	5728	9109
1750057809.339174	131	5740	9122
1750057814.3615685	131	5748	9130
1750057819.3764818	131	5753	9140
1750057824.3905177	131	5765	9148
1750057829.4056933	131	5774	9154
1750057834.4212859	131	5781	9166
1750057839.4363866	131	5791	9177
1750057844.451882	131	5797	9191
1750057849.4669333	131	5803	9195
1750057854.482171	131	5810	9206
1750057859.498689	131	5820	9217
1750057864.5137556	132	5826	9222
1750057869.5290706	132	5834	9233
1750057874.544014	132	5845	9243
1750057879.5594814	132	5857	9259
1750057884.575494	134	5866	9268
1750057889.5908117	134	5875	9279
1750057894.606399	135	5883	9286
1750057899.6220014	135	5887	9298
1750057904.6371088	135	5892	9309
1750057909.6527755	135	5901	9321
1750057914.6692467	136	5909	9329
1750057919.6830573	136	5918	9336
1750057924.6976392	136	5924	9346
1750057929.7138236	136	5932	9359
1750057934.7289503	136	5939	9368
1750057939.7520227	136	5949	9380
1750057944.7744505	136	5960	9388
1750057949.7883177	136	5964	9402
1750057954.8021162	136	5970	9418
1750057959.8163748	136	5976	9422
1750057964.8319182	136	5981	9435
1750057969.8483891	138	5992	9446
1750057974.8640578	139	6000	9452
1750057979.8821018	139	6004	9460
1750057984.8964052	140	6008	9468
1750057989.911549	140	6019	9481
1750057994.9288952	140	6027	9496
1750057999.944126	140	6035	9506
1750058004.9599018	142	6047	9518
1750058009.9750643	143	6051	9528
1750058014.9914815	144	6064	9540
1750058020.0122173	144	6068	9554
1750058025.028342	144	6074	9562
1750058030.0429502	144	6081	9574
1750058035.0574138	144	6087	9589
1750058040.071565	144	6094	9595
1750058045.08753	145	6102	9606
1750058050.1052232	145	6113	9618
1750058055.1214566	146	6119	9628
1750058060.1383452	146	6125	9636
1750058065.1542616	146	6135	9645
1750058070.1680403	146	6140	9659
1750058075.1874177	146	6150	9672
1750058080.2033806	146	6160	9685
1750058085.2190576	146	6169	9697
1750058090.234711	146	6181	9706
1750058095.2501857	146	6194	9714
1750058100.265861	146	6204	9724
1750058105.2814953	146	6209	9731
1750058110.2965245	146	6220	9733
1750058115.311243	146	6224	9741
1750058120.3263142	147	6229	9748
1750058125.342717	147	6238	9764
1750058130.3566842	147	6244	9774
1750058135.3717523	147	6252	9783
1750058140.3876078	147	6259	9789
1750058145.4028509	147	6262	9805
1750058150.4206011	147	6269	9817
1750058155.4417462	147	6279	9830
1750058160.4569693	147	6290	9843
1750058165.4724941	147	6299	9854
1750058170.4874384	147	6307	9861
1750058175.5028596	148	6315	9870
1750058180.518386	148	6325	9877
1750058185.5342045	148	6341	9887
1750058190.5495222	148	6347	9899
1750058195.565073	148	6354	9908
1750058200.580856	148	6361	9922
1750058205.5971568	148	6371	9930
1750058210.6122994	148	6377	9938
1750058215.6261523	148	6387	9945
1750058220.6403375	148	6398	9950
1750058225.6566248	149	6402	9955
1750058230.6761792	149	6407	9968
1750058235.6988115	149	6413	9987
1750058240.7132397	150	6420	9993
1750058245.728699	150	6424	10001
1750058250.7449553	150	6430	10016
1750058255.7611642	150	6437	10033
1750058260.7780247	150	6443	10044
1750058265.7946465	150	6453	10053
1750058270.812867	150	6458	10059
1750058275.82939	150	6464	10068
1750058280.8445954	150	6470	10079
1750058285.8642766	150	6476	10089
1750058290.8790247	150	6481	10100
1750058295.8950477	150	6491	10107
1750058300.9099548	150	6494	10117
1750058305.9247942	150	6499	10127
1750058310.9398928	150	6506	10137
1750058315.954994	150	6516	10139
1750058320.970609	150	6523	10151
1750058325.9854329	150	6532	10160
1750058331.0007167	150	6539	10166
1750058336.0181003	150	6546	10180
1750058341.0338728	151	6554	10191
1750058346.0504048	151	6558	10200
1750058351.0666535	151	6565	10212
1750058356.0862076	151	6577	10222
1750058361.1014407	151	6589	10228
1750058366.1164873	151	6600	10238
1750058371.132734	151	6608	10250
1750058376.14824	151	6611	10263
1750058381.1631837	151	6618	10269
1750058386.178122	151	6629	10281
1750058391.1929893	151	6631	10290
1750058396.2150738	151	6634	10296
1750058401.2313857	151	6641	10308
1750058406.2472892	151	6648	10312
1750058411.2628043	151	6656	10319
1750058416.2783425	151	6664	10325
1750058421.2947743	151	6670	10332
1750058426.3101106	151	6676	10346
1750058431.326639	151	6681	10353
1750058436.3427544	151	6689	10362
1750058441.3582413	151	6696	10376
1750058446.3790476	151	6707	10386
1750058451.394181	152	6717	10397
1750058456.4096937	152	6727	10406
1750058461.4240613	152	6738	10418
1750058466.4383337	152	6750	10427
1750058471.454325	152	6755	10434
1750058476.46918	152	6763	10443
1750058481.4853907	152	6772	10456
1750058486.5008972	152	6776	10468
1750058491.5172877	152	6779	10481
1750058496.5330088	153	6783	10487
1750058501.5492418	153	6789	10505
1750058506.5657477	153	6801	10513
1750058511.5820758	153	6809	10520
1750058516.5966988	154	6814	10531
1750058521.6127102	154	6820	10540
1750058526.629344	154	6830	10548
1750058531.645782	155	6837	10556
1750058536.6613343	155	6849	10571
1750058541.6763563	155	6855	10578
1750058546.6917024	155	6865	10589
1750058551.7064261	155	6872	10601
1750058556.7221346	155	6882	10616
1750058561.7380273	155	6888	10628
1750058566.7540941	155	6893	10637
1750058571.769387	155	6903	10647
1750058576.7853558	155	6906	10654
1750058581.8013217	155	6910	10661
1750058586.8175397	155	6920	10675
1750058591.833997	155	6928	10683
1750058596.8506577	155	6938	10692
1750058601.86749	156	6947	10700
1750058606.8837643	156	6954	10716
1750058611.89944	156	6960	10733
1750058616.915765	156	6971	10743
1750058621.9354143	156	6978	10746
1750058626.95043	156	6983	10759
1750058631.9652638	156	6987	10772
1750058636.980154	156	6997	10782
1750058641.9955177	156	7008	10787
1750058647.0115247	156	7015	10792
1750058652.0274901	156	7022	10805
1750058657.0501006	157	7036	10814
1750058662.065412	157	7042	10819
1750058667.0815682	157	7050	10830
1750058672.1020205	157	7055	10835
1750058677.1188142	157	7063	10849
1750058682.1355217	157	7069	10863
1750058687.1514783	157	7074	10871
1750058692.1664743	157	7080	10882
1750058697.1853912	157	7081	10898
1750058702.200835	157	7091	10916
1750058707.217117	157	7100	10923
1750058712.2331235	157	7105	10933
1750058717.249134	157	7114	10941
1750058722.2637236	157	7118	10952
1750058727.2823267	158	7125	10962
1750058732.2974555	158	7133	10968
1750058737.3124933	158	7139	10973
1750058742.3265133	158	7145	10982
1750058747.341988	158	7154	10993
1750058752.3584075	158	7165	11000
1750058757.3752706	158	7179	11013
1750058762.3906462	158	7187	11025
1750058767.408743	158	7192	11035
1750058772.423747	158	7200	11046
1750058777.4400606	158	7206	11058
1750058782.4558752	158	7213	11067
1750058787.4721916	158	7219	11077
1750058792.4874754	159	7231	11086
1750058797.5017633	159	7240	11094
1750058802.518222	159	7246	11107
1750058807.5339427	159	7251	11114
1750058812.5493486	159	7254	11122
1750058817.57125	159	7259	11131
1750058822.5864825	159	7263	11143
1750058827.6014776	159	7270	11150
1750058832.6177537	159	7278	11159
1750058837.6338935	159	7285	11166
1750058842.6535447	160	7288	11181
1750058847.6679258	160	7294	11189
1750058852.6822789	160	7301	11200
1750058857.696338	160	7306	11207
1750058862.7114363	160	7313	11215
1750058867.7267537	161	7319	11229
1750058872.7428145	161	7324	11242
1750058877.7587776	161	7327	11253
1750058882.7740834	162	7333	11266
1750058887.7898023	162	7338	11281
1750058892.808484	162	7342	11292
1750058897.8285704	162	7351	11302
1750058902.8435123	162	7359	11313
1750058907.8595307	162	7367	11321
1750058912.8766868	162	7376	11328
1750058917.8933742	162	7382	11338
1750058922.9088335	162	7393	11346
1750058927.924453	162	7402	11356
1750058932.9402938	162	7410	11366
1750058937.9568243	162	7423	11371
1750058942.9717777	163	7427	11385
1750058947.9883554	163	7431	11396
1750058953.004563	163	7441	11408
1750058958.0203323	163	7448	11417
1750058963.036829	163	7454	11422
1750058968.053767	163	7460	11433
1750058973.0718167	163	7471	11444
1750058978.094943	163	7481	11460
1750058983.109211	163	7487	11469
1750058988.1254148	163	7495	11480
1750058993.1426225	163	7505	11493
1750058998.1587696	163	7511	11504
1750059003.1756513	163	7516	11513
1750059008.1910212	163	7525	11525
1750059013.2077987	163	7529	11539
1750059018.222657	163	7533	11548
1750059023.239301	163	7537	11554
1750059028.255597	163	7544	11562
1750059033.2707193	164	7554	11574
1750059038.2867026	164	7565	11586
1750059043.3024387	165	7577	11596
1750059048.3184857	166	7587	11607
1750059053.3347068	166	7591	11619
1750059058.3529673	166	7598	11625
1750059063.367429	166	7608	11632
1750059068.3821726	166	7616	11646
1750059073.3959482	166	7622	11653
1750059078.4098973	166	7631	11666
1750059083.4246252	166	7641	11679
1750059088.438931	166	7645	11686
1750059093.4583988	166	7650	11695
1750059098.472416	166	7656	11707
1750059103.489591	166	7662	11713
1750059108.5075445	166	7667	11720
1750059113.5233583	166	7674	11729
1750059118.538592	166	7679	11744
1750059123.5544128	166	7688	11753
1750059128.5692747	166	7693	11759
1750059133.5897892	166	7700	11767
1750059138.6043375	166	7703	11774
1750059143.6181946	166	7711	11786
1750059148.6323159	166	7718	11795
1750059153.6470807	166	7720	11804
1750059158.663508	166	7728	11811
1750059163.6817021	166	7731	11825
1750059168.6970944	166	7736	11836
1750059173.7120278	167	7747	11848
1750059178.7269742	167	7758	11857
1750059183.7439506	167	7766	11862
1750059188.7606325	167	7773	11869
1750059193.776117	167	7779	11876
1750059198.7924247	167	7783	11883
1750059203.8075497	167	7789	11892
1750059208.8236942	167	7801	11901
1750059213.8398528	167	7808	11910
1750059218.855947	167	7812	11924
1750059223.871992	167	7822	11929
1750059228.88717	167	7827	11940
1750059233.9021113	167	7834	11951
1750059238.920458	167	7841	11962
1750059243.9375367	168	7854	11968
1750059248.95382	168	7858	11980
1750059253.969756	168	7867	11990
1750059258.9856796	168	7873	12000
1750059264.000495	168	7880	12016
1750059269.015444	168	7889	12027
1750059274.0299408	168	7898	12038
1750059279.0531082	169	7903	12047
1750059284.0676079	169	7909	12053
1750059289.0825844	169	7914	12060
1750059294.098199	170	7924	12067
1750059299.113767	170	7928	12080
1750059304.1283329	170	7933	12085
1750059309.1515799	170	7941	12096
1750059314.1669884	171	7949	12103
1750059319.1901393	171	7953	12111
1750059324.2044969	171	7964	12120
1750059329.2218723	171	7972	12128
1750059334.241176	171	7981	12139
1750059339.2560623	172	7992	12151
1750059344.270568	172	8002	12160
1750059349.2857828	172	8012	12168
1750059354.299943	172	8021	12175
1750059359.314425	172	8032	12178
1750059364.3286934	173	8039	12188
1750059369.3444917	173	8048	12201
1750059374.3609407	173	8056	12211
1750059379.3793278	173	8061	12215
1750059384.3942807	173	8064	12221
1750059389.409972	173	8070	12229
1750059394.426434	173	8076	12243
1750059399.441685	173	8081	12257
1750059404.4566724	173	8086	12271
1750059409.472872	173	8090	12277
1750059414.488601	174	8102	12292
1750059419.5044963	175	8116	12307
1750059424.5196862	175	8124	12315
1750059429.537705	175	8132	12323
1750059434.5519595	175	8137	12332
1750059439.5675335	175	8144	12341
1750059444.5819647	175	8150	12354
1750059449.595859	175	8160	12361
1750059454.610496	175	8170	12366
1750059459.6247156	176	8176	12376
1750059464.6432445	177	8187	12382
1750059469.6571155	177	8194	12392
1750059474.6721249	177	8203	12402
1750059479.6903229	177	8211	12414
1750059484.705441	177	8215	12423
1750059489.7205906	178	8224	12435
1750059494.7372973	179	8232	12445
1750059499.7519534	179	8237	12453
1750059504.7744243	179	8246	12463
1750059509.7980762	179	8249	12474
1750059514.8135912	179	8260	12480
1750059519.8287084	179	8268	12489
1750059524.844885	180	8279	12498
1750059529.8605876	180	8290	12504
1750059534.8760064	180	8300	12513
1750059539.8907278	180	8306	12527
1750059544.904358	181	8313	12541
1750059549.9194643	181	8323	12552
1750059554.9363325	181	8330	12567
1750059559.951907	181	8336	12578
1750059564.9677083	181	8341	12588
1750059569.982854	182	8348	12600
1750059574.998528	182	8355	12610
1750059580.014502	182	8364	12616
1750059585.0303795	182	8375	12627
1750059590.0460527	182	8382	12637
1750059595.061803	182	8390	12649
1750059600.0763328	182	8396	12655
1750059605.0926852	182	8399	12669
1750059610.1078749	182	8411	12678
1750059615.124087	182	8416	12686
1750059620.1397033	182	8419	12700
1750059625.1560137	182	8430	12706
1750059630.1733384	182	8440	12711
1750059635.1900337	183	8450	12721
1750059640.2105784	183	8463	12730
1750059645.2268782	183	8467	12739
1750059650.242419	183	8473	12755
1750059655.2570717	183	8481	12765
1750059660.2708106	184	8487	12777
1750059665.2862377	184	8496	12789
1750059670.3016093	186	8505	12801
1750059675.3159523	186	8509	12810
1750059680.3313158	186	8515	12825
1750059685.3482466	186	8523	12837
1750059690.364655	186	8529	12849
1750059695.380925	186	8540	12863
1750059700.394866	187	8548	12879
1750059705.4088416	187	8553	12893
1750059710.4230034	187	8563	12902
1750059715.4370089	187	8568	12914
1750059720.4520078	187	8575	12924
1750059725.4665647	187	8583	12933
1750059730.481626	187	8590	12946
1750059735.4963992	188	8602	12959
1750059740.5133688	188	8606	12967
1750059745.5285363	188	8611	12977
1750059750.5431755	188	8618	12986
1750059755.5580783	188	8633	12999
1750059760.5781224	188	8648	13008
1750059765.5933583	188	8657	13013
1750059770.607694	188	8665	13021
1750059775.622524	188	8679	13027
1750059780.644655	188	8687	13039
1750059785.6656017	189	8694	13049
1750059790.6818845	190	8706	13065
1750059795.6968484	190	8715	13077
1750059800.7115164	191	8729	13096
1750059805.725863	191	8738	13109
1750059810.7444797	191	8748	13117
1750059815.7589924	193	8758	13131
1750059820.7747183	194	8768	13142
1750059825.791047	194	8773	13153
1750059830.8059793	194	8782	13172
1750059835.820726	194	8790	13183
1750059840.8365963	194	8795	13186
1750059845.851979	194	8797	13197
1750059850.866112	194	8801	13203
1750059855.8800356	194	8807	13212
1750059860.8938773	194	8809	13216
1750059865.9094481	194	8813	13222
1750059870.9264238	194	8816	13224
1750059875.9425018	194	8821	13229
1750059880.9585109	194	8827	13239
1750059885.9815116	194	8830	13248
1750059890.9955838	194	8834	13253
1750059896.0100684	194	8836	13266
1750059901.0240731	194	8840	13272
1750059906.0387883	194	8843	13278
1750059911.0538588	194	8845	13290
1750059916.0691862	194	8851	13299
1750059921.0853455	194	8860	13305
1750059926.1001306	194	8866	13312
1750059931.1161926	194	8868	13325
1750059936.1304977	194	8873	13339
1750059941.1461492	194	8876	13345
1750059946.1608913	195	8881	13349
1750059951.1760757	195	8886	13356
1750059956.1908984	195	8888	13360
1750059961.2052877	195	8893	13370
1750059966.2204647	195	8897	13380
1750059971.235073	195	8902	13390
1750059976.2488267	196	8907	13403
1750059981.2634897	196	8913	13413
1750059986.281114	196	8918	13426
1750059991.2949908	196	8920	13434
1750059996.3093762	196	8923	13442
1750060001.323312	196	8924	13449
1750060006.3430488	196	8927	13456
1750060011.3635814	196	8930	13463
1750060016.3776536	196	8934	13471
1750060021.3914568	196	8938	13475
1750060026.405336	196	8940	13478
1750060031.4196086	196	8946	13486
1750060036.433522	196	8950	13494
1750060041.4492285	196	8958	13498
1750060046.4646745	196	8963	13508
1750060051.4794192	196	8965	13518
1750060056.4934504	196	8969	13531
1750060061.509505	196	8975	13541
1750060066.5239913	196	8979	13550
1750060071.538179	196	8984	13555
1750060076.555267	196	8988	13563
1750060081.5699027	196	8991	13569
1750060086.5863862	196	8996	13583
1750060091.606378	196	9003	13590
1750060096.6203492	196	9004	13593
1750060101.633986	196	9008	13600
1750060106.6475554	196	9010	13603
1750060111.662213	196	9012	13619
1750060116.6790316	196	9017	13626
1750060121.6937048	196	9021	13636
1750060126.7101378	196	9025	13641
1750060131.7251039	196	9027	13644
1750060136.7413254	196	9029	13650
1750060141.755717	196	9035	13657
1750060146.7697885	196	9038	13664
1750060151.7839706	196	9042	13670
1750060156.7987213	196	9044	13678
1750060161.8131034	196	9048	13689
1750060166.8339827	196	9054	13698
1750060171.8492794	196	9059	13709
1750060176.8634691	196	9064	13716
1750060181.8793468	196	9066	13724
1750060186.895206	196	9072	13731
1750060191.9110546	196	9078	13740
1750060196.9251635	197	9084	13745
1750060201.9413974	197	9091	13753
1750060206.9584405	197	9094	13760
1750060211.9719868	197	9101	13764
1750060216.9869463	197	9105	13771
