1749521359.5486877	0	13	5
1749521364.5630639	0	19	14
1749521369.5758462	0	31	18
1749521374.5963287	0	39	28
1749521379.6089926	0	49	34
1749521384.622331	0	56	36
1749521389.6318524	0	70	45
1749521394.6512518	0	87	51
1749521399.6643167	0	100	55
1749521404.6758964	0	108	63
1749521409.686393	0	120	68
1749521414.7047942	0	134	82
1749521419.7159555	0	145	86
1749521424.736458	0	156	91
1749521429.7515883	0	169	98
1749521434.7646248	0	179	104
1749521439.7781408	0	187	109
1749521444.7999723	0	200	118
1749521449.8145792	0	211	127
1749521454.8283699	0	227	134
1749521459.8426845	0	237	140
1749521464.8544414	0	244	147
1749521469.8676383	0	263	149
1749521474.8895855	0	274	159
1749521479.906791	0	293	163
1749521484.9205124	0	305	170
1749521489.9311333	0	316	178
1749521494.9415004	0	329	182
1749521499.9544094	0	343	186
1749521504.96698	0	355	196
1749521509.9857445	0	369	201
1749521515.003651	0	381	210
1749521520.016932	0	394	220
1749521525.0277758	0	405	225
1749521530.0392888	0	412	232
1749521535.052746	0	426	238
1749521540.066744	0	436	242
1749521545.081293	0	449	253
1749521550.097179	0	465	264
1749521555.1183984	0	477	270
1749521560.1410022	0	483	277
1749521565.157184	0	499	285
1749521570.170828	0	513	296
1749521575.1848896	0	529	305
1749521580.198976	0	539	311
1749521585.213285	0	552	320
1749521590.2276073	0	563	323
1749521595.2416584	0	578	327
1749521600.2563002	0	595	332
1749521605.2756228	0	609	335
1749521610.2877386	0	618	341
1749521615.3006957	0	627	347
1749521620.3142972	0	641	358
1749521625.3290977	0	657	370
1749521630.3423743	0	667	374
1749521635.3554053	0	683	380
1749521640.3697088	0	695	383
1749521645.386152	0	711	390
1749521650.3968322	0	725	398
1749521655.4080734	0	735	405
1749521660.4210656	0	747	412
1749521665.436001	0	761	420
1749521670.450013	0	771	426
1749521675.472275	0	784	429
1749521680.4941957	0	793	437
1749521685.5058553	0	799	442
1749521690.5195193	0	812	446
1749521695.531876	0	820	452
1749521700.5454419	0	830	461
1749521705.5585318	0	839	470
1749521710.5733333	0	849	480
1749521715.5883236	0	861	486
1749521720.6067452	0	871	493
1749521725.6213863	0	886	501
1749521730.6358426	0	904	510
1749521735.65756	0	914	518
1749521740.6722107	0	921	522
1749521745.6868122	0	934	527
1749521750.6994069	0	941	535
1749521755.7104788	0	948	544
1749521760.7234445	0	962	550
1749521765.7372727	0	977	555
1749521770.7519047	0	983	559
1749521775.76658	0	997	567
1749521780.781359	0	1008	573
1749521785.7966177	0	1019	580
1749521790.811033	0	1031	586
1749521795.830912	0	1039	596
1749521800.8441422	0	1044	604
1749521805.8582337	0	1062	609
1749521810.8720217	0	1068	615
1749521815.8861923	0	1074	622
1749521820.900718	0	1088	628
1749521825.9185684	0	1103	636
1749521830.9345996	0	1113	640
1749521835.94912	0	1121	647
1749521840.963035	0	1133	655
1749521845.9775813	0	1144	663
1749521850.9945855	0	1153	669
1749521856.0098648	0	1163	677
1749521861.023909	0	1169	684
1749521866.0385547	0	1188	694
1749521871.0578847	0	1203	700
1749521876.0727966	0	1213	707
1749521881.0975196	0	1222	717
1749521886.1136734	0	1238	721
1749521891.1287377	0	1250	725
1749521896.1442826	0	1263	730
1749521901.166086	0	1276	739
1749521906.1804311	0	1281	740
1749521911.195021	0	1293	749
1749521916.2095683	0	1308	755
1749521921.2274656	0	1316	769
1749521926.2423866	0	1327	774
1749521931.2654083	0	1342	778
1749521936.2835948	0	1353	790
1749521941.2979722	0	1367	796
1749521946.3139107	0	1378	802
1749521951.3346803	0	1389	809
1749521956.3485668	0	1402	817
1749521961.3610957	0	1419	826
1749521966.374965	0	1435	830
1749521971.3879051	0	1447	839
1749521976.3991156	0	1458	847
1749521981.409958	0	1470	853
1749521986.4234374	0	1481	857
1749521991.4370456	0	1492	867
1749521996.450763	0	1500	883
1749522001.4645333	0	1512	885
1749522006.4879196	0	1527	887
1749522011.5094678	0	1539	891
1749522016.5350504	0	1552	895
1749522021.5541441	0	1568	903
1749522026.569357	0	1579	909
1749522031.5848691	0	1595	917
1749522036.5990143	0	1605	923
1749522041.6130433	0	1617	930
1749522046.6266944	0	1628	940
1749522051.6415055	0	1641	943
1749522056.6579356	0	1652	948
1749522061.6814384	0	1662	955
1749522066.6962907	0	1678	966
1749522071.7209163	0	1690	972
1749522076.7356467	0	1704	980
1749522081.7503629	0	1711	984
1749522086.76261	0	1723	988
1749522091.783349	0	1740	993
1749522096.7957716	0	1760	1002
1749522101.8092566	0	1772	1003
1749522106.823083	0	1784	1011
1749522111.835791	0	1793	1018
1749522116.8490129	0	1800	1021
1749522121.8636243	0	1807	1029
1749522126.8770962	0	1828	1037
1749522131.8909411	0	1839	1046
1749522136.9114864	0	1851	1052
1749522141.9242265	0	1859	1059
1749522146.9360073	0	1871	1065
1749522151.9486232	0	1886	1070
1749522156.9617574	0	1895	1080
1749522161.9769485	0	1905	1086
1749522166.9896858	0	1914	1089
1749522172.0036416	0	1932	1094
1749522177.0167527	0	1941	1100
1749522182.028349	0	1949	1104
1749522187.043624	0	1966	1113
1749522192.0545988	0	1974	1123
1749522197.0666986	0	1988	1132
1749522202.0784526	0	2006	1137
1749522207.089535	0	2016	1144
1749522212.105818	0	2032	1153
1749522217.117204	0	2047	1158
1749522222.1282108	0	2057	1166
1749522227.1383338	0	2068	1171
1749522232.148848	0	2082	1176
1749522237.1703684	0	2099	1185
1749522242.1819193	0	2108	1190
1749522247.1929262	0	2117	1198
1749522252.2047715	0	2121	1201
1749522257.2173858	0	2132	1203
1749522262.2345715	0	2148	1214
1749522267.2465463	0	2156	1215
1749522272.2571523	0	2163	1220
1749522277.267411	0	2177	1226
1749522282.280502	0	2196	1235
1749522287.3020852	0	2211	1243
1749522292.3134959	0	2223	1252
1749522297.3243613	0	2235	1259
1749522302.3357313	0	2247	1264
1749522307.3490894	0	2258	1268
1749522312.3699384	0	2266	1276
1749522317.3810997	0	2281	1282
1749522322.3940127	0	2292	1285
1749522327.4055104	0	2304	1289
1749522332.416987	0	2312	1295
1749522337.4321125	0	2330	1304
1749522342.4453874	0	2343	1313
1749522347.4565954	0	2354	1324
1749522352.4684606	0	2373	1331
1749522357.4812348	0	2382	1335
1749522362.4982824	0	2400	1341
1749522367.5111077	0	2413	1347
1749522372.5245137	0	2425	1355
1749522377.535381	0	2434	1359
1749522382.5462556	0	2447	1363
1749522387.5627875	0	2457	1371
1749522392.5760584	0	2469	1382
1749522397.5874677	0	2487	1390
1749522402.5999002	0	2501	1393
1749522407.6118832	0	2512	1400
1749522412.6286263	0	2527	1407
1749522417.6454742	0	2547	1411
1749522422.6566367	0	2564	1420
1749522427.6688461	0	2570	1431
1749522432.679751	0	2584	1441
1749522437.693664	0	2593	1444
1749522442.7107131	0	2607	1455
1749522447.721619	0	2616	1461
1749522452.7329626	0	2635	1467
1749522457.7443092	0	2646	1479
1749522462.7565932	0	2657	1485
1749522467.7725215	0	2668	1489
1749522472.783856	0	2683	1497
1749522477.7968435	0	2694	1510
1749522482.8100064	0	2703	1515
1749522487.8217866	0	2714	1521
1749522492.8392954	0	2726	1528
1749522497.8515694	0	2739	1535
1749522502.86375	0	2751	1548
1749522507.8743293	0	2766	1560
1749522512.885613	0	2777	1565
1749522517.9075172	0	2784	1577
1749522522.9208982	0	2793	1581
1749522527.9344742	0	2804	1586
1749522532.949035	0	2811	1593
1749522537.9630322	0	2826	1600
1749522542.9763284	0	2837	1604
1749522547.989848	0	2848	1609
1749522553.0040286	0	2862	1612
1749522558.0175698	0	2874	1617
1749522563.0311165	0	2886	1623
1749522568.0453944	0	2902	1626
1749522573.0656035	0	2919	1631
1749522578.08674	0	2934	1635
1749522583.1002507	0	2952	1641
1749522588.1138234	0	2969	1651
1749522593.12516	0	2981	1654
1749522598.138144	0	2991	1660
1749522603.151517	0	3004	1668
1749522608.1645365	0	3018	1674
1749522613.1779752	0	3033	1681
1749522618.1916206	0	3050	1696
1749522623.205244	0	3064	1700
1749522628.2190783	0	3076	1704
1749522633.23272	0	3086	1711
1749522638.2456648	0	3094	1716
1749522643.2592082	0	3100	1722
1749522648.2732577	0	3115	1725
1749522653.2892652	0	3125	1734
1749522658.3034706	0	3135	1740
1749522663.3172672	0	3152	1744
1749522668.3310447	0	3160	1758
1749522673.3431754	0	3168	1768
1749522678.3583183	0	3176	1773
1749522683.374361	0	3185	1781
1749522688.3885696	0	3197	1788
1749522693.4025455	0	3210	1798
1749522698.42628	0	3232	1802
1749522703.4392796	0	3247	1808
1749522708.4532106	0	3260	1813
1749522713.4683795	0	3268	1819
1749522718.4824288	0	3280	1824
1749522723.49618	0	3288	1828
1749522728.5088186	0	3307	1832
1749522733.5223598	0	3320	1836
1749522738.5357301	0	3332	1844
1749522743.5584671	0	3350	1851
1749522748.5696292	0	3357	1863
1749522753.582564	0	3366	1867
1749522758.5965881	0	3387	1875
1749522763.611242	0	3402	1882
1749522768.6251721	0	3411	1885
1749522773.6390038	0	3415	1895
1749522778.649832	0	3427	1906
1749522783.6627877	0	3438	1912
1749522788.676496	0	3450	1921
1749522793.6906886	0	3462	1933
1749522798.7037501	0	3481	1942
1749522803.717528	0	3495	1945
1749522808.7321212	0	3502	1952
1749522813.7459178	0	3512	1958
1749522818.7593918	0	3520	1964
1749522823.7740188	0	3535	1974
1749522828.796544	0	3547	1984
1749522833.8166249	0	3560	1992
1749522838.8310626	0	3575	1998
1749522843.843698	0	3582	2002
1749522848.8571029	0	3594	2010
1749522853.8710587	0	3611	2016
1749522858.8850968	0	3618	2023
1749522863.9088972	0	3626	2027
1749522868.9282608	0	3637	2034
1749522873.9394972	0	3652	2038
1749522878.9506454	0	3664	2045
1749522883.9620469	0	3673	2049
1749522888.9746807	0	3683	2056
1749522893.9949954	0	3692	2063
1749522899.0057104	0	3709	2069
1749522904.017931	0	3721	2072
1749522909.0306473	0	3730	2081
1749522914.0411484	0	3742	2088
1749522919.0612013	0	3755	2096
1749522924.072834	0	3765	2102
1749522929.0833466	0	3776	2108
1749522934.0946064	0	3790	2116
1749522939.1085687	0	3801	2122
1749522944.1281636	0	3812	2125
1749522949.1418025	0	3829	2130
1749522954.15332	0	3841	2137
1749522959.1640623	0	3857	2145
1749522964.1762617	0	3869	2150
1749522969.1943069	0	3887	2157
1749522974.2070506	0	3906	2167
1749522979.2171037	0	3924	2172
1749522984.2277057	0	3935	2175
1749522989.2393537	0	3947	2183
1749522994.2608507	0	3957	2192
1749522999.2778728	0	3980	2201
1749523004.2902482	0	3994	2203
1749523009.3018613	0	4010	2211
1749523014.3131604	0	4021	2218
1749523019.329614	0	4036	2222
1749523024.34651	0	4042	2227
1749523029.3575022	0	4052	2230
1749523034.3682246	0	4067	2242
1749523039.379088	0	4076	2247
1749523044.3955264	0	4087	2254
1749523049.4147358	0	4100	2260
1749523054.426301	0	4111	2265
1749523059.437732	0	4124	2272
1749523064.4487565	0	4140	2281
1749523069.4630625	0	4155	2290
1749523074.4810317	0	4176	2293
1749523079.4922197	0	4187	2299
1749523084.5046232	0	4196	2309
1749523089.5168989	0	4210	2315
1749523094.5309303	0	4214	2324
1749523099.5500643	0	4230	2329
1749523104.56254	0	4237	2339
1749523109.5732148	0	4250	2351
1749523114.5844452	0	4261	2356
1749523119.598758	0	4275	2363
1749523124.618304	0	4289	2371
1749523129.629369	0	4303	2380
1749523134.6400502	0	4310	2391
1749523139.6503525	0	4318	2395
1749523144.6707275	0	4329	2401
1749523149.6905053	0	4343	2402
1749523154.700572	0	4351	2410
1749523159.711739	0	4354	2420
1749523164.7225928	0	4365	2427
1749523169.7376428	0	4378	2429
1749523174.759215	0	4387	2436
1749523179.7695305	0	4396	2444
1749523184.7816687	0	4415	2456
1749523189.7940154	0	4430	2464
1749523194.8066926	0	4438	2479
1749523199.8180754	0	4451	2483
1749523204.8284438	0	4468	2488
1749523209.839707	0	4492	2494
1749523214.8508127	0	4508	2501
1749523219.8627741	0	4518	2505
1749523224.8751693	0	4530	2513
1749523229.8875787	0	4548	2524
1749523234.8982034	0	4555	2532
1749523239.9088604	0	4568	2541
1749523244.9206655	0	4576	2547
1749523249.9321015	0	4587	2555
1749523254.9459517	0	4592	2564
1749523259.9661183	1	4603	2574
1749523264.9785485	1	4616	2579
1749523269.99133	1	4625	2592
1749523275.003997	1	4637	2602
1749523280.0164704	1	4650	2607
1749523285.0309494	1	4661	2616
1749523290.0436862	1	4677	2623
1749523295.0564167	1	4688	2627
1749523300.0684981	1	4702	2632
1749523305.0793917	1	4714	2636
1749523310.0956538	1	4721	2641
1749523315.1103532	1	4734	2645
1749523320.1214788	1	4746	2654
1749523325.1325474	1	4759	2661
1749523330.1460147	1	4777	2669
1749523335.1636946	1	4790	2675
1749523340.1797848	1	4801	2683
1749523345.193515	1	4813	2689
1749523350.207374	1	4823	2699
1749523355.219528	1	4837	2703
1749523360.2319982	1	4850	2710
1749523365.2470486	1	4869	2715
1749523370.2600749	1	4885	2720
1749523375.2726712	1	4894	2724
1749523380.2865365	1	4904	2731
1749523385.2996554	1	4914	2739
1749523390.3165765	1	4927	2747
1749523395.3287022	1	4939	2754
1749523400.3397856	1	4952	2759
1749523405.3515913	1	4968	2767
1749523410.3655841	1	4983	2778
1749523415.382759	1	4991	2783
1749523420.394609	1	5013	2787
1749523425.4065762	1	5025	2796
1749523430.4183638	1	5035	2801
1749523435.43105	1	5046	2804
1749523440.4523957	1	5056	2813
1749523445.4662256	1	5070	2819
1749523450.4794736	1	5081	2827
1749523455.4933372	1	5093	2833
1749523460.5068798	1	5103	2842
1749523465.5213337	1	5109	2851
1749523470.5328224	1	5127	2855
1749523475.5468473	1	5137	2867
1749523480.560728	1	5151	2873
1749523485.5731843	1	5167	2878
1749523490.5915349	1	5183	2881
1749523495.6036952	1	5190	2889
1749523500.616	1	5197	2902
1749523505.6278696	1	5208	2908
1749523510.6393723	1	5218	2915
1749523515.6563182	1	5229	2926
1749523520.6675823	1	5245	2933
1749523525.680221	1	5264	2942
1749523530.6940393	1	5274	2947
1749523535.7070253	1	5286	2951
1749523540.7222607	1	5302	2956
1749523545.7352228	1	5307	2961
1749523550.747137	1	5316	2968
1749523555.7593944	1	5326	2977
1749523560.7717884	1	5334	2986
1749523565.787537	1	5347	2989
1749523570.8011384	1	5361	2993
1749523575.8151114	2	5373	3003
1749523580.829457	2	5386	3008
1749523585.8431463	2	5394	3012
1749523590.8561482	2	5407	3020
1749523595.8678498	2	5417	3029
1749523600.8801057	2	5435	3035
1749523605.8931684	2	5450	3041
1749523610.9065702	2	5457	3045
1749523615.922725	2	5465	3053
1749523620.9365613	2	5474	3060
1749523625.9494643	2	5484	3068
1749523630.962912	2	5501	3075
1749523635.9755263	2	5516	3080
1749523640.9901385	2	5524	3090
1749523646.0028253	2	5533	3098
1749523651.015666	2	5548	3103
1749523656.0291893	2	5565	3111
1749523661.0431087	2	5576	3116
1749523666.062191	2	5588	3123
1749523671.076429	2	5596	3131
1749523676.091051	2	5603	3134
1749523681.1051145	2	5616	3142
1749523686.1179712	2	5628	3148
1749523691.13144	2	5639	3154
1749523696.1450818	2	5655	3159
1749523701.1579494	2	5672	3161
1749523706.1697538	2	5682	3165
1749523711.1833837	2	5701	3169
1749523716.202802	2	5714	3175
1749523721.2167194	2	5727	3186
1749523726.2306783	2	5740	3190
1749523731.2425182	2	5755	3193
1749523736.25532	2	5765	3196
1749523741.2767913	2	5779	3200
1749523746.2910252	2	5790	3202
1749523751.3044937	2	5803	3211
1749523756.3183548	2	5819	3218
1749523761.3316157	2	5833	3232
1749523766.3457227	2	5845	3241
1749523771.359499	2	5856	3254
1749523776.381433	2	5875	3261
1749523781.4019227	2	5883	3269
1749523786.4157963	2	5893	3274
1749523791.4298012	2	5902	3282
1749523796.4433117	2	5910	3288
1749523801.4571319	2	5927	3294
1749523806.4705825	2	5940	3301
1749523811.4843643	2	5949	3310
1749523816.4971619	2	5965	3320
1749523821.511286	2	5979	3324
1749523826.5247996	2	5992	3330
1749523831.539243	2	5999	3337
1749523836.5503814	2	6004	3340
1749523841.561781	2	6016	3350
1749523846.5755484	2	6029	3359
1749523851.5900269	2	6040	3367
1749523856.6102734	2	6045	3374
1749523861.6235182	2	6059	3376
1749523866.6356218	2	6070	3382
1749523871.6498346	2	6082	3392
1749523876.6650622	2	6096	3396
1749523881.679578	3	6109	3401
1749523886.6927278	3	6121	3407
1749523891.705895	3	6138	3418
1749523896.719876	3	6146	3426
1749523901.7331371	3	6157	3429
1749523906.751041	4	6164	3435
1749523911.7648363	4	6181	3442
1749523916.7792501	4	6194	3451
1749523921.7934852	4	6206	3457
1749523926.8070514	4	6216	3464
1749523931.822854	4	6226	3472
1749523936.8366482	4	6238	3479
1749523941.8507612	4	6249	3486
1749523946.8649745	4	6262	3494
1749523951.879351	4	6274	3498
1749523956.8931978	4	6284	3505
1749523961.907758	4	6299	3508
1749523966.9213643	4	6314	3515
1749523971.9354422	4	6327	3527
1749523976.949493	4	6336	3530
1749523981.9662063	4	6349	3538
1749523986.9797254	4	6360	3545
1749523991.99384	4	6369	3551
1749523997.008276	4	6386	3559
1749524002.022251	4	6398	3560
1749524007.0377147	4	6410	3569
1749524012.0512002	4	6421	3578
1749524017.0646837	4	6429	3587
1749524022.0780094	4	6439	3596
1749524027.0918434	4	6456	3601
1749524032.1053057	4	6474	3604
1749524037.119016	4	6485	3614
1749524042.1326716	4	6498	3619
1749524047.1467128	4	6515	3629
1749524052.160587	4	6528	3634
1749524057.1745138	4	6536	3641
1749524062.1879816	4	6545	3648
1749524067.212525	4	6559	3652
1749524072.2303622	4	6576	3657
1749524077.2418056	4	6587	3660
1749524082.2542152	4	6597	3670
1749524087.2680714	4	6608	3678
1749524092.2794464	4	6618	3688
1749524097.300715	4	6628	3691
1749524102.3127062	4	6644	3697
1749524107.3259463	4	6663	3710
1749524112.3395743	4	6678	3720
1749524117.3531132	4	6684	3727
1749524122.3690426	4	6695	3733
1749524127.3829207	4	6709	3738
1749524132.396695	4	6723	3747
1749524137.4076447	4	6738	3750
1749524142.4209042	4	6750	3756
1749524147.441436	4	6759	3759
1749524152.4558506	4	6770	3769
1749524157.4697878	4	6787	3773
1749524162.4816363	4	6800	3777
1749524167.4955242	4	6808	3786
1749524172.5107303	4	6821	3794
1749524177.5241678	4	6830	3800
1749524182.537849	4	6837	3803
1749524187.5503376	4	6847	3808
1749524192.5638342	4	6855	3815
1749524197.5824366	4	6869	3826
1749524202.5961466	4	6883	3835
1749524207.6097722	4	6895	3844
1749524212.6226897	4	6906	3853
1749524217.6358016	4	6916	3856
1749524222.6516812	4	6927	3864
1749524227.6660323	4	6947	3872
1749524232.6799774	4	6962	3878
1749524237.6940491	4	6968	3884
1749524242.7078042	4	6982	3893
1749524247.7227533	4	6997	3901
1749524252.7367895	4	7004	3908
1749524257.7506843	4	7016	3912
1749524262.764521	4	7026	3919
1749524267.7783346	4	7040	3927
1749524272.79652	4	7050	3937
1749524277.8103933	4	7057	3942
1749524282.8246295	4	7070	3947
1749524287.8363616	4	7076	3953
1749524292.8504236	4	7092	3959
1749524297.8686006	4	7105	3966
1749524302.882499	4	7119	3970
1749524307.8963907	4	7128	3976
1749524312.9072514	4	7141	3982
1749524317.9210594	4	7154	3990
1749524322.9449759	4	7169	3995
1749524327.958864	4	7180	4005
1749524332.972747	4	7193	4013
1749524337.9847806	4	7210	4026
1749524342.9975035	4	7224	4030
1749524348.0140924	4	7237	4037
1749524353.027786	4	7251	4040
1749524358.0417879	4	7265	4050
1749524363.0554368	4	7278	4059
1749524368.0691967	4	7286	4063
1749524373.0841181	4	7296	4073
1749524378.0985475	4	7308	4084
1749524383.1131046	4	7319	4090
1749524388.1273758	4	7333	4095
1749524393.1412632	4	7348	4102
1749524398.157484	4	7359	4111
1749524403.1713426	4	7371	4121
1749524408.1823368	4	7387	4130
1749524413.195749	4	7395	4139
1749524418.21	4	7407	4145
1749524423.2321048	4	7411	4154
1749524428.2456784	4	7419	4158
1749524433.2594538	5	7433	4167
1749524438.2731113	5	7451	4176
1749524443.2863288	5	7461	4183
1749524448.3007214	5	7470	4187
1749524453.314411	5	7475	4189
1749524458.3286161	5	7488	4193
1749524463.3422365	5	7500	4201
1749524468.3559258	5	7514	4208
1749524473.370344	5	7527	4213
1749524478.3846793	5	7543	4223
1749524483.399318	5	7560	4229
1749524488.4137597	5	7572	4232
1749524493.427919	5	7583	4239
1749524498.4425695	5	7598	4248
1749524503.4564805	5	7609	4258
1749524508.4698775	5	7620	4266
1749524513.4833298	5	7636	4275
1749524518.4958935	5	7656	4285
1749524523.5124938	5	7667	4289
1749524528.5265408	5	7680	4293
1749524533.5401778	5	7689	4298
1749524538.5534592	5	7706	4303
1749524543.5675335	5	7717	4309
1749524548.5819042	5	7725	4315
1749524553.5957987	5	7741	4319
1749524558.6094058	5	7752	4326
1749524563.622623	5	7759	4336
1749524568.6365516	5	7770	4344
1749524573.6516209	5	7782	4345
1749524578.6661673	5	7791	4355
1749524583.6807745	5	7800	4362
1749524588.6948009	5	7817	4368
1749524593.7086213	5	7827	4374
1749524598.7234821	5	7847	4382
1749524603.738777	5	7860	4392
1749524608.7519689	5	7875	4401
1749524613.7653809	5	7893	4406
1749524618.778915	5	7908	4409
1749524623.7960277	5	7926	4413
1749524628.8126278	5	7937	4423
1749524633.8238184	5	7950	4428
1749524638.8339372	5	7964	4433
1749524643.8463619	5	7976	4439
1749524648.867805	5	7989	4451
1749524653.8873782	5	8005	4463
1749524658.9010804	5	8020	4472
1749524663.9141953	5	8032	4477
1749524668.928295	5	8046	4484
1749524673.9403405	5	8056	4495
1749524678.9541507	5	8065	4503
1749524683.9684322	5	8074	4507
1749524688.98292	5	8089	4511
1749524693.9972448	5	8100	4519
1749524699.0114877	5	8110	4530
1749524704.025793	5	8123	4537
1749524709.0394921	5	8135	4543
1749524714.0529854	5	8146	4548
1749524719.0668344	5	8160	4555
1749524724.0777006	5	8174	4563
1749524729.0963733	5	8190	4570
1749524734.1098232	5	8201	4577
1749524739.12397	5	8214	4583
1749524744.13803	5	8223	4590
1749524749.1519268	5	8235	4591
1749524754.170549	5	8250	4598
1749524759.1836724	5	8259	4602
1749524764.1976132	5	8272	4608
1749524769.212161	5	8283	4616
1749524774.225742	5	8291	4622
1749524779.2418787	5	8305	4627
1749524784.2538185	5	8315	4631
1749524789.2668855	5	8331	4635
1749524794.2804878	5	8339	4639
1749524799.2937748	5	8351	4645
1749524804.3138633	5	8361	4654
1749524809.327485	5	8370	4661
1749524814.3400118	5	8381	4669
1749524819.3533456	5	8397	4674
1749524824.3671453	5	8417	4680
1749524829.382315	5	8431	4686
1749524834.396192	5	8443	4691
1749524839.410005	5	8460	4697
1749524844.423787	5	8474	4705
1749524849.4375737	5	8480	4710
1749524854.4513333	5	8501	4723
1749524859.464316	5	8515	4735
1749524864.477995	5	8527	4742
1749524869.4922361	5	8538	4745
1749524874.5059583	5	8556	4751
1749524879.5254593	5	8564	4757
1749524884.5395002	5	8574	4763
1749524889.5528033	5	8586	4767
1749524894.566692	5	8594	4775
1749524899.580307	5	8608	4779
1749524904.5977738	5	8620	4786
1749524909.6116114	5	8637	4790
1749524914.625893	5	8649	4801
1749524919.6397004	5	8661	4809
1749524924.653998	5	8672	4815
1749524929.667261	5	8692	4818
1749524934.68123	5	8706	4825
1749524939.6947808	5	8720	4832
1749524944.7094357	6	8736	4843
1749524949.723013	6	8748	4845
1749524954.7336223	6	8759	4854
1749524959.7471366	6	8766	4861
1749524964.7602541	6	8774	4866
1749524969.7742088	6	8779	4870
1749524974.7881467	6	8792	4876
1749524979.8021362	6	8799	4885
1749524984.8164039	6	8811	4892
1749524989.8311555	6	8825	4898
1749524994.8436863	6	8841	4910
1749524999.858016	6	8852	4919
1749525004.8716846	6	8865	4927
1749525009.8852737	6	8880	4935
1749525014.899217	6	8893	4945
1749525019.9119873	6	8906	4952
1749525024.926304	6	8925	4965
1749525029.9401677	6	8936	4971
1749525034.9544032	6	8947	4982
1749525039.968961	6	8965	4990
1749525044.9804883	6	8975	4998
1749525049.9944658	6	8989	5002
1749525055.0081925	6	8998	5007
1749525060.0224986	6	9005	5015
1749525065.036722	6	9022	5020
1749525070.050142	6	9034	5029
1749525075.06455	6	9047	5030
1749525080.0781057	6	9056	5034
1749525085.0916867	6	9068	5042
1749525090.1056376	6	9088	5046
1749525095.1191711	6	9101	5051
1749525100.1329484	6	9110	5059
1749525105.1459823	6	9120	5066
1749525110.1588976	6	9134	5072
1749525115.1727726	6	9148	5080
1749525120.1865478	6	9170	5085
1749525125.2002587	6	9183	5094
1749525130.2195263	6	9199	5101
1749525135.2336826	6	9211	5106
1749525140.2483964	6	9222	5113
1749525145.2601233	6	9231	5116
1749525150.2739117	6	9240	5125
1749525155.2919364	6	9249	5129
1749525160.30584	6	9254	5136
1749525165.3194468	6	9263	5144
1749525170.3318784	6	9273	5149
1749525175.3456619	6	9286	5154
1749525180.3619328	6	9302	5159
1749525185.3749003	6	9311	5167
1749525190.3877702	6	9320	5172
1749525195.4014075	6	9330	5180
1749525200.4145951	6	9348	5186
1749525205.43296	6	9362	5190
1749525210.4473128	6	9376	5199
1749525215.4605477	6	9383	5207
1749525220.4745216	6	9400	5218
1749525225.4884024	6	9406	5225
1749525230.501347	6	9423	5231
1749525235.5173707	6	9439	5237
1749525240.5307057	6	9447	5243
1749525245.5443456	6	9459	5253
1749525250.5574687	6	9471	5265
1749525255.5742283	6	9484	5272
1749525260.591242	6	9500	5280
1749525265.6052613	6	9508	5289
1749525270.6192324	6	9520	5300
1749525275.6330702	6	9531	5305
1749525280.6490567	6	9544	5312
1749525285.6677952	6	9557	5321
1749525290.6818295	6	9569	5326
1749525295.6951888	6	9582	5333
1749525300.7091584	6	9592	5338
1749525305.7254744	6	9607	5345
1749525310.7415164	6	9618	5353
1749525315.7548392	6	9631	5360
1749525320.7686768	6	9642	5366
1749525325.7820275	6	9654	5374
1749525330.7955706	6	9667	5381
1749525335.8146937	6	9678	5387
1749525340.8285327	6	9693	5393
1749525345.8420122	6	9704	5402
1749525350.8561747	6	9719	5404
1749525355.8695328	6	9723	5412
1749525360.889204	6	9737	5421
1749525365.9026155	6	9751	5427
1749525370.9159665	6	9767	5432
1749525375.9292698	6	9779	5440
1749525380.9431357	6	9794	5448
1749525385.9639156	6	9807	5454
1749525390.9750297	6	9818	5458
1749525395.988194	6	9828	5464
1749525401.0018368	6	9845	5469
1749525406.0163314	6	9861	5484
1749525411.0371416	6	9877	5485
1749525416.0499954	6	9886	5490
1749525421.0639546	6	9900	5499
1749525426.0778854	6	9916	5503
1749525431.0915563	6	9932	5506
1749525436.1121624	6	9946	5510
1749525441.1236112	6	9956	5517
1749525446.1365883	6	9965	5522
1749525451.150301	6	9978	5530
1749525456.1643271	6	9991	5536
1749525461.1880507	6	10001	5539
1749525466.2017372	6	10022	5547
1749525471.2151005	6	10031	5554
1749525476.2292182	6	10041	5561
1749525481.2434957	6	10055	5564
1749525486.2670045	6	10064	5572
1749525491.2814724	6	10077	5579
1749525496.2954588	6	10089	5588
1749525501.3100429	6	10104	5598
1749525506.3243484	6	10114	5606
1749525511.3443396	6	10126	5615
1749525516.3591106	6	10133	5622
1749525521.3734093	6	10146	5628
1749525526.3857782	6	10163	5633
1749525531.3991692	6	10178	5641
1749525536.4222894	6	10196	5647
1749525541.4369276	6	10206	5652
1749525546.451962	6	10218	5663
1749525551.4652948	6	10234	5672
1749525556.4793315	6	10249	5682
1749525561.4992816	6	10258	5692
1749525566.5130746	6	10268	5702
1749525571.5270615	6	10292	5712
1749525576.5400784	6	10305	5722
1749525581.5538075	6	10312	5725
1749525586.5766554	6	10325	5734
1749525591.590333	6	10340	5741
1749525596.603174	6	10358	5742
1749525601.6171422	6	10373	5755
1749525606.6312985	6	10381	5760
1749525611.6529965	6	10398	5762
1749525616.66682	6	10406	5770
1749525621.681111	6	10416	5777
1749525626.6955574	6	10433	5784
1749525631.7098086	6	10444	5796
1749525636.725594	6	10462	5799
1749525641.7402458	6	10468	5805
1749525646.7527473	6	10477	5808
1749525651.767084	6	10489	5816
1749525656.7813919	6	10499	5825
1749525661.7968016	6	10522	5835
1749525666.81096	6	10526	5839
1749525671.8248117	6	10540	5842
1749525676.8389044	6	10553	5846
1749525681.8527458	6	10567	5850
1749525686.8731663	6	10579	5855
1749525691.8845286	6	10588	5861
1749525696.8988638	6	10599	5865
1749525701.9133372	6	10610	5870
1749525706.9267623	6	10624	5878
1749525711.9473271	6	10633	5884
1749525716.9615529	6	10641	5891
1749525721.976024	6	10653	5897
1749525726.9900517	6	10674	5901
1749525732.0044425	6	10681	5908
1749525737.0242774	6	10693	5915
1749525742.0381079	6	10707	5921
1749525747.0521116	6	10711	5925
1749525752.0657356	6	10725	5931
1749525757.0791543	6	10733	5937
1749525762.1020732	7	10746	5944
1749525767.1163735	7	10762	5955
1749525772.1490073	7	10775	5964
1749525777.172376	7	10786	5969
1749525782.1863534	7	10796	5976
1749525787.2011728	7	10807	5981
1749525792.2153196	7	10820	5989
1749525797.230187	7	10829	5995
1749525802.2517092	7	10841	6000
1749525807.2654374	7	10857	6006
1749525812.2793741	7	10865	6011
1749525817.2935588	7	10880	6016
1749525822.307339	7	10901	6022
1749525827.3286128	7	10912	6028
1749525832.3426554	7	10931	6036
1749525837.3570259	7	10943	6040
1749525842.3708951	7	10953	6048
1749525847.3849866	7	10966	6053
1749525852.4046726	7	10987	6062
1749525857.4189692	7	10991	6067
1749525862.4335327	7	11001	6073
1749525867.447194	7	11019	6076
1749525872.460486	7	11035	6082
1749525877.47371	7	11050	6089
1749525882.487776	7	11061	6096
1749525887.50287	7	11070	6103
1749525892.5167537	7	11085	6111
1749525897.5369747	7	11096	6119
1749525902.5509877	7	11108	6123
1749525907.5644522	7	11128	6127
1749525912.5772905	7	11139	6133
1749525917.5908673	7	11148	6137
1749525922.615075	7	11164	6145
1749525927.6296804	7	11176	6150
1749525932.644015	7	11189	6159
1749525937.6580963	7	11197	6165
1749525942.6729975	7	11211	6170
1749525947.6926906	7	11221	6177
1749525952.7066927	7	11235	6185
1749525957.721799	7	11246	6188
1749525962.7358093	7	11258	6193
1749525967.7497158	7	11266	6200
1749525972.7701848	7	11276	6209
1749525977.784587	7	11296	6217
1749525982.7991598	7	11309	6221
1749525987.8132722	7	11321	6224
1749525992.8276725	7	11334	6231
1749525997.8478909	7	11350	6239
1749526002.8615482	7	11367	6246
1749526007.878761	7	11382	6255
1749526012.893295	7	11392	6263
1749526017.9081674	7	11400	6267
1749526022.9276464	7	11410	6279
1749526027.9421556	7	11427	6285
1749526032.9591851	7	11444	6292
1749526037.9732864	7	11458	6300
1749526042.9871516	7	11467	6307
1749526048.0086162	7	11479	6318
1749526053.0228958	7	11493	6329
1749526058.0407412	7	11505	6334
1749526063.0556426	7	11518	6336
1749526068.0706327	7	11531	6343
1749526073.0898755	7	11542	6352
1749526078.1045117	7	11558	6357
1749526083.1234303	7	11573	6369
1749526088.1384704	7	11582	6377
1749526093.1534438	7	11591	6382
1749526098.170308	7	11604	6388
1749526103.1845145	7	11612	6396
1749526108.2041435	7	11620	6410
1749526113.2185037	7	11631	6416
1749526118.232816	7	11642	6424
1749526123.2471294	7	11653	6431
1749526128.2678568	7	11672	6439
1749526133.2815437	7	11681	6447
1749526138.29542	7	11697	6453
1749526143.3099632	7	11711	6462
1749526148.324219	7	11732	6471
1749526153.3406806	7	11747	6477
1749526158.3551347	7	11761	6482
1749526163.370324	7	11775	6486
1749526168.384618	7	11785	6494
1749526173.3991778	7	11791	6500
1749526178.4127731	7	11812	6505
1749526183.4252272	7	11825	6512
1749526188.438432	7	11845	6516
1749526193.4528584	7	11860	6525
1749526198.4678926	7	11868	6535
1749526203.4865768	7	11887	6546
1749526208.502478	7	11903	6551
1749526213.516661	7	11917	6555
1749526218.5310047	7	11928	6566
1749526223.5451374	7	11941	6570
1749526228.563534	7	11951	6579
1749526233.5798004	7	11960	6584
1749526238.5942447	7	11970	6591
1749526243.6090593	7	11984	6597
1749526248.6238332	7	12003	6607
1749526253.6402767	7	12015	6611
1749526258.6564748	7	12032	6617
1749526263.6708138	7	12048	6626
1749526268.6856325	7	12059	6635
1749526273.7000618	7	12073	6647
1749526278.7142203	7	12084	6654
1749526283.7318532	7	12098	6660
1749526288.7456098	7	12109	6672
1749526293.7579236	7	12121	6678
1749526298.7719927	7	12135	6683
1749526303.7922697	7	12155	6690
1749526308.8108482	7	12164	6699
1749526313.8245628	7	12178	6708
1749526318.838991	7	12200	6715
1749526323.8533876	7	12212	6718
1749526328.8686051	7	12223	6719
1749526333.887839	7	12245	6732
1749526338.9019673	7	12253	6738
1749526343.9169872	7	12263	6747
1749526348.931476	7	12278	6751
1749526353.9458168	7	12298	6759
1749526358.9629683	7	12316	6770
1749526363.9773295	8	12326	6778
1749526368.9922616	8	12330	6785
1749526374.0065424	8	12340	6791
1749526379.0187817	8	12354	6797
1749526384.0393825	8	12364	6803
1749526389.05435	8	12381	6805
1749526394.0697148	8	12399	6809
1749526399.0839787	8	12414	6817
1749526404.0973794	9	12427	6828
1749526409.1158628	10	12439	6832
1749526414.1313198	10	12450	6839
1749526419.1469567	10	12468	6841
1749526424.1624603	10	12489	6846
1749526429.1771834	10	12501	6854
1749526434.1962767	10	12508	6861
1749526439.210926	10	12527	6865
1749526444.226528	10	12542	6873
1749526449.2416956	10	12555	6877
1749526454.2569683	10	12568	6887
1749526459.2787406	10	12581	6894
1749526464.293951	10	12590	6898
1749526469.3092124	10	12599	6902
1749526474.3245525	10	12609	6905
1749526479.3399923	10	12620	6911
1749526484.3594596	10	12636	6919
1749526489.374275	10	12646	6922
1749526494.390007	10	12657	6928
1749526499.4061644	10	12668	6933
1749526504.421412	10	12681	6937
1749526509.4378853	10	12688	6948
1749526514.4528708	10	12697	6950
1749526519.4684918	10	12708	6954
1749526524.483665	10	12718	6960
1749526529.4984858	10	12737	6962
1749526534.5186174	10	12749	6975
1749526539.533144	10	12762	6976
1749526544.548529	10	12774	6985
1749526549.5639927	10	12790	6992
1749526554.5796626	10	12800	6995
1749526559.602106	10	12807	7005
1749526564.617689	10	12816	7013
1749526569.6330807	10	12830	7017
1749526574.648739	10	12850	7022
1749526579.6639132	10	12865	7028
1749526584.6792862	10	12874	7038
1749526589.6926749	10	12893	7045
1749526594.7073429	10	12904	7054
1749526599.7220323	10	12913	7061
1749526604.7375147	10	12925	7067
1749526609.7525678	10	12940	7076
1749526614.7684033	10	12959	7080
1749526619.7835503	10	12971	7087
1749526624.7992625	10	12983	7094
1749526629.8143291	10	12990	7099
1749526634.8296905	10	13011	7103
1749526639.8454547	10	13022	7106
1749526644.860641	10	13040	7108
1749526649.8756022	10	13057	7113
1749526654.890791	10	13073	7117
1749526659.9102414	10	13084	7123
1749526664.92608	10	13093	7125
1749526669.9410725	10	13103	7127
1749526674.9569995	10	13121	7134
1749526679.972097	10	13131	7142
1749526684.9910305	10	13139	7149
1749526690.0063565	10	13150	7152
1749526695.0219357	10	13161	7164
1749526700.0368223	10	13177	7167
1749526705.052138	10	13192	7172
1749526710.0709796	10	13206	7180
1749526715.0864487	10	13216	7184
1749526720.101849	10	13226	7186
1749526725.1149716	10	13233	7191
1749526730.129614	10	13252	7198
1749526735.1496713	10	13263	7205
1749526740.1647215	10	13276	7211
1749526745.1803417	10	13288	7217
1749526750.19536	10	13301	7227
1749526755.2097769	10	13310	7235
1749526760.2279434	10	13323	7243
1749526765.2432706	10	13342	7251
1749526770.2579823	10	13354	7262
1749526775.273654	10	13363	7270
1749526780.2883258	10	13373	7278
1749526785.3074002	10	13383	7289
1749526790.3207874	10	13389	7296
1749526795.335072	10	13402	7301
1749526800.3498402	10	13408	7306
1749526805.3657084	10	13421	7314
1749526810.3881874	10	13431	7317
1749526815.4034657	10	13448	7325
1749526820.4190557	10	13453	7331
1749526825.4331381	10	13468	7340
1749526830.4481945	10	13490	7344
1749526835.4668882	10	13499	7350
1749526840.4827015	10	13506	7356
1749526845.498161	10	13519	7363
1749526850.513749	10	13534	7367
1749526855.5290382	10	13549	7372
1749526860.5475218	10	13563	7376
1749526865.5644438	10	13572	7383
1749526870.579991	10	13581	7384
1749526875.5954401	10	13590	7389
1749526880.6107252	10	13605	7402
1749526885.6295094	10	13617	7407
1749526890.6484246	10	13627	7415
1749526895.664088	10	13633	7426
1749526900.6788986	10	13644	7432
1749526905.694074	10	13659	7439
1749526910.7113485	10	13669	7444
1749526915.7293742	10	13682	7448
1749526920.744562	10	13692	7457
1749526925.7604346	10	13707	7465
1749526930.775061	10	13718	7472
1749526935.7924592	10	13723	7483
1749526940.8115916	10	13735	7489
1749526945.825452	10	13747	7493
1749526950.8401353	10	13753	7504
1749526955.8558547	10	13771	7510
1749526960.8731544	10	13782	7515
1749526965.8942933	10	13794	7525
1749526970.9084098	10	13806	7532
1749526975.9227145	10	13816	7537
1749526980.9374673	10	13830	7543
1749526985.954648	10	13848	7549
1749526990.975612	10	13860	7553
1749526995.9906478	10	13870	7563
1749527001.0078106	10	13886	7565
1749527006.0226254	10	13895	7572
1749527011.0383613	10	13909	7574
1749527016.0615227	10	13920	7580
1749527021.076132	10	13937	7585
1749527026.09155	10	13949	7588
1749527031.1070142	10	13963	7600
1749527036.1257377	10	13973	7607
1749527041.1489856	10	13991	7610
1749527046.1643538	10	14002	7617
1749527051.1792371	10	14011	7623
1749527056.1946268	10	14031	7635
1749527061.2113776	10	14044	7641
1749527066.235633	10	14060	7649
1749527071.2493784	10	14074	7654
1749527076.2640693	10	14090	7661
1749527081.278291	10	14103	7665
1749527086.2957132	10	14120	7669
1749527091.30984	10	14129	7671
1749527096.3252854	10	14146	7681
1749527101.3413503	10	14156	7687
1749527106.354908	10	14164	7698
1749527111.376051	10	14174	7702
1749527116.4021492	10	14181	7711
1749527121.415729	10	14198	7724
1749527126.4312313	10	14215	7725
1749527131.4462485	10	14224	7732
1749527136.4619188	10	14230	7744
1749527141.4850488	10	14252	7751
1749527146.5008206	10	14263	7760
1749527151.5162535	10	14277	7764
1749527156.530881	10	14292	7770
1749527161.5467265	10	14302	7776
1749527166.5679672	10	14311	7779
1749527171.58357	10	14334	7792
1749527176.5989637	10	14347	7802
1749527181.6143343	10	14362	7810
1749527186.6299274	10	14379	7814
1749527191.6515946	10	14386	7819
1749527196.6671107	10	14398	7824
1749527201.6821651	10	14413	7830
1749527206.6963358	10	14425	7833
1749527211.7100549	10	14437	7841
1749527216.7228482	10	14447	7847
1749527221.7361517	10	14455	7852
1749527226.7490065	10	14469	7860
1749527231.761642	10	14482	7866
1749527236.7743936	10	14496	7876
1749527241.7881188	10	14510	7882
1749527246.8018217	10	14522	7892
1749527251.8189306	10	14535	7898
1749527256.8378396	10	14552	7906
1749527261.8518808	10	14561	7912
1749527266.864984	10	14570	7918
1749527271.8781757	10	14580	7927
1749527276.8917289	10	14591	7937
1749527281.9055586	10	14600	7945
1749527286.9189067	10	14608	7946
1749527291.9388335	10	14626	7953
1749527296.9526026	10	14634	7962
1749527301.9661086	10	14645	7968
1749527306.980717	10	14654	7976
1749527311.9951406	11	14667	7986
1749527317.0089993	11	14678	7997
1749527322.0263627	11	14686	8002
1749527327.0408502	11	14697	8008
1749527332.0561318	11	14712	8016
1749527337.0762546	11	14725	8023
1749527342.090683	11	14735	8028
1749527347.1064699	11	14744	8037
1749527352.1216097	11	14764	8044
1749527357.1375825	11	14773	8049
1749527362.154862	11	14795	8054
1749527367.1705518	11	14807	8062
1749527372.1866589	11	14821	8066
1749527377.202124	11	14826	8073
1749527382.217719	11	14835	8078
1749527387.2339077	11	14844	8084
1749527392.2483594	11	14850	8090
1749527397.2674935	11	14860	8096
1749527402.283963	11	14875	8100
1749527407.2988598	11	14887	8103
1749527412.315313	11	14907	8105
1749527417.3303423	11	14914	8110
1749527422.3495157	11	14930	8115
1749527427.364459	11	14940	8120
1749527432.381519	11	14958	8129
1749527437.3978825	11	14969	8132
1749527442.4247892	11	14981	8142
1749527447.4399593	11	14994	8147
1749527452.4550605	11	15001	8157
1749527457.4704247	11	15013	8160
1749527462.485542	11	15026	8167
1749527467.5069287	11	15041	8172
1749527472.522143	11	15051	8178
1749527477.5358167	11	15062	8187
1749527482.5503948	11	15074	8189
1749527487.5662057	11	15088	8196
1749527492.5885334	11	15099	8200
1749527497.6032858	11	15108	8212
1749527502.6178682	11	15117	8222
1749527507.6323721	11	15128	8227
1749527512.6479156	11	15139	8229
1749527517.671491	11	15154	8237
1749527522.68695	11	15169	8239
1749527527.7017145	11	15185	8247
1749527532.7175696	11	15193	8257
1749527537.7347398	11	15202	8268
1749527542.756197	11	15213	8276
1749527547.773061	11	15222	8286
1749527552.7883055	11	15240	8295
1749527557.8047035	11	15250	8299
1749527562.8191566	11	15265	8302
1749527567.8413312	11	15274	8305
1749527572.8593028	11	15282	8315
1749527577.8750522	11	15300	8321
1749527582.8909125	11	15314	8326
1749527587.9057758	11	15320	8330
1749527592.9247773	11	15336	8336
1749527597.9443936	11	15343	8339
1749527602.9585176	11	15356	8347
1749527607.9733906	11	15369	8351
1749527612.988444	11	15378	8360
1749527618.0069642	11	15390	8364
1749527623.0263085	11	15403	8369
1749527628.0414393	11	15416	8373
1749527633.0576067	11	15430	8380
1749527638.0732768	11	15450	8383
1749527643.0885713	11	15459	8392
1749527648.1082792	11	15469	8403
1749527653.1241808	11	15476	8409
1749527658.1389766	12	15488	8419
1749527663.154046	12	15501	8426
1749527668.1689916	12	15511	8431
1749527673.189529	12	15525	8438
1749527678.2048254	12	15535	8448
1749527683.2204633	12	15546	8455
1749527688.2366443	12	15558	8459
1749527693.2497807	12	15573	8469
1749527698.2725418	12	15579	8481
1749527703.287415	12	15587	8488
1749527708.3032763	12	15594	8500
1749527713.3180778	12	15609	8503
1749527718.3326814	12	15621	8505
1749527723.3556743	12	15636	8515
1749527728.370884	12	15641	8517
1749527733.3879147	12	15654	8525
1749527738.401478	12	15668	8532
1749527743.416825	12	15678	8539
1749527748.4381044	12	15690	8544
1749527753.4532661	12	15706	8553
1749527758.4687815	12	15718	8565
1749527763.4834554	12	15734	8569
1749527768.4990163	12	15748	8575
1749527773.5204768	12	15764	8583
1749527778.5353706	12	15775	8591
1749527783.5497088	12	15780	8601
1749527788.5643966	12	15792	8610
1749527793.5797276	12	15807	8617
1749527798.5932584	12	15823	8625
1749527803.607914	12	15832	8627
1749527808.6236055	12	15845	8631
1749527813.6395621	12	15855	8637
1749527818.665462	12	15873	8645
1749527823.6915514	12	15882	8652
1749527828.706524	12	15892	8654
1749527833.7217255	12	15902	8661
1749527838.7375827	12	15918	8664
1749527843.7526996	12	15939	8667
1749527848.7768092	12	15950	8674
1749527853.7923539	12	15958	8683
1749527858.807654	12	15973	8686
1749527863.8227699	12	15985	8694
1749527868.8366144	12	15999	8699
1749527873.8610475	12	16011	8703
1749527878.8766139	12	16023	8715
1749527883.8917737	12	16034	8717
1749527888.9075766	12	16043	8730
1749527893.9229956	12	16053	8734
1749527898.9402254	12	16061	8738
1749527903.9552915	12	16065	8746
1749527908.9697325	12	16081	8750
1749527913.9852796	12	16091	8758
1749527919.0006866	12	16104	8764
1749527924.020997	12	16121	8771
1749527929.0367608	12	16134	8774
1749527934.0518458	12	16155	8782
1749527939.0668812	12	16170	8793
1749527944.0830872	12	16183	8800
1749527949.1046703	12	16193	8805
1749527954.1192186	12	16208	8811
1749527959.1334307	12	16223	8816
1749527964.1470728	12	16240	8821
1749527969.160891	12	16256	8835
1749527974.1831727	12	16269	8845
1749527979.1963308	12	16281	8852
1749527984.2103767	12	16292	8860
1749527989.2246432	12	16308	8866
1749527994.2375453	12	16318	8869
1749527999.2507167	12	16332	8876
1749528004.2700062	12	16343	8881
1749528009.2838812	12	16350	8887
1749528014.298562	12	16363	8892
1749528019.3212001	12	16378	8899
1749528024.3362625	12	16389	8909
1749528029.3531284	12	16403	8917
1749528034.3681266	12	16419	8928
1749528039.3832505	12	16434	8932
1749528044.4036207	12	16452	8944
1749528049.4196858	12	16470	8950
1749528054.437407	12	16481	8957
1749528059.452538	12	16494	8962
1749528064.468128	12	16508	8969
1749528069.4859254	12	16517	8974
1749528074.5007486	12	16534	8981
1749528079.5192282	12	16548	8989
1749528084.5347106	12	16563	8997
1749528089.5500405	12	16578	9003
1749528094.5675526	12	16591	9009
1749528099.582859	12	16602	9015
1749528104.6028666	12	16621	9021
1749528109.6181746	12	16632	9033
1749528114.633639	12	16644	9038
1749528119.6492662	12	16656	9044
1749528124.6739013	12	16670	9053
1749528129.6890504	12	16680	9063
1749528134.7043135	12	16691	9067
1749528139.7193315	12	16702	9075
1749528144.7329311	12	16711	9080
1749528149.7545197	12	16720	9083
1749528154.7702305	12	16735	9094
1749528159.7859457	12	16755	9105
1749528164.8013282	12	16769	9113
1749528169.8147883	12	16786	9123
1749528174.8369665	12	16798	9126
1749528179.851841	12	16804	9129
1749528184.8675382	12	16821	9139
1749528189.8830574	12	16831	9147
1749528194.8975778	12	16846	9156
1749528199.9169798	12	16852	9163
1749528204.9335997	13	16867	9175
1749528209.9489148	13	16876	9186
1749528214.963964	13	16889	9189
1749528219.9796956	13	16906	9190
1749528224.9997087	13	16925	9197
1749528230.0174866	13	16942	9204
1749528235.032827	13	16958	9210
1749528240.0475132	13	16974	9219
1749528245.0622776	13	16986	9231
1749528250.083862	13	16999	9238
1749528255.1024103	13	17006	9241
1749528260.1185827	13	17023	9251
1749528265.1342063	13	17036	9254
1749528270.149422	13	17046	9260
1749528275.1673312	13	17057	9266
1749528280.1880548	13	17067	9273
1749528285.203416	13	17074	9275
1749528290.2183895	13	17086	9282
1749528295.234284	13	17102	9295
1749528300.2528534	13	17116	9300
1749528305.2734604	13	17129	9308
1749528310.2879488	13	17140	9316
1749528315.302837	13	17156	9318
1749528320.3187525	13	17166	9325
1749528325.3370125	13	17173	9332
1749528330.3590567	13	17185	9341
1749528335.3743243	13	17200	9351
1749528340.3904347	13	17216	9358
1749528345.4057412	13	17230	9364
1749528350.4239194	13	17244	9375
1749528355.4460506	13	17256	9377
1749528360.4612205	13	17266	9383
1749528365.4761007	13	17279	9392
1749528370.4912705	13	17287	9396
1749528375.5094798	13	17300	9402
1749528380.5312126	13	17306	9407
1749528385.5465102	13	17314	9416
1749528390.561841	13	17323	9422
1749528395.5768447	13	17338	9430
1749528400.5942478	13	17355	9436
1749528405.6163452	13	17367	9446
1749528410.6312737	13	17377	9450
1749528415.6451356	13	17389	9454
1749528420.66	13	17404	9461
1749528425.6789513	13	17412	9468
1749528430.692655	13	17424	9474
1749528435.707603	13	17433	9480
1749528440.7239444	13	17448	9490
1749528445.739007	13	17461	9493
1749528450.7532828	13	17474	9505
1749528455.7690156	13	17487	9514
1749528460.784019	13	17496	9521
1749528465.8035328	13	17507	9523
1749528470.8191054	13	17524	9526
1749528475.8338459	13	17535	9535
1749528480.8486428	13	17549	9541
1749528485.866819	13	17557	9546
1749528490.890648	13	17574	9551
1749528495.905233	13	17588	9563
1749528500.9204028	13	17603	9570
1749528505.93563	13	17624	9577
1749528510.9534078	13	17636	9581
1749528515.9777799	13	17649	9582
1749528520.9940915	13	17663	9591
1749528526.0096896	13	17677	9594
1749528531.0245674	13	17688	9599
1749528536.0399332	14	17703	9606
1749528541.0625513	14	17716	9615
1749528546.0786965	14	17729	9620
1749528551.0929136	14	17737	9630
1749528556.1088824	14	17752	9638
1749528561.124986	14	17762	9648
1749528566.1447814	14	17775	9654
1749528571.1624422	14	17786	9661
1749528576.1778352	14	17801	9668
1749528581.1926005	14	17815	9672
1749528586.207225	14	17824	9677
1749528591.2248092	14	17840	9684
1749528596.2429638	14	17854	9694
1749528601.2560122	14	17872	9702
1749528606.270625	14	17883	9715
1749528611.2854288	14	17893	9723
1749528616.3073986	14	17897	9732
1749528621.328668	14	17911	9738
1749528626.341904	14	17919	9741
1749528631.3555074	14	17932	9749
1749528636.3685946	14	17943	9755
1749528641.392825	14	17966	9761
1749528646.4137185	14	17976	9771
1749528651.428667	14	17991	9780
1749528656.4437213	14	18009	9791
1749528661.4586225	14	18022	9796
1749528666.4751432	14	18030	9798
1749528671.496045	14	18049	9802
1749528676.5107644	14	18058	9806
1749528681.5257604	14	18069	9814
1749528686.5404403	14	18081	9820
1749528691.5605948	14	18098	9826
1749528696.5833557	14	18110	9835
1749528701.5984585	14	18119	9847
1749528706.615097	14	18128	9849
1749528711.6299505	14	18133	9855
1749528716.6454556	14	18145	9858
1749528721.66936	14	18153	9867
1749528726.6844647	14	18161	9871
1749528731.6992126	14	18170	9875
1749528736.7145236	14	18187	9885
1749528741.7301993	14	18201	9890
1749528746.755082	14	18217	9896
1749528751.7688134	14	18229	9904
1749528756.78442	14	18239	9907
1749528761.7986305	14	18247	9912
1749528766.8167913	14	18259	9917
1749528771.8313422	14	18265	9919
1749528776.8455877	14	18278	9925
1749528781.860324	14	18291	9927
1749528786.8763864	14	18298	9936
1749528791.8930104	14	18311	9945
1749528796.9086246	14	18330	9953
1749528801.9241805	14	18342	9959
1749528806.9394405	14	18356	9964
1749528811.9550421	14	18371	9973
1749528816.9707878	14	18378	9984
1749528821.986878	14	18387	9988
1749528827.001479	14	18392	9995
1749528832.0251617	14	18412	10004
1749528837.0413437	14	18429	10009
1749528842.0574217	14	18445	10016
1749528847.0732617	14	18458	10025
1749528852.088864	14	18471	10037
1749528857.1109495	14	18489	10044
1749528862.1271322	14	18498	10049
1749528867.1425254	14	18511	10056
1749528872.1582341	14	18519	10064
1749528877.175807	14	18526	10077
1749528882.1992333	14	18534	10082
1749528887.2148926	14	18551	10088
1749528892.230694	14	18565	10096
1749528897.2467031	14	18575	10104
1749528902.2643912	14	18589	10112
1749528907.287326	14	18600	10121
1749528912.3058314	14	18612	10126
1749528917.3213248	14	18620	10135
1749528922.3369584	14	18632	10142
1749528927.3531382	14	18638	10148
1749528932.3750348	14	18651	10152
1749528937.3960748	14	18660	10159
1749528942.4117777	14	18671	10164
1749528947.4278424	14	18683	10169
1749528952.4431505	14	18701	10173
1749528957.466731	14	18712	10178
1749528962.4874966	14	18726	10184
1749528967.5022578	14	18738	10190
1749528972.5170114	14	18750	10198
1749528977.532495	14	18771	10204
1749528982.5580716	14	18776	10213
1749528987.5809333	14	18790	10221
1749528992.5968814	14	18804	10226
1749528997.6109042	14	18822	10230
1749529002.6267295	14	18836	10243
1749529007.647758	14	18848	10247
1749529012.6706688	14	18860	10256
1749529017.6859088	14	18876	10265
1749529022.7015173	14	18889	10274
1749529027.717758	14	18896	10286
1749529032.7337945	14	18903	10295
1749529037.7572603	14	18914	10305
1749529042.7734203	14	18928	10312
1749529047.7888315	14	18943	10322
1749529052.8042405	14	18953	10326
1749529057.8196645	14	18969	10332
1749529062.8432105	14	18985	10343
1749529067.8584208	14	18995	10347
1749529072.8732123	14	19007	10352
1749529077.887386	14	19022	10359
1749529082.9062598	14	19033	10364
1749529087.9308963	14	19041	10372
1749529092.9442883	14	19055	10380
1749529097.9580595	14	19064	10390
1749529102.9713993	14	19075	10394
1749529107.9953258	14	19091	10399
1749529113.0197573	14	19106	10408
1749529118.033234	14	19110	10421
1749529123.0472887	14	19121	10430
1749529128.06109	14	19135	10436
1749529133.08212	14	19155	10439
1749529138.0959046	14	19165	10448
1749529143.1094866	14	19174	10454
1749529148.123619	14	19192	10465
1749529153.1374683	14	19203	10473
1749529158.1519475	14	19211	10479
1749529163.165887	14	19219	10482
1749529168.1804216	14	19229	10486
1749529173.1960938	14	19240	10489
1749529178.2097452	14	19259	10497
1749529183.2236652	14	19276	10499
1749529188.237939	14	19287	10505
1749529193.254727	14	19302	10514
1749529198.2782605	14	19311	10523
1749529203.2936265	14	19321	10532
1749529208.3078587	14	19337	10537
1749529213.3229513	14	19357	10545
1749529218.339661	14	19369	10552
1749529223.3627262	14	19385	10559
1749529228.3784702	14	19397	10569
1749529233.3924916	14	19410	10576
1749529238.4069757	14	19420	10586
1749529243.4249804	14	19428	10595
1749529248.4461582	14	19442	10603
1749529253.463776	14	19454	10611
1749529258.4788132	14	19469	10616
1749529263.4944103	14	19482	10620
1749529268.5105052	14	19496	10627
1749529273.5313623	14	19512	10633
1749529278.5501974	14	19523	10641
1749529283.5661125	14	19543	10649
1749529288.5816438	14	19558	10655
1749529293.5965748	14	19570	10658
1749529298.6164653	14	19579	10666
1749529303.6361375	14	19593	10670
1749529308.6521313	14	19605	10678
1749529313.667684	14	19617	10680
1749529318.6830072	14	19631	10682
1749529323.7027264	14	19643	10687
1749529328.723376	14	19660	10698
1749529333.739649	14	19677	10709
1749529338.754625	14	19687	10718
1749529343.7684255	14	19703	10726
1749529348.7879527	14	19717	10733
1749529353.8101294	14	19728	10741
1749529358.8255658	14	19736	10747
1749529363.8411367	14	19747	10752
1749529368.856388	14	19756	10757
1749529373.8774292	14	19767	10767
1749529378.9008322	14	19781	10775
1749529383.916221	14	19793	10782
1749529388.9320776	14	19801	10793
1749529393.94715	14	19818	10802
1749529398.9658666	14	19832	10805
1749529403.98998	14	19851	10816
1749529409.0051534	14	19866	10822
1749529414.020928	14	19880	10826
1749529419.0372148	14	19891	10830
1749529424.0526493	14	19901	10833
1749529429.0771646	14	19917	10840
1749529434.092891	14	19928	10847
1749529439.1091962	14	19936	10852
1749529444.1248472	14	19949	10857
1749529449.1426713	14	19959	10863
1749529454.1692905	14	19976	10872
1749529459.1851132	14	19989	10881
1749529464.2009647	14	20002	10888
1749529469.216913	14	20009	10891
1749529474.2307553	14	20020	10897
1749529479.2567596	14	20028	10907
1749529484.2711005	14	20045	10914
1749529489.286356	14	20057	10922
1749529494.3023627	14	20075	10927
1749529499.318677	14	20085	10935
1749529504.343808	14	20101	10945
1749529509.3598886	14	20113	10952
1749529514.376277	14	20125	10957
1749529519.3921957	14	20143	10968
1749529524.4067616	14	20153	10975
1749529529.4201005	14	20169	10985
1749529534.4354732	14	20185	10989
1749529539.4514353	14	20199	11002
1749529544.46665	14	20210	11014
1749529549.4925659	14	20221	11021
1749529554.5077555	14	20236	11031
1749529559.5240786	14	20249	11043
1749529564.5395062	14	20256	11053
1749529569.5557349	14	20269	11057
1749529574.579491	14	20281	11063
1749529579.593463	14	20297	11065
1749529584.608758	14	20312	11068
1749529589.624137	14	20328	11076
1749529594.6403883	14	20340	11081
1749529599.656187	14	20353	11091
1749529604.67248	14	20362	11100
1749529609.6984267	14	20377	11106
1749529614.713888	14	20388	11112
1749529619.7305424	14	20401	11118
1749529624.755584	14	20410	11121
1749529629.7714753	14	20422	11129
1749529634.78795	14	20432	11134
1749529639.8030777	14	20449	11140
1749529644.8190424	14	20468	11150
1749529649.844762	14	20479	11155
1749529654.8607244	14	20492	11164
1749529659.8758378	14	20505	11173
1749529664.8923287	14	20517	11178
1749529669.907967	14	20530	11187
1749529674.9273226	14	20547	11192
1749529679.9425902	14	20557	11200
1749529684.960072	14	20568	11206
1749529689.9758809	14	20576	11211
1749529694.9919949	15	20588	11220
1749529700.008482	15	20603	11226
1749529705.024651	15	20620	11237
1749529710.0411997	15	20631	11243
1749529715.057343	15	20645	11252
1749529720.07267	15	20661	11257
1749529725.0900052	15	20673	11264
1749529730.10614	15	20686	11271
1749529735.122792	15	20702	11277
1749529740.1393232	15	20713	11281
1749529745.1553175	15	20725	11290
1749529750.1719072	15	20741	11297
1749529755.1971886	15	20758	11300
1749529760.2124717	15	20772	11310
1749529765.2283735	15	20788	11318
1749529770.2437356	15	20796	11329
1749529775.2607872	15	20810	11337
1749529780.2801988	15	20823	11339
1749529785.2966454	15	20834	11347
1749529790.3120692	15	20842	11360
1749529795.3276172	15	20850	11369
1749529800.3440175	15	20857	11375
1749529805.361332	15	20867	11379
1749529810.3774576	15	20883	11383
1749529815.3935814	15	20897	11389
1749529820.40954	15	20910	11392
1749529825.4260411	15	20930	11402
1749529830.4436886	15	20945	11413
1749529835.4595656	15	20962	11424
1749529840.4751222	15	20981	11430
1749529845.4909768	15	20995	11437
1749529850.5066211	15	21003	11441
1749529855.5267212	15	21011	11450
1749529860.543115	15	21023	11462
1749529865.5587778	15	21035	11468
1749529870.5748773	15	21042	11479
1749529875.5905912	15	21055	11485
1749529880.6119983	15	21070	11491
1749529885.6294613	15	21079	11499
1749529890.643587	15	21085	11503
1749529895.6588943	15	21093	11508
1749529900.6768084	15	21106	11515
1749529905.6981096	15	21117	11520
1749529910.7144558	15	21129	11526
1749529915.7303286	15	21141	11537
1749529920.7463858	15	21153	11541
1749529925.7618732	15	21170	11544
1749529930.7787442	15	21189	11550
1749529935.797483	15	21204	11555
1749529940.8134332	15	21223	11561
1749529945.8301713	15	21236	11574
1749529950.8462708	15	21248	11581
1749529955.8622744	15	21260	11590
1749529960.8795562	15	21272	11595
1749529965.8949952	15	21283	11606
1749529970.9113019	15	21291	11610
1749529975.927888	15	21310	11615
1749529980.9447246	15	21324	11622
1749529985.9599738	15	21330	11630
1749529990.975468	15	21346	11638
1749529995.991124	15	21364	11639
1749530001.0060623	16	21379	11644
1749530006.0219939	16	21391	11647
1749530011.041364	16	21406	11651
1749530016.056021	16	21415	11659
1749530021.0723567	16	21425	11671
1749530026.0873098	16	21434	11678
1749530031.1041903	16	21440	11689
1749530036.1259289	16	21453	11697
1749530041.14091	16	21464	11707
1749530046.1570218	16	21481	11713
1749530051.172203	16	21492	11728
1749530056.1888306	16	21503	11732
1749530061.21328	16	21520	11740
1749530066.229058	16	21536	11746
1749530071.244512	16	21551	11754
1749530076.2584796	16	21563	11759
1749530081.2774546	16	21578	11765
1749530086.3005583	16	21587	11769
1749530091.3160899	16	21600	11772
1749530096.332375	16	21619	11778
1749530101.3469484	16	21630	11785
1749530106.3632138	16	21643	11795
1749530111.3882208	16	21656	11799
1749530116.40426	16	21669	11803
1749530121.4200518	16	21683	11810
1749530126.4363673	16	21699	11820
1749530131.4518943	16	21713	11827
1749530136.4778845	16	21724	11836
1749530141.4944685	16	21738	11843
1749530146.5104413	16	21750	11854
1749530151.526337	16	21757	11863
1749530156.5420713	16	21773	11871
1749530161.5648177	16	21781	11877
1749530166.5796077	16	21790	11883
1749530171.5955746	16	21802	11887
1749530176.6116662	16	21817	11894
1749530181.6265876	16	21828	11901
1749530186.6502404	16	21834	11908
1749530191.6652067	16	21850	11918
1749530196.6815355	16	21859	11923
1749530201.6961915	16	21870	11926
1749530206.7112985	16	21880	11931
1749530211.7362266	16	21893	11938
1749530216.7519486	16	21903	11944
1749530221.7680867	16	21917	11949
1749530226.7837052	16	21928	11956
1749530231.7995758	16	21936	11961
1749530236.8237906	16	21945	11969
1749530241.8391137	16	21963	11973
1749530246.8544886	16	21968	11978
1749530251.8687668	16	21978	11986
1749530256.8851643	16	21990	11996
1749530261.9006116	16	22001	12000
1749530266.9164732	16	22017	12006
1749530271.9305902	16	22022	12016
1749530276.9457119	16	22033	12024
1749530281.970326	16	22045	12027
1749530286.9854617	16	22061	12035
1749530292.001043	16	22074	12040
1749530297.0168836	16	22087	12043
1749530302.0325541	16	22099	12048
1749530307.0544298	16	22114	12057
1749530312.070449	16	22119	12063
1749530317.0883977	16	22130	12072
1749530322.1042025	16	22149	12080
1749530327.1201253	16	22160	12084
1749530332.141939	16	22174	12087
1749530337.1577687	16	22189	12097
1749530342.177842	16	22202	12101
1749530347.1936066	16	22212	12113
1749530352.209324	16	22227	12123
1749530357.232533	16	22246	12132
1749530362.2478895	16	22259	12135
1749530367.2683175	16	22272	12141
1749530372.2849605	16	22283	12150
1749530377.300727	16	22296	12159
1749530382.3231213	16	22310	12161
1749530387.339489	16	22316	12165
1749530392.3593228	16	22328	12173
1749530397.3747396	16	22337	12183
1749530402.3900971	16	22351	12191
1749530407.4124506	16	22364	12199
1749530412.4260185	16	22377	12210
1749530417.4501553	16	22387	12216
1749530422.466178	16	22400	12221
1749530427.4807665	16	22410	12229
1749530432.501239	16	22421	12237
1749530437.5166798	16	22436	12242
1749530442.5376801	16	22452	12247
1749530447.553888	16	22464	12256
1749530452.570114	16	22475	12261
1749530457.5893736	16	22487	12267
1749530462.615569	16	22503	12275
1749530467.6302044	16	22519	12283
1749530472.6448588	16	22529	12289
1749530477.6610932	16	22538	12296
1749530482.6771119	16	22552	12303
1749530487.70261	16	22567	12308
1749530492.7179065	16	22579	12319
1749530497.733593	16	22593	12321
1749530502.74972	16	22608	12326
1749530507.7661405	16	22620	12332
1749530512.7898839	16	22624	12335
1749530517.8057845	16	22631	12339
1749530522.8216212	16	22647	12349
1749530527.8353276	16	22658	12354
1749530532.8558216	16	22676	12363
1749530537.8787355	16	22692	12369
1749530542.8975635	16	22705	12379
1749530547.912875	16	22721	12387
1749530552.9277892	16	22727	12389
1749530557.9486952	16	22745	12393
1749530562.971917	16	22760	12399
1749530567.9893768	16	22769	12410
1749530573.0052826	16	22776	12413
1749530578.0212092	16	22791	12417
1749530583.0360308	16	22805	12431
1749530588.0620968	16	22815	12436
1749530593.0828478	16	22829	12441
1749530598.0989048	16	22835	12450
1749530603.115164	16	22846	12453
1749530608.1305573	16	22859	12454
1749530613.1537597	16	22872	12460
1749530618.1746972	16	22883	12466
1749530623.1900992	16	22899	12477
1749530628.2058532	16	22907	12483
1749530633.222362	16	22915	12492
1749530638.2425537	16	22928	12497
1749530643.2663314	16	22944	12503
1749530648.2819333	16	22957	12512
1749530653.2981162	16	22971	12520
1749530658.313918	16	22976	12529
1749530663.3351326	16	22986	12532
1749530668.3600886	16	23002	12535
1749530673.375535	16	23012	12541
1749530678.3920045	16	23026	12550
1749530683.4083683	16	23037	12557
1749530688.4280872	16	23048	12565
1749530693.451786	16	23064	12573
1749530698.4674282	16	23080	12584
1749530703.482354	16	23088	12590
1749530708.4981234	16	23104	12597
1749530713.5161746	16	23127	12604
1749530718.5404015	16	23136	12609
1749530723.5541294	16	23155	12617
1749530728.5697746	16	23165	12623
1749530733.5839703	16	23178	12629
1749530738.608355	16	23189	12635
1749530743.6339405	16	23194	12638
1749530748.6478436	16	23209	12642
1749530753.6636896	16	23217	12647
1749530758.6798947	16	23225	12649
1749530763.6965668	16	23237	12658
1749530768.722549	16	23250	12668
1749530773.7372415	16	23261	12673
1749530778.753334	16	23274	12683
1749530783.7702453	16	23285	12691
1749530788.785803	16	23295	12699
1749530793.8015776	16	23303	12704
1749530798.8174815	16	23318	12714
1749530803.8334599	16	23333	12720
1749530808.8503933	16	23344	12727
1749530813.866665	16	23366	12734
1749530818.8825302	16	23379	12739
1749530823.899322	16	23398	12745
1749530828.918693	16	23412	12757
1749530833.9356968	16	23427	12762
1749530838.951127	16	23437	12768
1749530843.9656894	16	23446	12775
1749530848.987466	16	23456	12778
1749530854.0022087	16	23468	12783
1749530859.016982	16	23485	12791
1749530864.0319488	16	23495	12795
1749530869.052281	16	23512	12802
1749530874.0674503	16	23517	12809
1749530879.0820448	16	23530	12812
1749530884.0959392	16	23541	12818
1749530889.1107326	16	23553	12822
1749530894.1247933	16	23567	12824
1749530899.1388881	16	23576	12830
1749530904.1525254	16	23592	12842
1749530909.166823	16	23601	12849
1749530914.1809142	16	23613	12860
1749530919.1958637	16	23626	12871
1749530924.209307	17	23634	12882
1749530929.2288086	17	23642	12889
1749530934.2467735	17	23655	12895
1749530939.2611933	17	23666	12903
1749530944.2747116	17	23674	12912
1749530949.288271	17	23680	12920
1749530954.3023708	17	23694	12927
1749530959.3162503	17	23700	12930
1749530964.330486	17	23720	12937
1749530969.3528233	17	23732	12943
1749530974.3667874	17	23742	12948
1749530979.3806825	17	23759	12953
1749530984.3949976	17	23777	12963
1749530989.4111986	17	23787	12971
1749530994.425021	17	23798	12975
1749530999.443773	17	23817	12984
1749531004.4578362	17	23827	12987
1749531009.472374	17	23839	12992
1749531014.4864426	17	23844	13002
1749531019.5003357	17	23858	13010
1749531024.5143027	17	23879	13018
1749531029.5317743	17	23889	13020
1749531034.5541985	17	23900	13027
1749531039.56975	17	23917	13036
1749531044.5849779	17	23930	13042
1749531049.59895	17	23943	13050
1749531054.6218455	17	23957	13058
1749531059.644014	17	23967	13068
1749531064.659173	17	23977	13074
1749531069.6761224	17	23987	13079
1749531074.691091	17	24000	13086
1749531079.7100253	17	24011	13091
1749531084.7321448	17	24024	13095
1749531089.746042	17	24040	13100
1749531094.759594	17	24051	13110
1749531099.7729979	17	24061	13116
1749531104.7946527	17	24071	13122
1749531109.8174956	17	24082	13129
1749531114.831324	17	24091	13136
1749531119.8446178	17	24097	13142
1749531124.858179	17	24111	13145
1749531129.8783627	17	24118	13150
1749531134.9031632	17	24128	13156
1749531139.918986	17	24137	13163
1749531144.934481	17	24147	13166
1749531149.9505703	17	24157	13173
1749531154.966276	17	24171	13182
1749531159.9900362	17	24179	13189
1749531165.0050664	17	24194	13197
1749531170.0209002	17	24208	13201
1749531175.0372524	17	24218	13204
1749531180.0516856	17	24232	13209
1749531185.076281	17	24245	13214
1749531190.0921206	17	24258	13218
1749531195.1080735	17	24271	13227
1749531200.1216662	17	24280	13229
1749531205.1370783	17	24292	13233
1749531210.1517985	17	24306	13238
1749531215.167573	17	24316	13246
1749531220.1825395	17	24333	13255
1749531225.1978843	17	24347	13262
1749531230.2136734	17	24362	13271
1749531235.22886	17	24379	13279
1749531240.244662	17	24397	13281
1749531245.260789	17	24409	13286
1749531250.2771218	17	24422	13289
1749531255.2931423	17	24435	13297
1749531260.3089414	17	24448	13303
1749531265.3259532	17	24465	13310
1749531270.3453128	17	24477	13315
1749531275.3617446	17	24493	13322
1749531280.3777237	17	24513	13326
1749531285.3934517	17	24519	13338
1749531290.4099078	17	24529	13344
1749531295.43375	17	24543	13352
1749531300.4515617	17	24557	13356
1749531305.4694493	17	24569	13365
1749531310.4842107	17	24574	13375
1749531315.4982378	17	24596	13378
1749531320.5216467	17	24608	13384
1749531325.5416393	17	24618	13391
1749531330.5576053	17	24630	13396
1749531335.5730267	17	24648	13401
1749531340.5881896	17	24665	13409
1749531345.6109455	17	24670	13418
1749531350.6319022	17	24687	13422
1749531355.6478362	17	24701	13430
1749531360.6640065	17	24719	13435
1749531365.6787822	17	24731	13443
1749531370.700137	17	24744	13453
1749531375.7204463	17	24750	13468
1749531380.7358406	17	24766	13472
1749531385.7516766	17	24774	13477
1749531390.7662034	17	24791	13485
1749531395.787511	17	24819	13495
1749531400.8097043	17	24836	13497
1749531405.8248792	17	24845	13503
1749531410.8412998	17	24856	13510
1749531415.8574717	17	24864	13514
1749531420.875562	17	24879	13523
1749531425.8983142	17	24889	13529
1749531430.9150898	17	24901	13534
1749531435.9306173	17	24912	13538
1749531440.946341	17	24924	13544
1749531445.96571	18	24936	13555
1749531450.9903598	18	24953	13559
1749531456.0060742	18	24965	13569
1749531461.0222273	18	24977	13577
1749531466.0377147	18	24986	13585
1749531471.0543675	18	24999	13592
1749531476.0776856	18	25008	13601
1749531481.0927598	18	25020	13605
1749531486.1069663	18	25032	13613
1749531491.120386	18	25039	13629
1749531496.1394243	18	25051	13640
1749531501.1530652	18	25060	13646
1749531506.1669526	18	25073	13651
1749531511.1804156	18	25085	13660
1749531516.1942637	18	25099	13668
1749531521.2081091	18	25115	13678
1749531526.222205	18	25128	13681
1749531531.2369804	18	25143	13690
1749531536.2516782	18	25150	13696
1749531541.2751741	18	25157	13698
1749531546.2902894	18	25172	13703
1749531551.3043356	18	25183	13708
1749531556.327163	18	25197	13712
1749531561.3529847	18	25204	13713
1749531566.3679476	18	25212	13720
1749531571.3825424	18	25219	13727
1749531576.3977861	18	25230	13731
1749531581.4165561	18	25242	13739
1749531586.441837	18	25259	13745
1749531591.4581296	18	25270	13757
1749531596.4737089	18	25286	13764
1749531601.4897673	18	25298	13771
1749531606.5061061	18	25310	13780
1749531611.5291014	18	25321	13785
1749531616.5472667	18	25334	13788
1749531621.5622125	18	25346	13797
1749531626.5760982	18	25359	13808
1749531631.5960267	19	25371	13813
1749531636.6190894	19	25377	13821
1749531641.638416	19	25387	13826
1749531646.6530855	19	25402	13838
1749531651.6670015	19	25418	13842
1749531656.6806395	19	25430	13850
1749531661.6944947	19	25443	13855
1749531666.7079203	19	25460	13863
1749531671.7217457	19	25474	13872
1749531676.7358162	19	25490	13879
1749531681.7515874	19	25501	13885
1749531686.7674148	19	25522	13889
1749531691.7817874	19	25536	13897
1749531696.79708	19	25549	13906
1749531701.8124382	19	25568	13914
1749531706.8264635	19	25583	13918
1749531711.8516312	19	25597	13925
1749531716.8710957	19	25613	13931
1749531721.8866215	19	25625	13937
1749531726.901829	19	25636	13948
1749531731.9176762	19	25652	13949
1749531736.9331737	19	25660	13954
1749531741.9519045	19	25672	13960
1749531746.9678295	19	25686	13968
1749531751.9828663	19	25696	13983
1749531756.9989405	19	25708	13987
1749531762.0152705	19	25718	13993
1749531767.0377388	19	25724	13998
1749531772.0528865	19	25745	14003
1749531777.0683866	19	25754	14007
1749531782.0846446	19	25765	14012
1749531787.100704	19	25778	14016
1749531792.1228528	19	25789	14024
1749531797.1386456	19	25802	14029
1749531802.1548536	19	25810	14035
1749531807.1701941	19	25822	14043
1749531812.1860228	19	25826	14049
1749531817.2089372	19	25841	14058
1749531822.2251937	19	25862	14063
1749531827.241014	19	25877	14069
1749531832.256533	19	25886	14075
1749531837.2719479	19	25904	14084
1749531842.2962756	19	25911	14090
1749531847.3130064	19	25924	14096
1749531852.3285503	19	25935	14102
1749531857.3423862	19	25942	14107
1749531862.358093	19	25955	14116
1749531867.3808348	19	25969	14122
1749531872.3970132	19	25981	14129
1749531877.4124336	19	25986	14135
1749531882.4276626	19	25993	14143
1749531887.4439676	19	26003	14156
1749531892.4682243	19	26010	14162
1749531897.4832888	19	26020	14168
1749531902.4989746	19	26037	14176
1749531907.5152326	19	26053	14180
1749531912.5311837	19	26060	14187
1749531917.5556903	19	26073	14191
1749531922.5714664	19	26085	14197
1749531927.5867653	19	26097	14202
1749531932.602485	19	26110	14210
1749531937.6179523	19	26119	14218
1749531942.6438732	19	26137	14230
1749531947.6601334	19	26148	14235
1749531952.6768596	19	26158	14239
1749531957.6941068	19	26174	14246
1749531962.7093413	19	26193	14250
1749531967.7317162	19	26205	14257
1749531972.747969	19	26221	14266
1749531977.764111	19	26237	14275
1749531982.7802234	19	26248	14281
1749531987.795447	19	26259	14284
1749531992.8192291	19	26268	14287
1749531997.8356516	19	26282	14295
1749532002.8497114	19	26291	14301
1749532007.8652682	19	26308	14307
1749532012.879828	19	26318	14311
1749532017.8956714	19	26329	14318
1749532022.911355	19	26343	14325
1749532027.9270737	19	26360	14329
1749532032.943342	19	26371	14334
1749532037.9690957	19	26388	14342
1749532042.9849684	19	26399	14350
1749532048.0034037	19	26412	14356
1749532053.0181937	19	26423	14359
1749532058.0338962	19	26438	14364
1749532063.0578752	19	26445	14370
1749532068.0735154	19	26454	14376
1749532073.0913126	19	26465	14382
1749532078.1068285	19	26476	14390
1749532083.122872	19	26486	14397
1749532088.1477892	19	26495	14398
1749532093.1628182	19	26510	14405
1749532098.1816044	19	26525	14409
1749532103.1963453	19	26531	14417
1749532108.2124956	19	26539	14422
1749532113.2347207	19	26557	14431
1749532118.250089	19	26562	14439
1749532123.2707353	19	26571	14445
1749532128.2868428	19	26586	14451
1749532133.3021972	19	26593	14457
1749532138.3242366	19	26602	14461
1749532143.3400486	19	26616	14467
1749532148.3598874	19	26630	14476
1749532153.3756633	19	26642	14483
1749532158.391521	19	26652	14490
1749532163.41193	19	26663	14493
1749532168.4272892	19	26674	14501
1749532173.448	19	26688	14504
1749532178.4634314	19	26698	14511
1749532183.478997	19	26713	14524
1749532188.5020027	19	26724	14527
1749532193.5157862	19	26739	14534
1749532198.5397487	19	26750	14539
1749532203.5543246	19	26761	14546
1749532208.5690815	19	26778	14556
1749532213.5952268	19	26791	14560
1749532218.6220918	19	26801	14568
1749532223.6379535	19	26817	14570
1749532228.654095	19	26830	14575
1749532233.6690693	19	26841	14585
1749532238.6868618	19	26853	14595
1749532243.7107322	19	26871	14599
1749532248.7256591	19	26882	14605
1749532253.7391303	19	26888	14612
1749532258.752474	19	26903	14620
1749532263.7753315	19	26910	14634
1749532268.7889628	19	26922	14641
1749532273.8020327	19	26932	14646
1749532278.8159416	19	26945	14653
1749532283.8365557	19	26960	14658
1749532288.8498874	19	26973	14662
1749532293.8637795	19	26992	14668
1749532298.8779519	19	27002	14672
1749532303.9002485	19	27012	14674
1749532308.9136212	19	27027	14679
1749532313.9284084	19	27041	14683
1749532318.9442685	19	27058	14690
1749532323.95788	19	27076	14698
1749532328.9711652	19	27099	14703
1749532333.9860756	19	27105	14707
1749532339.010326	19	27119	14714
1749532344.034375	19	27136	14718
1749532349.0538158	19	27145	14723
1749532354.0695474	19	27159	14728
1749532359.085785	19	27173	14735
1749532364.102262	19	27185	14738
1749532369.1176593	19	27196	14748
1749532374.133445	19	27211	14756
1749532379.1487913	19	27221	14760
1749532384.1672559	19	27239	14766
1749532389.1825027	19	27250	14775
1749532394.1978867	19	27265	14779
1749532399.2142882	19	27274	14781
1749532404.2297819	19	27281	14791
1749532409.2444816	19	27295	14799
1749532414.2630208	19	27307	14806
1749532419.2793753	19	27316	14811
1749532424.2952106	19	27330	14815
1749532429.3217037	19	27338	14822
1749532434.337363	19	27349	14826
1749532439.3573718	19	27357	14832
1749532444.3729086	19	27370	14837
1749532449.3885705	19	27382	14839
1749532454.413024	19	27398	14842
1749532459.4276192	19	27411	14851
1749532464.4499009	19	27423	14859
1749532469.4656346	19	27437	14865
1749532474.4802942	19	27453	14870
1749532479.4965804	19	27465	14881
1749532484.5124223	19	27474	14893
1749532489.5278482	19	27481	14900
1749532494.5436783	19	27494	14904
1749532499.5671911	19	27501	14906
1749532504.5835736	19	27516	14910
1749532509.5991948	19	27526	14913
1749532514.6130939	19	27541	14920
1749532519.6343954	19	27553	14926
1749532524.6596289	19	27560	14935
1749532529.6740816	19	27571	14939
1749532534.689077	19	27581	14947
1749532539.7054684	19	27591	14950
1749532544.7293074	19	27601	14960
1749532549.754705	19	27610	14966
1749532554.769252	19	27622	14972
1749532559.7835124	19	27634	14982
1749532564.799115	19	27649	14988
1749532569.8217425	19	27662	14990
1749532574.8482456	19	27673	14994
1749532579.8638284	19	27685	15000
1749532584.8786333	19	27695	15007
1749532589.8945162	19	27706	15016
1749532594.917573	19	27714	15027
1749532599.9336731	19	27732	15036
1749532604.9493234	19	27747	15047
1749532609.9641852	19	27760	15051
1749532614.980465	19	27767	15057
1749532619.996843	19	27778	15064
1749532625.012737	19	27789	15071
1749532630.0276802	19	27801	15077
1749532635.052375	19	27812	15086
1749532640.0684648	19	27826	15094
1749532645.0833163	19	27842	15100
1749532650.098578	19	27853	15107
1749532655.123063	19	27869	15117
1749532660.1491754	19	27879	15122
1749532665.166369	19	27891	15130
1749532670.1808796	19	27899	15137
1749532675.196497	19	27915	15146
1749532680.218681	19	27932	15152
1749532685.24298	19	27939	15155
1749532690.2629695	19	27955	15165
1749532695.2770724	19	27965	15171
1749532700.2919831	19	27977	15179
1749532705.3165112	19	27988	15180
1749532710.3398051	19	28003	15182
1749532715.359709	19	28017	15194
1749532720.3752275	19	28034	15201
1749532725.3907676	19	28044	15211
1749532730.406703	19	28060	15221
1749532735.430811	19	28064	15227
1749532740.4515553	19	28074	15236
1749532745.4666848	19	28079	15243
1749532750.482275	19	28093	15251
1749532755.4980428	19	28102	15258
1749532760.5240972	19	28111	15268
1749532765.5455883	19	28123	15273
1749532770.5616133	20	28137	15279
1749532775.577142	20	28147	15286
1749532780.5939019	20	28159	15289
1749532785.6166027	20	28170	15296
1749532790.637999	20	28188	15301
1749532795.6532779	20	28206	15312
1749532800.6687195	20	28218	15320
1749532805.684096	20	28228	15332
1749532810.709071	20	28246	15335
1749532815.732661	20	28264	15342
1749532820.7485063	20	28270	15352
1749532825.7639222	20	28279	15364
1749532830.7775126	20	28290	15373
1749532835.8013096	20	28302	15381
1749532840.8244832	20	28314	15385
1749532845.8400228	20	28324	15391
1749532850.8559031	20	28335	15397
1749532855.871227	20	28345	15406
1749532860.888473	20	28354	15414
1749532865.9128108	20	28369	15423
1749532870.9280288	20	28383	15428
1749532875.943893	20	28396	15435
1749532880.959739	20	28410	15439
1749532885.9784582	20	28419	15448
1749532891.0033026	20	28434	15452
1749532896.0190496	20	28446	15465
1749532901.0350456	20	28461	15472
1749532906.051184	20	28473	15476
1749532911.067913	20	28483	15482
1749532916.0929265	20	28494	15488
1749532921.1091263	20	28502	15491
1749532926.1250503	20	28514	15496
1749532931.1408443	20	28527	15507
1749532936.1579142	20	28540	15517
1749532941.1733713	20	28549	15525
1749532946.188443	20	28559	15530
1749532951.2044265	20	28569	15536
1749532956.2199757	20	28584	15543
1749532961.235912	20	28595	15547
1749532966.2514412	20	28605	15555
1749532971.2674372	20	28619	15566
1749532976.287251	20	28630	15576
1749532981.303764	20	28646	15585
1749532986.31918	20	28659	15591
1749532991.335508	20	28673	15599
1749532996.356173	20	28683	15607
1749533001.3800266	20	28694	15613
1749533006.3983226	20	28705	15617
1749533011.4145539	20	28718	15623
1749533016.4311342	20	28732	15631
1749533021.4517343	20	28745	15636
1749533026.4751184	20	28758	15641
1749533031.4951828	20	28767	15646
1749533036.5114555	20	28781	15653
1749533041.5269814	20	28796	15662
1749533046.5471714	20	28806	15670
1749533051.5683305	20	28818	15675
1749533056.5854275	20	28825	15685
1749533061.6011186	20	28840	15693
1749533066.6169317	20	28849	15700
1749533071.632965	20	28857	15708
1749533076.6546648	20	28873	15712
1749533081.6737616	20	28889	15721
1749533086.6873367	20	28897	15725
1749533091.7009861	20	28912	15734
1749533096.7157278	20	28928	15740
1749533101.741742	20	28942	15745
1749533106.7622972	20	28953	15748
1749533111.7767577	20	28969	15752
1749533116.7914138	20	28981	15759
1749533121.8061285	20	28990	15763
1749533126.8302877	20	29003	15769
1749533131.852464	20	29016	15776
1749533136.8661022	20	29034	15782
1749533141.8805132	20	29047	15790
1749533146.8961804	20	29061	15794
1749533151.920815	20	29074	15802
1749533156.944061	20	29088	15804
1749533161.9595158	20	29104	15812
1749533166.97488	20	29116	15815
1749533171.9909596	20	29128	15824
1749533177.014869	20	29140	15831
1749533182.0396245	20	29151	15838
1749533187.0547059	20	29163	15847
1749533192.0698197	20	29174	15853
1749533197.084388	20	29188	15858
1749533202.1089306	20	29196	15864
1749533207.1334581	20	29204	15873
1749533212.1480844	20	29213	15877
1749533217.163046	20	29223	15884
1749533222.1791377	20	29228	15893
1749533227.2010942	20	29239	15906
1749533232.2273562	20	29254	15911
1749533237.2416992	20	29269	15924
1749533242.2567656	20	29278	15929
1749533247.2711427	20	29288	15936
1749533252.2959378	20	29298	15943
1749533257.311213	20	29308	15949
1749533262.3266945	20	29320	15960
1749533267.3417904	20	29341	15964
1749533272.3571916	20	29354	15972
1749533277.372223	20	29369	15980
1749533282.3870857	20	29384	15989
1749533287.4074724	20	29396	15996
1749533292.4225173	20	29411	16000
1749533297.4458847	20	29421	16007
1749533302.460768	20	29434	16010
1749533307.4753308	20	29446	16017
1749533312.495813	20	29457	16022
1749533317.5192604	20	29472	16028
1749533322.5335505	20	29489	16032
1749533327.5487068	20	29501	16040
1749533332.5635746	20	29515	16047
1749533337.582836	20	29519	16055
1749533342.6074207	20	29529	16063
1749533347.6219628	20	29535	16069
1749533352.6368768	20	29545	16075
1749533357.6524286	20	29560	16083
1749533362.671035	20	29570	16087
1749533367.6927645	20	29584	16093
1749533372.708817	20	29594	16099
1749533377.7240224	20	29609	16109
1749533382.73886	20	29614	16117
1749533387.7577424	20	29621	16120
1749533392.7799244	20	29635	16127
1749533397.7971442	20	29642	16133
1749533402.8125174	20	29653	16138
1749533407.8277829	20	29664	16147
1749533412.8434124	20	29676	16151
1749533417.866849	20	29688	16158
1749533422.8853576	20	29705	16164
1749533427.900791	20	29712	16170
1749533432.91631	20	29724	16173
1749533437.9319212	20	29733	16174
1749533442.9547005	20	29737	16181
1749533447.9745276	20	29747	16189
1749533452.9905536	20	29762	16196
1749533458.0062604	20	29774	16201
1749533463.0212984	20	29792	16205
1749533468.0423658	20	29804	16210
1749533473.0640705	20	29812	16212
1749533478.0789776	20	29828	16216
1749533483.095131	20	29841	16221
1749533488.1110005	20	29856	16225
1749533493.131548	20	29873	16232
1749533498.1532454	20	29886	16235
1749533503.1688821	20	29899	16242
1749533508.183132	20	29912	16246
1749533513.1985517	20	29918	16255
1749533518.2233076	20	29931	16263
1749533523.2484872	20	29936	16271
1749533528.262955	20	29942	16279
1749533533.2771869	20	29953	16289
1749533538.291787	20	29966	16296
1749533543.3164499	20	29977	16299
1749533548.3307014	20	29992	16309
1749533553.3464878	20	30001	16315
1749533558.3604095	20	30013	16319
1749533563.3747182	20	30025	16324
1749533568.390003	20	30039	16332
1749533573.4049194	20	30052	16337
1749533578.4214966	20	30066	16347
1749533583.4367194	20	30071	16356
1749533588.4599655	20	30085	16364
1749533593.4748278	20	30095	16370
1749533598.4884875	20	30108	16374
1749533603.5139096	20	30121	16383
1749533608.5295577	20	30138	16391
1749533613.5528297	20	30149	16398
1749533618.5665722	20	30163	16403
1749533623.5815537	20	30178	16412
1749533628.6055605	20	30189	16426
1749533633.6210024	20	30211	16435
1749533638.6462734	20	30220	16440
1749533643.6616786	20	30236	16445
1749533648.6786058	20	30257	16454
1749533653.69935	20	30273	16461
1749533658.724778	20	30284	16469
1749533663.7402775	20	30296	16479
1749533668.755483	20	30305	16486
1749533673.771027	20	30318	16490
1749533678.7919226	20	30328	16501
1749533683.8174264	20	30339	16509
1749533688.8338866	20	30355	16515
1749533693.8493254	20	30369	16520
1749533698.86464	20	30388	16529
1749533703.8858504	20	30400	16531
1749533708.9104893	20	30413	16535
1749533713.9290268	20	30424	16540
1749533718.9448287	20	30438	16544
1749533723.9605443	20	30452	16551
1749533728.9782887	20	30456	16556
1749533734.0009446	20	30461	16564
1749533739.0214598	20	30468	16576
1749533744.0369933	20	30476	16582
1749533749.0526643	20	30492	16587
1749533754.0688324	20	30499	16588
1749533759.0935423	20	30507	16597
1749533764.1144395	20	30520	16602
1749533769.1281426	20	30538	16607
1749533774.1439645	20	30558	16619
1749533779.159925	20	30575	16622
1749533784.1867745	20	30584	16627
1749533789.2081077	20	30599	16633
1749533794.224438	20	30613	16638
1749533799.2386227	20	30624	16645
1749533804.2541962	20	30634	16649
1749533809.2748442	20	30641	16657
1749533814.2955751	20	30665	16666
1749533819.3112686	20	30670	16670
1749533824.3270197	20	30680	16675
1749533829.3432932	20	30692	16679
1749533834.3628275	20	30700	16688
1749533839.383541	20	30714	16696
1749533844.3990774	20	30722	16705
1749533849.4154544	20	30730	16709
1749533854.4312866	20	30745	16723
1749533859.447544	20	30758	16734
1749533864.4701731	20	30773	16743
1749533869.4868026	20	30784	16749
1749533874.5024364	20	30799	16757
1749533879.51872	20	30807	16763
1749533884.5338957	20	30821	16768
1749533889.55684	20	30833	16776
1749533894.573065	20	30844	16784
1749533899.5901248	20	30863	16788
1749533904.6055257	20	30877	16790
1749533909.6205428	20	30893	16797
1749533914.6434724	20	30903	16806
1749533919.6599545	20	30918	16811
1749533924.6752603	20	30928	16818
1749533929.6910684	20	30937	16825
1749533934.707211	20	30942	16829
1749533939.7314446	20	30960	16831
1749533944.7459676	20	30973	16839
1749533949.759949	20	30988	16849
1749533954.7734818	20	31003	16855
