1750390662.3439527	1	42	84
1750390667.3571231	1	45	94
1750390672.3706863	1	49	107
1750390677.3846536	1	53	125
1750390682.3977003	1	56	136
1750390687.412686	1	63	146
1750390692.4259365	1	69	158
1750390697.4477155	1	74	168
1750390702.4581225	1	82	182
1750390707.4721694	1	89	196
1750390712.4857585	1	93	211
1750390717.4998844	1	100	223
1750390722.513427	1	106	232
1750390727.528959	1	115	251
1750390732.5430505	1	118	266
1750390737.5572684	1	125	282
1750390742.571187	1	130	292
1750390747.584476	1	137	308
1750390752.5982735	2	144	322
1750390757.6113179	2	150	334
1750390762.6251676	2	156	343
1750390767.6426792	2	160	352
1750390772.6574566	2	168	361
1750390777.6716409	3	175	377
1750390782.6862426	4	185	388
1750390787.7004743	4	190	397
1750390792.7151942	4	196	411
1750390797.7296507	4	203	420
1750390802.7437124	4	208	430
1750390807.7577913	5	213	444
1750390812.7714207	5	220	455
1750390817.7851703	5	221	473
1750390822.7987192	5	224	484
1750390827.8117797	5	227	498
1750390832.8246853	5	237	509
1750390837.836701	5	243	524
1750390842.848026	5	250	535
1750390847.8596523	5	253	546
1750390852.870876	5	258	557
1750390857.883023	6	265	567
1750390862.8945541	6	274	575
1750390867.9050746	6	278	593
1750390872.920308	6	281	601
1750390877.9323661	7	288	613
1750390882.9431696	7	293	626
1750390887.9556046	7	301	637
1750390892.9732075	7	305	655
1750390897.990596	7	312	662
1750390903.011622	7	315	668
1750390908.024184	7	321	681
1750390913.0377269	8	325	698
1750390918.051563	8	328	705
1750390923.0654614	8	334	714
1750390928.0795135	8	337	726
1750390933.0963938	9	341	737
1750390938.1101604	9	347	750
1750390943.1214716	9	352	766
1750390948.135067	9	358	783
1750390953.1504288	9	362	796
1750390958.165557	9	366	812
1750390963.1794233	9	374	819
1750390968.1930816	9	379	829
1750390973.2071548	10	388	853
1750390978.2208846	10	393	872
1750390983.233393	10	398	884
1750390988.2481608	10	402	892
1750390993.2599869	10	408	906
1750390998.2736704	10	416	926
1750391003.2878463	10	420	932
1750391008.2992265	10	427	945
1750391013.311977	10	428	958
1750391018.3252823	10	436	970
1750391023.3385415	10	440	980
1750391028.352142	10	445	995
1750391033.3717334	10	452	1002
1750391038.385539	10	460	1015
1750391043.4002385	10	469	1024
1750391048.415034	11	473	1037
1750391053.4294367	11	475	1046
1750391058.4452975	11	478	1059
1750391063.4594436	11	485	1071
1750391068.4728148	11	489	1085
1750391073.4922633	12	498	1097
1750391078.5105064	12	506	1105
1750391083.5302458	12	507	1112
1750391088.543599	12	512	1122
1750391093.559051	12	517	1132
1750391098.57305	12	522	1144
1750391103.5864606	13	531	1161
1750391108.5993948	13	537	1177
1750391113.6169286	13	539	1193
1750391118.6304822	13	544	1207
1750391123.643927	14	551	1220
1750391128.6574218	15	560	1229
1750391133.670916	16	564	1243
1750391138.686595	16	571	1257
1750391143.7007442	16	574	1273
1750391148.7216482	16	578	1285
1750391153.7368293	16	583	1295
1750391158.751697	16	587	1304
1750391163.7638786	16	591	1320
1750391168.7767515	16	594	1332
1750391173.7906685	16	605	1340
1750391178.8120413	16	614	1354
1750391183.8261032	16	618	1368
1750391188.8381226	16	628	1381
1750391193.8515499	16	633	1402
1750391198.8654397	16	642	1414
1750391203.8772974	16	645	1425
1750391208.8940578	17	654	1445
1750391213.907226	18	663	1452
1750391218.9240582	18	669	1466
1750391223.9370396	18	672	1476
1750391228.9492617	18	678	1493
1750391233.9610984	18	683	1507
1750391238.9736702	18	691	1519
1750391243.9856098	18	698	1533
1750391248.9987345	18	701	1548
1750391254.012347	19	710	1557
1750391259.0259233	19	716	1568
1750391264.046872	19	724	1582
1750391269.0602167	19	726	1593
1750391274.0748994	19	735	1612
1750391279.090718	19	738	1622
1750391284.1043296	19	741	1633
1750391289.1165123	19	744	1651
1750391294.129373	20	750	1667
1750391299.1507862	20	756	1676
1750391304.1664762	20	761	1687
1750391309.1806004	20	772	1698
1750391314.19507	20	776	1707
1750391319.2070906	20	780	1715
1750391324.225882	20	786	1726
1750391329.2402644	20	794	1733
1750391334.2548919	20	803	1745
1750391339.269237	20	812	1758
1750391344.2832131	21	819	1763
1750391349.29728	21	823	1774
1750391354.3152022	21	830	1789
1750391359.329264	21	838	1803
1750391364.3433754	21	844	1818
1750391369.3560617	21	849	1831
1750391374.3701944	21	855	1850
1750391379.383884	21	863	1864
1750391384.4062097	21	868	1876
1750391389.4245956	21	876	1893
1750391394.437401	21	878	1905
1750391399.4557757	23	883	1920
1750391404.4692874	23	888	1929
1750391409.483132	23	900	1938
1750391414.4971023	23	907	1947
1750391419.5139399	23	919	1960
1750391424.5271463	23	923	1970
1750391429.5407498	23	930	1985
1750391434.554624	23	941	1996
1750391439.5678253	23	944	2007
1750391444.5809338	23	949	2015
1750391449.594693	25	959	2030
1750391454.6084929	25	962	2040
1750391459.6230645	25	967	2049
1750391464.6382842	25	974	2069
1750391469.6514904	25	981	2082
1750391474.673362	25	988	2090
1750391479.6860464	25	993	2109
1750391484.699321	25	995	2125
1750391489.7131205	26	996	2135
1750391494.726318	26	1007	2152
1750391499.7412717	26	1021	2161
1750391504.756431	26	1028	2173
1750391509.776345	26	1038	2183
1750391514.78881	26	1044	2192
1750391519.8026626	26	1049	2203
1750391524.8155153	26	1055	2215
1750391529.8306918	27	1067	2223
1750391534.8451533	28	1072	2235
1750391539.8591409	28	1076	2253
1750391544.8736439	29	1081	2262
1750391549.8905494	29	1085	2278
1750391554.9051394	29	1093	2286
1750391559.919765	29	1099	2295
1750391564.9430184	29	1104	2313
1750391569.9585028	29	1108	2322
1750391574.9718964	29	1114	2340
1750391579.9866924	30	1121	2348
1750391585.001909	31	1131	2366
1750391590.0167227	32	1138	2377
1750391595.0300894	33	1148	2387
1750391600.04857	33	1148	2406
1750391605.0728393	33	1154	2424
1750391610.0882692	33	1160	2441
1750391615.102501	33	1161	2451
1750391620.1161597	33	1167	2466
1750391625.1293805	33	1169	2485
1750391630.1423795	34	1176	2497
1750391635.1592436	34	1183	2508
1750391640.1718419	34	1187	2519
1750391645.1902282	34	1192	2530
1750391650.2025292	34	1198	2546
1750391655.2169504	34	1206	2568
1750391660.2306323	34	1208	2580
1750391665.2514498	34	1215	2591
1750391670.2722511	34	1217	2602
1750391675.292207	34	1224	2617
1750391680.3056376	35	1230	2634
1750391685.3196828	35	1241	2642
1750391690.3344116	36	1244	2650
1750391695.3499365	36	1252	2663
1750391700.36438	36	1259	2671
1750391705.3778572	36	1264	2692
1750391710.3908165	37	1273	2709
1750391715.4044702	37	1280	2728
1750391720.4194188	37	1288	2741
1750391725.4334333	39	1292	2754
1750391730.44802	39	1298	2765
1750391735.4627283	41	1304	2778
1750391740.4779792	41	1310	2788
1750391745.4913728	41	1316	2803
1750391750.5088987	41	1321	2814
1750391755.5247638	41	1324	2828
1750391760.537471	41	1327	2846
1750391765.5509725	42	1336	2857
1750391770.5651555	42	1341	2867
1750391775.5789242	43	1348	2880
1750391780.593008	43	1352	2889
1750391785.6089764	43	1359	2904
1750391790.6228135	43	1366	2919
1750391795.636613	43	1370	2932
1750391800.6517978	44	1376	2949
1750391805.6655607	45	1383	2960
1750391810.6798284	45	1389	2969
1750391815.6946652	45	1391	2986
1750391820.7094889	45	1396	3002
1750391825.724569	45	1400	3018
1750391830.7377198	45	1405	3040
1750391835.7523108	45	1411	3050
1750391840.7675724	45	1418	3063
1750391845.7822695	45	1424	3074
1750391850.7981946	45	1430	3084
1750391855.8108609	45	1436	3091
1750391860.8259401	45	1440	3107
1750391865.8408675	46	1445	3125
1750391870.8542833	47	1449	3139
1750391875.8695393	47	1453	3149
1750391880.8825555	47	1458	3166
1750391885.903892	47	1467	3177
1750391890.9180918	47	1477	3193
1750391895.9319162	47	1484	3206
1750391900.9467194	47	1486	3219
1750391905.9621916	48	1493	3233
1750391910.977521	49	1499	3249
1750391915.9965866	49	1504	3262
1750391921.0171552	49	1515	3275
1750391926.0327308	49	1524	3284
1750391931.04668	49	1532	3298
1750391936.0622084	49	1536	3311
1750391941.0778916	49	1538	3325
1750391946.092068	50	1551	3341
1750391951.1065059	51	1557	3363
1750391956.1243024	52	1564	3376
1750391961.1388574	52	1570	3388
1750391966.1550653	53	1579	3413
1750391971.1699514	53	1587	3424
1750391976.1847115	53	1592	3442
1750391981.2022123	54	1596	3462
1750391986.2156594	54	1604	3477
1750391991.2302928	54	1608	3489
1750391996.2446153	54	1613	3512
1750392001.2596965	54	1620	3522
1750392006.2748191	56	1627	3541
1750392011.2925878	56	1633	3549
1750392016.3072731	56	1637	3563
1750392021.3213048	57	1640	3573
1750392026.335221	57	1643	3580
1750392031.3492882	57	1651	3589
1750392036.3647704	57	1659	3600
1750392041.3789363	57	1665	3612
1750392046.3944192	57	1671	3626
1750392051.4103284	57	1678	3637
1750392056.4247224	57	1680	3650
1750392061.4403596	58	1683	3661
1750392066.463012	58	1688	3675
1750392071.4769146	59	1698	3692
1750392076.4915955	60	1703	3704
1750392081.505301	61	1714	3714
1750392086.519671	61	1717	3722
1750392091.5335338	61	1728	3735
1750392096.5479202	62	1734	3747
1750392101.5683684	62	1737	3761
1750392106.583545	63	1750	3786
1750392111.5986717	63	1753	3799
1750392116.6165478	63	1761	3818
1750392121.6305249	63	1767	3832
1750392126.6448174	63	1770	3848
1750392131.658946	64	1776	3871
1750392136.678436	64	1779	3893
1750392141.693162	64	1784	3907
1750392146.70787	64	1789	3918
1750392151.7228768	65	1794	3928
1750392156.7394588	65	1798	3940
1750392161.7606175	65	1808	3955
1750392166.7815402	65	1814	3980
1750392171.7953777	65	1823	3994
1750392176.8113244	65	1833	4010
1750392181.8260462	65	1837	4028
1750392186.8408494	66	1847	4034
1750392191.8549578	67	1856	4052
1750392196.8685899	67	1860	4063
1750392201.8889759	67	1862	4072
1750392206.9044096	67	1866	4082
1750392211.9193375	67	1869	4093
1750392216.9331543	68	1873	4111
1750392221.9475827	69	1877	4127
1750392226.9671938	69	1882	4142
1750392231.980602	69	1887	4153
1750392236.995422	69	1898	4163
1750392242.0087938	69	1905	4177
1750392247.0218146	69	1908	4185
1750392252.0339935	69	1910	4197
1750392257.0483148	69	1915	4213
1750392262.0615134	69	1923	4222
1750392267.0749404	69	1926	4232
1750392272.0873928	69	1931	4246
1750392277.104911	69	1937	4265
1750392282.1226792	69	1941	4280
1750392287.135914	69	1946	4298
1750392292.1503723	69	1949	4309
1750392297.1654162	69	1955	4318
1750392302.1794467	69	1961	4335
1750392307.1970367	69	1967	4348
1750392312.2118478	69	1969	4359
1750392317.2303853	69	1973	4367
1750392322.2444413	69	1979	4381
1750392327.2582815	70	1985	4396
1750392332.2720604	70	1997	4405
1750392337.2941384	70	2005	4411
1750392342.3123903	70	2009	4421
1750392347.3265963	70	2016	4430
1750392352.3419433	70	2021	4441
1750392357.3547242	70	2024	4458
1750392362.3686109	70	2032	4472
1750392367.3820326	70	2038	4482
1750392372.3955703	70	2045	4500
1750392377.4095938	70	2049	4515
1750392382.4242334	70	2053	4533
1750392387.43873	70	2060	4548
1750392392.4598415	70	2065	4557
1750392397.4759107	70	2075	4571
1750392402.4897578	70	2082	4588
1750392407.5022857	70	2089	4605
1750392412.514383	70	2096	4621
1750392417.5272114	71	2108	4635
1750392422.5414362	71	2111	4644
1750392427.5553472	71	2116	4654
1750392432.5719569	72	2119	4664
1750392437.58774	72	2123	4681
1750392442.6034558	72	2125	4691
1750392447.6181295	72	2129	4706
1750392452.6330726	72	2133	4714
1750392457.6467583	72	2139	4727
1750392462.6617591	72	2147	4746
1750392467.6755812	72	2152	4764
1750392472.6952617	72	2158	4775
1750392477.7107236	72	2161	4790
1750392482.7266014	72	2169	4798
1750392487.7415853	72	2176	4814
1750392492.7547174	72	2180	4827
1750392497.769294	72	2185	4845
1750392502.7927208	72	2187	4860
1750392507.815448	72	2189	4868
1750392512.8312716	72	2196	4880
1750392517.8437493	73	2204	4894
1750392522.858266	73	2209	4911
1750392527.8744476	73	2213	4920
1750392532.889463	73	2218	4933
1750392537.908586	73	2224	4946
1750392542.923286	73	2228	4958
1750392547.9384017	73	2236	4970
1750392552.9526577	73	2243	4986
1750392557.9670389	73	2246	5001
1750392562.9812624	73	2247	5018
1750392567.999744	74	2255	5031
1750392573.022764	74	2256	5039
1750392578.038763	74	2260	5058
1750392583.054777	74	2267	5070
1750392588.0675106	74	2270	5085
1750392593.0832484	74	2275	5102
1750392598.098608	74	2285	5120
1750392603.1143527	74	2291	5131
1750392608.128712	74	2292	5147
1750392613.1438835	74	2297	5157
1750392618.1571326	74	2305	5169
1750392623.1712449	74	2308	5182
1750392628.1858733	74	2314	5188
1750392633.2072349	75	2320	5200
1750392638.2258043	76	2330	5214
1750392643.2492414	76	2340	5231
1750392648.2660453	76	2350	5243
1750392653.2801905	76	2355	5257
1750392658.294252	76	2359	5268
1750392663.308005	76	2360	5282
1750392668.3211372	76	2365	5291
1750392673.334864	76	2374	5298
1750392678.3484337	76	2382	5308
1750392683.360982	76	2388	5317
1750392688.3752055	77	2396	5326
1750392693.390766	77	2401	5337
1750392698.405623	78	2408	5349
1750392703.4204586	78	2413	5361
1750392708.4338658	78	2417	5371
1750392713.4476178	78	2422	5378
1750392718.465184	78	2425	5391
1750392723.479202	78	2432	5409
1750392728.4982226	78	2438	5419
1750392733.5132377	78	2443	5431
1750392738.5286176	78	2450	5442
1750392743.5427775	78	2457	5452
1750392748.5625222	78	2462	5469
1750392753.578956	78	2468	5477
1750392758.5918024	78	2471	5492
1750392763.604266	78	2476	5504
1750392768.6173697	78	2480	5519
1750392773.634641	78	2487	5540
1750392778.6506689	78	2492	5549
1750392783.663758	79	2500	5560
1750392788.6761475	79	2505	5574
1750392793.6891549	79	2507	5587
1750392798.7050927	79	2508	5607
1750392803.7171702	79	2513	5619
1750392808.7304945	79	2517	5628
1750392813.745108	79	2523	5641
1750392818.7582603	79	2531	5658
1750392823.7732568	79	2536	5666
1750392828.7864864	79	2544	5672
1750392833.8001688	79	2550	5685
1750392838.8130026	79	2557	5701
1750392843.8287582	79	2565	5716
1750392848.8449974	79	2571	5730
1750392853.8575587	79	2579	5745
1750392858.878451	79	2584	5756
1750392863.892832	79	2590	5770
1750392868.9065487	79	2595	5786
1750392873.9221141	79	2604	5799
1750392878.938477	79	2609	5813
1750392883.951071	79	2614	5828
1750392888.9635901	79	2622	5837
1750392893.9759488	79	2625	5857
1750392898.9887807	79	2631	5871
1750392904.0095153	80	2637	5876
1750392909.0223143	80	2641	5884
1750392914.034915	80	2646	5900
1750392919.0478046	80	2653	5908
1750392924.0606043	80	2664	5926
1750392929.0732932	80	2673	5938
1750392934.0860815	80	2679	5951
1750392939.10001	80	2682	5961
1750392944.1139545	80	2688	5972
1750392949.1282012	80	2695	5983
1750392954.1419125	81	2702	5996
1750392959.1553953	82	2706	6010
1750392964.1683197	82	2709	6022
1750392969.1822543	83	2720	6040
1750392974.1954365	83	2726	6049
1750392979.213703	83	2727	6066
1750392984.227313	83	2736	6086
1750392989.2414901	83	2742	6099
1750392994.2549038	83	2744	6114
1750392999.268844	83	2750	6124
1750393004.2815702	83	2754	6140
1750393009.2942305	83	2760	6153
1750393014.3063116	83	2763	6170
1750393019.3203752	83	2766	6179
1750393024.3349013	83	2769	6195
1750393029.3531575	83	2780	6205
1750393034.367232	83	2784	6222
1750393039.3854904	83	2790	6238
1750393044.3994448	83	2794	6258
1750393049.4131753	83	2797	6267
1750393054.4257555	83	2802	6278
1750393059.4464586	83	2810	6294
1750393064.4686937	83	2816	6311
1750393069.4866846	83	2822	6325
1750393074.500406	83	2825	6339
1750393079.5133665	84	2831	6352
1750393084.5260146	84	2836	6368
1750393089.5383503	84	2841	6381
1750393094.558224	85	2848	6399
1750393099.571921	85	2857	6412
1750393104.5926144	86	2865	6423
1750393109.6055915	87	2873	6435
1750393114.6185997	87	2881	6448
1750393119.6316695	87	2887	6466
1750393124.6559088	87	2894	6480
1750393129.67224	87	2901	6490
1750393134.6845083	88	2907	6514
1750393139.6984081	88	2916	6527
1750393144.7122273	88	2925	6537
1750393149.7250626	88	2933	6555
1750393154.739026	88	2941	6570
1750393159.7521765	88	2944	6582
1750393164.7652605	89	2946	6593
1750393169.7775877	89	2951	6605
1750393174.7903347	89	2953	6618
1750393179.80277	89	2960	6626
1750393184.8156552	89	2964	6642
1750393189.8293958	89	2968	6650
1750393194.8420455	89	2972	6661
1750393199.860329	90	2980	6676
1750393204.8736243	90	2984	6685
1750393209.886728	92	2991	6700
1750393214.89962	92	2998	6711
1750393219.9128542	93	3005	6728
1750393224.9287434	93	3013	6748
1750393229.9416876	93	3016	6758
1750393234.954987	93	3022	6771
1750393239.9687378	93	3027	6784
1750393244.9815395	93	3032	6795
1750393249.9953651	93	3036	6802
1750393255.0085475	93	3042	6818
1750393260.0214171	93	3045	6826
1750393265.033463	93	3050	6841
1750393270.0471108	93	3057	6858
1750393275.0662053	93	3061	6873
1750393280.079623	93	3066	6885
1750393285.0974336	93	3073	6897
1750393290.1093826	93	3077	6914
1750393295.1230364	93	3080	6926
1750393300.1373403	93	3085	6933
1750393305.1542983	93	3091	6950
1750393310.1668472	94	3097	6965
1750393315.1797168	94	3101	6986
1750393320.1926107	94	3105	6995
1750393325.2057192	94	3108	7014
1750393330.2213924	94	3112	7025
1750393335.2340605	94	3117	7040
1750393340.2473154	94	3123	7043
1750393345.2617128	94	3127	7062
1750393350.2761009	94	3131	7080
1750393355.2906494	94	3135	7096
1750393360.303149	94	3142	7107
1750393365.3171177	94	3147	7122
1750393370.3315926	94	3149	7134
1750393375.3460355	94	3155	7148
1750393380.3592682	94	3156	7163
1750393385.37393	94	3160	7170
1750393390.388463	94	3166	7177
1750393395.4029036	94	3173	7191
1750393400.4172208	94	3180	7205
1750393405.4294865	94	3185	7220
1750393410.4418955	94	3189	7232
1750393415.459463	94	3194	7250
1750393420.471485	94	3197	7261
1750393425.4841437	94	3203	7270
1750393430.4970422	95	3214	7284
1750393435.5156288	95	3222	7298
1750393440.5330472	95	3233	7313
1750393445.546815	95	3243	7322
1750393450.5603092	95	3246	7339
1750393455.5742295	95	3251	7348
1750393460.5881968	95	3258	7360
1750393465.602342	95	3262	7369
1750393470.6220386	95	3271	7382
1750393475.6345694	95	3274	7398
1750393480.6485987	95	3280	7407
1750393485.663054	97	3283	7419
1750393490.6776428	97	3289	7426
1750393495.6927223	97	3296	7436
1750393500.7134538	97	3302	7447
1750393505.7317262	97	3305	7455
1750393510.7465281	97	3310	7465
1750393515.7609715	97	3319	7487
1750393520.7754872	97	3323	7497
1750393525.7899032	97	3330	7513
1750393530.8045347	97	3334	7524
1750393535.8256776	97	3341	7537
1750393540.8482885	98	3349	7550
1750393545.8648782	98	3353	7561
1750393550.8786378	98	3360	7576
1750393555.8923059	98	3366	7585
1750393560.905994	99	3372	7605
1750393565.9202225	99	3377	7617
1750393570.939851	99	3386	7633
1750393575.9524212	99	3393	7649
1750393580.972224	99	3398	7668
1750393585.9861748	99	3404	7680
1750393591.0005736	100	3408	7697
1750393596.0142913	100	3410	7706
1750393601.0276496	100	3414	7716
1750393606.041337	100	3423	7724
1750393611.0557847	100	3432	7735
1750393616.069578	100	3438	7745
1750393621.088951	100	3444	7759
1750393626.1034012	100	3448	7774
1750393631.1192257	100	3453	7790
1750393636.133129	100	3458	7802
1750393641.1477077	100	3467	7815
1750393646.1626575	100	3476	7827
1750393651.1771777	101	3485	7840
1750393656.191779	101	3491	7849
1750393661.2066686	101	3497	7866
1750393666.2208934	101	3506	7875
1750393671.2421138	101	3512	7889
1750393676.2632954	101	3518	7900
1750393681.2770803	101	3525	7919
1750393686.290575	101	3533	7931
1750393691.306047	102	3540	7938
1750393696.3201306	102	3544	7944
1750393701.3404276	102	3550	7959
1750393706.3539314	102	3556	7975
1750393711.3682828	102	3560	7986
1750393716.3827262	102	3567	7997
1750393721.3968768	102	3570	8011
1750393726.4113839	102	3578	8026
1750393731.4253216	102	3582	8043
1750393736.4395175	102	3585	8050
1750393741.4535747	102	3591	8065
1750393746.4681854	102	3597	8081
1750393751.4818764	102	3600	8090
1750393756.4951732	102	3607	8095
1750393761.5090337	102	3610	8109
1750393766.5232465	103	3618	8121
1750393771.5367928	103	3622	8135
1750393776.5587356	103	3625	8146
1750393781.5740404	103	3630	8161
1750393786.58833	104	3639	8178
1750393791.602375	104	3644	8191
1750393796.6213794	104	3653	8199
1750393801.6424794	104	3657	8210
1750393806.6560156	104	3661	8223
1750393811.6720717	104	3662	8237
1750393816.6858273	104	3667	8255
1750393821.6998487	104	3674	8271
1750393826.713701	104	3680	8277
1750393831.7279444	104	3685	8289
1750393836.74278	104	3695	8299
1750393841.757131	104	3700	8311
1750393846.7713046	104	3705	8333
1750393851.7891424	104	3711	8345
1750393856.8095684	104	3717	8359
1750393861.8238602	104	3727	8375
1750393866.8395572	104	3734	8389
1750393871.8540356	104	3741	8406
1750393876.8689668	104	3746	8421
1750393881.8886871	104	3750	8436
1750393886.9022574	104	3753	8444
1750393891.9153397	104	3759	8462
1750393896.929069	104	3763	8477
1750393901.943872	104	3769	8493
1750393906.959647	104	3771	8502
1750393911.9738476	105	3782	8516
1750393916.9876516	105	3785	8527
1750393922.0016198	105	3789	8542
1750393927.0165877	105	3795	8556
1750393932.0367832	105	3796	8563
1750393937.050628	105	3803	8575
1750393942.0691626	105	3809	8584
1750393947.0851574	105	3816	8607
1750393952.1016202	105	3822	8618
1750393957.116581	105	3829	8635
1750393962.1351368	105	3831	8649
1750393967.1490667	105	3835	8670
1750393972.163015	105	3839	8683
1750393977.1765614	105	3846	8700
1750393982.190088	105	3853	8713
1750393987.209973	105	3864	8727
1750393992.2233956	105	3865	8741
1750393997.2371678	105	3871	8755
1750394002.2508292	105	3874	8771
1750394007.2657087	106	3880	8780
1750394012.2871034	106	3882	8796
1750394017.301413	108	3890	8806
1750394022.3149946	108	3892	8815
1750394027.3290565	108	3896	8828
1750394032.3434834	108	3901	8844
1750394037.3604612	108	3906	8862
1750394042.375491	108	3909	8884
1750394047.3894205	108	3920	8903
1750394052.4032264	108	3924	8914
1750394057.4172723	108	3929	8932
1750394062.4354012	108	3937	8944
1750394067.4501853	109	3942	8959
1750394072.4700513	109	3945	8979
1750394077.4848266	109	3950	8987
1750394082.5002584	109	3958	9000
1750394087.513835	109	3963	9015
1750394092.529286	109	3966	9023
1750394097.5436456	110	3975	9039
1750394102.5577278	110	3980	9054
1750394107.5724566	110	3985	9064
1750394112.587683	110	3988	9079
1750394117.6029935	111	3994	9094
1750394122.6179152	111	4000	9105
1750394127.6339045	111	4003	9115
1750394132.6480117	111	4006	9130
1750394137.6627412	111	4013	9140
1750394142.6866016	112	4020	9150
1750394147.7012982	112	4023	9166
1750394152.7234619	112	4033	9177
1750394157.7425263	112	4035	9187
1750394162.7571774	112	4042	9205
1750394167.7730937	112	4048	9218
1750394172.7869976	112	4051	9233
1750394177.8024702	112	4056	9250
1750394182.8169749	112	4059	9262
1750394187.8395002	112	4061	9274
1750394192.8537297	112	4068	9293
1750394197.8673422	112	4079	9304
1750394202.8815947	112	4083	9319
1750394207.9039578	112	4090	9332
1750394212.9183106	113	4096	9339
1750394217.9320478	114	4106	9351
1750394222.9472008	114	4112	9364
1750394227.9625938	114	4119	9381
1750394232.9827423	114	4123	9394
1750394237.9970171	115	4131	9408
1750394243.0118442	115	4133	9418
1750394248.0267582	115	4140	9431
1750394253.042101	115	4147	9439
1750394258.059427	115	4158	9451
1750394263.0728354	115	4162	9467
1750394268.087228	115	4166	9484
1750394273.1009402	115	4171	9498
1750394278.1149833	115	4182	9516
1750394283.1317837	115	4187	9527
1750394288.1456864	115	4192	9535
1750394293.161008	115	4194	9542
1750394298.1757329	115	4203	9556
1750394303.1909454	115	4211	9574
1750394308.2120414	115	4221	9584
1750394313.2253897	115	4224	9588
1750394318.238949	115	4228	9604
1750394323.2532775	115	4231	9615
1750394328.2681477	115	4236	9629
1750394333.28353	115	4242	9650
1750394338.299214	116	4247	9660
1750394343.3138273	116	4254	9669
1750394348.3272095	116	4258	9684
1750394353.3465414	116	4264	9703
1750394358.3647516	116	4270	9712
1750394363.3787296	116	4280	9725
1750394368.397599	116	4283	9742
1750394373.4119608	116	4290	9763
1750394378.425998	116	4296	9777
1750394383.4395552	116	4301	9789
1750394388.453546	116	4307	9802
1750394393.4679801	116	4312	9818
1750394398.4823725	116	4317	9835
1750394403.49689	116	4325	9850
1750394408.5173116	116	4329	9867
1750394413.5397456	116	4332	9886
1750394418.5539374	116	4336	9901
1750394423.5688028	116	4341	9913
1750394428.5845532	116	4347	9933
1750394433.5989597	116	4353	9954
1750394438.6128356	117	4361	9971
1750394443.6283698	117	4367	9983
1750394448.643859	117	4371	9991
1750394453.6586473	117	4373	10001
1750394458.6726289	117	4378	10012
1750394463.6867743	117	4381	10029
1750394468.7011929	117	4385	10044
1750394473.7153647	117	4395	10059
1750394478.7303565	118	4404	10080
1750394483.745231	118	4411	10091
1750394488.7659159	118	4416	10100
1750394493.7813354	118	4423	10113
1750394498.803519	118	4431	10128
1750394503.8180757	118	4435	10149
1750394508.8327813	118	4437	10158
1750394513.8476636	118	4441	10168
1750394518.8632011	119	4450	10177
1750394523.8813548	119	4453	10188
1750394528.8973389	119	4461	10201
1750394533.9134564	119	4464	10213
1750394538.9299858	119	4468	10227
1750394543.9514923	119	4473	10241
1750394548.9678473	120	4477	10253
1750394553.9829412	120	4484	10273
1750394558.9991376	120	4491	10283
1750394564.0151696	120	4494	10292
1750394569.029689	121	4503	10306
1750394574.0536683	122	4510	10319
1750394579.069887	122	4518	10332
1750394584.0862744	122	4522	10340
1750394589.101503	122	4526	10350
1750394594.1173604	123	4534	10359
1750394599.1342902	124	4541	10372
1750394604.1514022	124	4545	10385
1750394609.1687052	124	4550	10404
1750394614.186578	124	4563	10412
1750394619.202	125	4570	10422
1750394624.2178822	125	4575	10439
1750394629.234695	125	4587	10452
1750394634.254835	125	4592	10473
1750394639.2774308	125	4598	10485
1750394644.2982924	125	4601	10500
1750394649.315047	125	4607	10516
1750394654.3299735	125	4611	10526
1750394659.3449972	126	4616	10539
1750394664.360689	126	4622	10554
1750394669.380053	127	4627	10572
1750394674.3961005	127	4630	10583
1750394679.4155428	127	4634	10591
1750394684.431805	127	4643	10606
1750394689.4479637	127	4655	10616
1750394694.4631584	127	4660	10633
1750394699.484301	127	4663	10643
1750394704.5050185	127	4671	10660
1750394709.5271354	127	4676	10668
1750394714.5434403	127	4681	10682
1750394719.558473	127	4684	10695
1750394724.572822	127	4689	10704
1750394729.5873055	127	4693	10719
1750394734.6088283	127	4694	10728
1750394739.6234457	128	4703	10738
1750394744.6379852	129	4708	10754
1750394749.6524947	129	4711	10761
1750394754.6682665	129	4717	10780
1750394759.6846073	129	4720	10794
1750394764.6997292	129	4726	10809
1750394769.7154808	129	4733	10817
1750394774.73135	129	4740	10828
1750394779.7465904	129	4743	10847
1750394784.7630131	129	4746	10854
1750394789.777652	129	4751	10865
1750394794.797104	129	4755	10877
1750394799.8138592	130	4762	10892
1750394804.8302355	130	4767	10900
1750394809.8459592	130	4773	10912
1750394814.8659666	130	4777	10927
1750394819.880084	130	4782	10939
1750394824.8943121	130	4791	10956
1750394829.912038	130	4799	10961
1750394834.9274752	130	4809	10978
1750394839.9449127	130	4814	10995
1750394844.9597888	130	4823	11005
1750394849.9743695	130	4825	11016
1750394854.9913855	130	4832	11034
1750394860.0054722	130	4836	11048
1750394865.0197427	130	4840	11064
1750394870.0334995	130	4847	11079
1750394875.0486639	130	4848	11095
1750394880.062919	130	4851	11112
1750394885.076997	130	4856	11127
1750394890.092443	130	4860	11139
1750394895.1067522	130	4866	11149
1750394900.1209414	130	4868	11159
1750394905.1345778	130	4873	11174
1750394910.1486866	130	4882	11185
1750394915.1627276	130	4888	11193
1750394920.1767797	130	4893	11202
1750394925.1906369	130	4898	11218
1750394930.2046313	130	4903	11229
1750394935.2187254	131	4907	11242
1750394940.232752	131	4919	11249
1750394945.2468066	131	4928	11257
1750394950.2608256	131	4933	11273
1750394955.278313	131	4935	11284
1750394960.2923048	131	4943	11302
1750394965.3060317	131	4948	11308
1750394970.31994	131	4953	11317
1750394975.334104	131	4961	11333
1750394980.3483763	132	4967	11344
1750394985.3626149	133	4975	11357
1750394990.3772342	133	4980	11367
1750394995.3920481	133	4982	11380
1750395000.412862	133	4989	11392
1750395005.4297528	133	4992	11405
1750395010.4451256	133	4999	11422
1750395015.4604497	133	5002	11435
1750395020.4752018	133	5006	11445
1750395025.4898722	133	5011	11452
1750395030.5051682	133	5016	11462
1750395035.5196815	133	5022	11468
1750395040.534137	133	5025	11481
1750395045.548155	133	5028	11495
1750395050.562634	134	5033	11514
1750395055.5838053	134	5037	11530
1750395060.599072	134	5044	11540
1750395065.6137013	134	5049	11553
1750395070.6300845	134	5057	11568
1750395075.6499655	134	5064	11578
1750395080.6703336	134	5070	11588
1750395085.685653	134	5074	11601
1750395090.7013884	134	5086	11610
1750395095.7169778	134	5094	11622
1750395100.7314427	134	5104	11637
1750395105.7459617	134	5106	11648
1750395110.7612734	134	5110	11657
1750395115.7780335	134	5115	11666
1750395120.79334	134	5119	11679
1750395125.8103874	134	5123	11694
1750395130.8300977	134	5127	11707
1750395135.852464	134	5134	11727
1750395140.869045	134	5140	11733
1750395145.88428	134	5145	11745
1750395150.8998327	134	5151	11754
1750395155.9165392	134	5155	11765
1750395160.9340951	134	5165	11775
1750395165.9519806	134	5170	11791
1750395170.9701235	134	5175	11801
1750395175.9861627	134	5181	11812
1750395181.0005882	134	5190	11823
1750395186.0158615	134	5195	11844
1750395191.038922	134	5204	11852
1750395196.063338	134	5209	11869
1750395201.086334	134	5216	11884
1750395206.1005812	134	5222	11895
1750395211.1178348	134	5225	11906
1750395216.1342564	134	5230	11915
1750395221.1507719	134	5238	11928
1750395226.1680632	134	5244	11938
1750395231.1821792	134	5251	11949
1750395236.198063	134	5255	11958
1750395241.2137878	136	5261	11967
1750395246.2303417	136	5268	11973
1750395251.2462635	136	5272	11984
1750395256.2606015	136	5276	11998
1750395261.2765028	136	5281	12012
1750395266.2924125	136	5290	12024
1750395271.3079436	136	5299	12035
1750395276.3277397	136	5304	12047
1750395281.3419025	136	5311	12058
1750395286.3627524	137	5318	12075
1750395291.3785937	137	5326	12088
1750395296.3945246	138	5334	12097
1750395301.4106941	138	5343	12109
1750395306.4323752	139	5355	12137
1750395311.4478729	139	5359	12145
1750395316.4648826	139	5365	12151
1750395321.4811888	139	5369	12161
1750395326.4965086	139	5376	12173
1750395331.5116987	139	5382	12187
1750395336.5283484	139	5393	12201
1750395341.5426462	139	5397	12217
1750395346.5577464	139	5401	12238
1750395351.5725718	139	5403	12253
1750395356.5902493	139	5410	12265
1750395361.6068323	139	5417	12282
1750395366.6244133	139	5419	12298
1750395371.6411133	139	5424	12306
1750395376.6571505	139	5427	12312
1750395381.672986	139	5430	12325
1750395386.6896358	139	5434	12336
1750395391.7065995	139	5438	12355
1750395396.7232356	139	5449	12369
1750395401.7400537	139	5454	12382
1750395406.7556524	139	5458	12397
1750395411.7765129	139	5463	12417
1750395416.7910082	139	5467	12433
1750395421.806261	139	5477	12441
1750395426.8233762	139	5484	12457
1750395431.8390555	139	5488	12469
1750395436.8550193	139	5494	12481
1750395441.870074	139	5498	12494
1750395446.8931959	139	5501	12502
1750395451.9097748	139	5504	12521
1750395456.9260933	139	5508	12529
1750395461.9422224	139	5513	12548
1750395466.958298	140	5520	12561
1750395471.9747605	140	5529	12580
1750395476.996592	140	5533	12595
1750395482.0106163	141	5542	12607
1750395487.0245013	141	5546	12630
1750395492.038705	141	5552	12644
1750395497.0527976	141	5556	12655
1750395502.0730646	141	5566	12663
1750395507.0938182	141	5569	12673
1750395512.1079032	142	5574	12683
1750395517.1251888	142	5579	12696
1750395522.139022	142	5582	12709
1750395527.1529346	142	5585	12720
1750395532.166806	142	5589	12737
1750395537.1814756	143	5594	12757
1750395542.1955316	143	5600	12768
1750395547.2101865	143	5604	12785
1750395552.2260823	143	5611	12800
1750395557.248066	143	5616	12811
1750395562.2700074	143	5621	12832
1750395567.2841485	143	5625	12849
1750395572.2981884	143	5631	12856
1750395577.3133092	143	5639	12870
1750395582.3293579	143	5643	12883
1750395587.349789	143	5646	12892
1750395592.364948	143	5650	12903
1750395597.3876705	143	5657	12913
1750395602.4041512	143	5666	12928
1750395607.4199317	143	5671	12942
1750395612.4346044	143	5677	12951
1750395617.4519024	143	5679	12966
1750395622.4755964	143	5683	12980
1750395627.497597	143	5685	12989
1750395632.5144658	143	5695	13004
1750395637.5311356	143	5704	13014
1750395642.5457344	144	5712	13030
1750395647.561934	144	5716	13043
1750395652.578831	144	5723	13057
1750395657.594814	144	5729	13069
1750395662.615622	144	5736	13083
1750395667.631519	146	5739	13097
1750395672.6478312	146	5745	13111
1750395677.6625533	146	5756	13124
1750395682.6781588	146	5760	13130
1750395687.699544	146	5762	13141
1750395692.7151926	146	5768	13157
1750395697.729271	146	5771	13172
1750395702.7442608	146	5777	13182
1750395707.7600799	146	5785	13196
1750395712.7764468	146	5789	13208
1750395717.7996402	146	5795	13220
1750395722.8171492	146	5805	13232
1750395727.8328264	146	5809	13245
1750395732.8485768	146	5815	13259
1750395737.863237	147	5819	13271
1750395742.8775027	147	5827	13284
1750395747.8917499	147	5833	13291
1750395752.906986	147	5845	13303
1750395757.9225338	147	5849	13315
1750395762.9391127	147	5862	13325
1750395767.955257	147	5868	13335
1750395772.9775553	147	5873	13349
1750395777.9920914	147	5882	13366
1750395783.0077062	148	5886	13381
1750395788.0236192	148	5894	13390
1750395793.040469	148	5903	13405
1750395798.0583975	148	5910	13420
1750395803.0730832	148	5913	13433
1750395808.0949223	148	5918	13446
1750395813.1095839	149	5924	13464
1750395818.12517	149	5930	13478
1750395823.1428294	149	5933	13487
1750395828.1583161	150	5935	13499
1750395833.1752577	151	5942	13511
1750395838.1911755	151	5947	13520
1750395843.2140436	151	5950	13531
1750395848.229989	151	5953	13546
1750395853.2448077	151	5962	13562
1750395858.2600682	151	5966	13576
1750395863.2786815	151	5969	13585
1750395868.298757	151	5978	13603
1750395873.3146636	151	5983	13614
1750395878.3300767	152	5988	13626
1750395883.3457997	152	5991	13642
1750395888.361769	152	5996	13658
1750395893.37753	152	6006	13671
1750395898.3935466	152	6014	13688
1750395903.4104013	153	6019	13704
1750395908.4264674	153	6025	13717
1750395913.4429522	153	6031	13731
1750395918.4585042	153	6038	13742
1750395923.4793139	153	6042	13756
1750395928.4948711	153	6045	13765
1750395933.5108743	153	6048	13771
1750395938.5266328	153	6053	13786
1750395943.5421963	153	6059	13801
1750395948.5610611	153	6067	13817
1750395953.5772603	153	6075	13827
1750395958.5993366	155	6082	13840
1750395963.613659	155	6086	13851
1750395968.6292937	155	6091	13863
1750395973.6462502	155	6098	13876
1750395978.6661022	155	6100	13893
1750395983.687885	155	6104	13910
1750395988.7021391	155	6110	13922
1750395993.7179527	155	6116	13935
1750395998.7345235	155	6122	13944
1750396003.7486446	156	6127	13956
1750396008.7637632	157	6132	13967
1750396013.7801974	157	6138	13979
1750396018.7964575	158	6141	13990
1750396023.8127952	158	6152	14001
1750396028.8296204	158	6161	14015
1750396033.8460763	158	6167	14028
1750396038.8622262	159	6171	14043
1750396043.879366	159	6174	14063
1750396048.896163	159	6176	14071
1750396053.9139445	159	6181	14082
1750396058.9315255	159	6191	14094
1750396063.9488995	159	6194	14104
1750396068.971089	159	6200	14114
1750396073.987234	159	6206	14126
1750396079.002501	159	6212	14134
1750396084.0173929	159	6219	14152
1750396089.0344384	159	6223	14167
1750396094.0513072	159	6236	14179
1750396099.066877	159	6238	14195
1750396104.0879133	159	6239	14205
1750396109.104265	159	6246	14223
1750396114.119709	159	6253	14233
1750396119.1355414	160	6261	14247
1750396124.1500316	160	6267	14261
1750396129.1665902	160	6270	14273
1750396134.1823916	160	6275	14290
1750396139.2025251	160	6281	14302
1750396144.2188888	160	6286	14321
1750396149.2341852	160	6293	14331
1750396154.251378	160	6302	14342
1750396159.2681477	160	6309	14352
1750396164.288539	160	6313	14361
1750396169.3095467	160	6319	14368
1750396174.3264308	160	6324	14385
1750396179.3429294	160	6328	14400
1750396184.359664	160	6331	14421
1750396189.3756864	160	6337	14439
1750396194.3926692	160	6343	14457
1750396199.4080439	160	6345	14475
1750396204.424001	160	6352	14488
1750396209.439849	160	6358	14496
1750396214.4566891	160	6360	14511
1750396219.4737666	160	6367	14526
1750396224.4885504	161	6373	14544
1750396229.5040596	162	6379	14556
1750396234.526368	162	6384	14574
1750396239.5424118	162	6392	14586
1750396244.5588944	162	6394	14596
1750396249.573343	163	6401	14603
1750396254.5870812	163	6407	14612
1750396259.6021194	163	6410	14622
1750396264.6186228	165	6417	14634
1750396269.640986	165	6424	14649
1750396274.6575813	165	6428	14661
1750396279.6744943	165	6430	14670
1750396284.6902733	165	6436	14682
1750396289.706319	165	6442	14695
1750396294.722233	165	6446	14705
1750396299.7381873	165	6455	14713
1750396304.7543488	165	6460	14724
1750396309.76932	165	6462	14734
1750396314.7851171	165	6470	14744
1750396319.8016655	165	6473	14756
1750396324.8189733	165	6479	14772
1750396329.8425949	165	6483	14785
1750396334.8602452	165	6487	14792
1750396339.8764164	165	6488	14800
1750396344.8927214	165	6491	14811
1750396349.9084144	165	6495	14829
1750396354.9250073	165	6497	14842
1750396359.9397	165	6502	14855
1750396364.9602063	165	6505	14871
1750396369.976995	165	6509	14882
1750396375.0020573	165	6512	14891
1750396380.0196881	165	6520	14907
1750396385.0403724	166	6525	14923
1750396390.05664	166	6532	14937
1750396395.072766	166	6539	14954
1750396400.089607	166	6542	14968
1750396405.1066127	166	6547	14981
1750396410.1208878	166	6552	14999
1750396415.1445646	166	6557	15011
1750396420.1609006	166	6561	15024
1750396425.1780393	166	6565	15034
1750396430.195173	166	6571	15045
1750396435.210653	167	6579	15060
1750396440.2264829	167	6584	15070
1750396445.2434783	167	6589	15086
1750396450.2588003	167	6594	15104
1750396455.2757688	167	6598	15114
1750396460.2905822	167	6605	15125
1750396465.3075328	167	6610	15133
1750396470.3246958	167	6616	15145
1750396475.3412037	167	6624	15162
1750396480.3575058	167	6630	15176
1750396485.3721662	167	6641	15186
1750396490.3882167	167	6645	15195
1750396495.4049687	167	6652	15210
1750396500.4202375	167	6657	15221
1750396505.4397836	167	6665	15240
1750396510.462992	167	6671	15266
1750396515.481469	167	6678	15279
1750396520.497866	168	6682	15293
1750396525.5142834	168	6691	15306
1750396530.531047	168	6699	15319
1750396535.54607	168	6706	15332
1750396540.562026	169	6712	15346
1750396545.5773008	169	6717	15356
1750396550.596174	169	6720	15364
1750396555.6130602	169	6727	15375
1750396560.6271822	169	6733	15387
1750396565.6409657	169	6742	15398
1750396570.6625257	169	6747	15405
1750396575.6763525	169	6753	15415
1750396580.6900246	169	6758	15421
1750396585.7035363	170	6767	15434
1750396590.7173269	170	6777	15448
1750396595.7366884	170	6783	15457
1750396600.7502515	170	6789	15468
1750396605.7640612	171	6791	15479
1750396610.7774758	171	6797	15492
1750396615.7909038	171	6805	15502
1750396620.8090525	171	6808	15516
1750396625.8225546	171	6814	15526
1750396630.8361857	171	6818	15539
1750396635.8499634	171	6825	15555
1750396640.8636997	171	6829	15568
1750396645.8773088	171	6833	15578
1750396650.8910813	171	6836	15591
1750396655.9044685	171	6843	15607
1750396660.9180632	172	6846	15622
1750396665.9321113	172	6850	15629
1750396670.946018	173	6858	15640
1750396675.9596257	173	6865	15648
1750396680.9731925	173	6869	15665
1750396685.9934924	173	6875	15679
1750396691.0073352	173	6882	15693
1750396696.0210536	173	6888	15711
1750396701.0349088	174	6897	15722
1750396706.0486248	174	6906	15736
1750396711.070175	174	6906	15752
1750396716.0837946	174	6912	15764
1750396721.097284	174	6917	15783
1750396726.1107748	174	6923	15804
1750396731.124456	174	6924	15813
1750396736.1456156	175	6927	15827
1750396741.1593673	175	6934	15846
1750396746.1729796	176	6941	15861
1750396751.1864994	176	6953	15878
1750396756.2010918	176	6957	15892
1750396761.220283	176	6962	15908
1750396766.2341423	176	6972	15924
1750396771.2474916	176	6976	15937
1750396776.2609477	177	6982	15954
1750396781.2746227	177	6984	15964
1750396786.288298	177	6989	15979
1750396791.3015673	177	6993	15993
1750396796.315343	177	6995	16010
1750396801.3306205	177	7003	16024
1750396806.3444488	177	7006	16032
1750396811.3581295	177	7009	16046
1750396816.371815	177	7015	16062
1750396821.3852892	177	7019	16071
1750396826.4043708	177	7023	16084
1750396831.4179492	177	7027	16099
1750396836.431521	177	7035	16108
1750396841.4451802	177	7039	16125
1750396846.4588723	177	7042	16141
1750396851.4725049	177	7047	16149
1750396856.4862368	177	7049	16166
1750396861.4996605	177	7057	16178
1750396866.5131643	177	7059	16194
1750396871.5265386	177	7068	16211
1750396876.5402493	177	7072	16224
1750396881.5538526	177	7078	16238
1750396886.5673888	177	7084	16248
1750396891.5839934	177	7089	16262
1750396896.5974436	177	7098	16267
1750396901.6109006	178	7104	16285
1750396906.6244879	178	7106	16299
1750396911.6383944	178	7110	16308
1750396916.651951	178	7116	16322
1750396921.6655512	178	7127	16329
1750396926.6790643	178	7131	16342
1750396931.6960797	178	7135	16356
1750396936.7098897	178	7140	16373
1750396941.7236156	178	7143	16387
1750396946.7373576	178	7149	16402
1750396951.7506714	178	7159	16416
1750396956.7646983	178	7166	16431
1750396961.7785153	178	7174	16444
1750396966.791975	178	7182	16452
1750396971.8080232	178	7187	16463
1750396976.8218749	178	7193	16478
1750396981.8354902	178	7199	16488
1750396986.8491812	178	7200	16501
1750396991.862599	179	7206	16516
1750396996.8759394	179	7211	16527
1750397001.889343	179	7213	16535
1750397006.9025934	179	7220	16547
1750397011.9159172	179	7224	16558
1750397016.9367194	179	7229	16571
1750397021.9500656	179	7230	16589
1750397026.9651291	180	7236	16598
1750397031.9810827	180	7239	16608
1750397036.9968722	180	7249	16625
1750397042.0130482	181	7253	16641
1750397047.0272868	182	7259	16654
1750397052.0429153	183	7264	16666
1750397057.059368	184	7270	16682
1750397062.0755146	184	7278	16703
1750397067.0969913	184	7286	16713
1750397072.114746	184	7292	16729
1750397077.130676	184	7301	16742
1750397082.1475668	184	7308	16757
1750397087.164066	185	7315	16770
1750397092.1805143	185	7320	16787
1750397097.1985593	185	7324	16797
1750397102.2125878	185	7326	16803
1750397107.236326	185	7333	16813
1750397112.2517238	185	7336	16820
1750397117.265794	185	7342	16837
1750397122.2795513	185	7350	16846
1750397127.3003316	185	7357	16861
1750397132.3248296	185	7367	16872
1750397137.3455942	185	7375	16882
1750397142.361774	185	7377	16890
1750397147.3773367	185	7382	16900
1750397152.393142	186	7387	16915
1750397157.410316	186	7392	16927
1750397162.4265313	186	7398	16936
1750397167.4437819	186	7402	16946
1750397172.4652307	186	7413	16959
1750397177.4812155	186	7423	16968
1750397182.4976814	186	7429	16983
1750397187.5145252	187	7433	16999
1750397192.532015	187	7438	17014
1750397197.5537686	187	7445	17026
1750397202.5752535	187	7451	17044
1750397207.5917695	189	7460	17055
1750397212.6084006	189	7465	17069
1750397217.6245942	189	7475	17087
1750397222.640828	189	7480	17106
1750397227.6593874	189	7484	17119
1750397232.6760857	189	7492	17131
1750397237.6989946	189	7498	17147
1750397242.7158713	189	7501	17162
1750397247.7323127	189	7509	17179
1750397252.74875	189	7515	17193
1750397257.7636497	189	7518	17206
1750397262.78388	189	7526	17217
1750397267.8005152	189	7536	17226
1750397272.8173025	189	7541	17235
1750397277.8336804	189	7548	17248
1750397282.8495684	189	7550	17257
1750397287.865282	189	7556	17268
1750397292.887685	189	7559	17281
1750397297.9035974	190	7567	17299
1750397302.9199545	190	7570	17310
1750397307.936462	190	7578	17323
1750397312.9531236	190	7584	17335
1750397317.9700255	190	7595	17351
1750397322.986713	190	7600	17357
1750397328.0026321	190	7603	17369
1750397333.0196447	190	7608	17386
1750397338.036253	190	7610	17402
1750397343.0534341	190	7616	17410
1750397348.075552	190	7623	17421
1750397353.0914822	190	7628	17440
1750397358.1080768	190	7633	17455
1750397363.1243002	191	7635	17469
1750397368.140901	191	7644	17477
1750397373.1575782	191	7653	17486
1750397378.1764863	191	7660	17494
1750397383.199935	192	7669	17509
1750397388.2161994	193	7678	17521
1750397393.2316842	193	7684	17537
1750397398.2478778	193	7693	17543
1750397403.2644427	193	7700	17555
1750397408.2811055	195	7707	17575
1750397413.3049293	195	7712	17591
1750397418.3207443	196	7722	17601
1750397423.3367922	196	7725	17615
1750397428.3538227	196	7731	17631
1750397433.370871	196	7733	17648
1750397438.3877134	196	7737	17660
1750397443.4029822	197	7743	17669
1750397448.418944	197	7751	17685
1750397453.436085	198	7758	17693
1750397458.450565	198	7762	17703
1750397463.4641156	198	7771	17723
1750397468.4777312	198	7778	17735
1750397473.49131	198	7786	17747
1750397478.5049493	199	7791	17759
1750397483.518659	200	7800	17774
1750397488.5379612	200	7804	17783
1750397493.5602112	200	7808	17794
1750397498.581456	200	7811	17813
1750397503.595039	200	7815	17832
1750397508.608798	200	7825	17843
1750397513.6222577	200	7827	17857
1750397518.6355615	200	7833	17870
1750397523.6495225	200	7837	17882
1750397528.663458	200	7843	17896
1750397533.6769197	201	7850	17907
1750397538.6902773	201	7855	17912
1750397543.7036042	201	7861	17926
1750397548.7172728	201	7865	17934
1750397553.7308457	201	7872	17944
1750397558.7442353	201	7880	17952
1750397563.762809	201	7887	17964
1750397568.7764056	201	7892	17976
1750397573.7898998	201	7893	17989
1750397578.8035347	201	7896	18001
1750397583.8172588	201	7898	18014
1750397588.8307793	202	7906	18029
1750397593.844408	202	7913	18035
1750397598.8578277	202	7922	18048
1750397603.8727589	202	7928	18056
1750397608.8863187	202	7936	18071
1750397613.8999338	202	7938	18084
1750397618.9133785	202	7943	18104
1750397623.928436	202	7952	18121
1750397628.9422343	202	7954	18138
1750397633.9561348	202	7959	18150
1750397638.9697325	202	7964	18168
1750397643.9837902	202	7968	18176
1750397648.997477	202	7976	18184
1750397654.0108838	202	7983	18199
1750397659.0245194	202	7992	18213
1750397664.038212	202	7999	18223
1750397669.051957	202	8008	18239
1750397674.0656748	202	8010	18251
1750397679.079311	202	8013	18263
1750397684.0926905	203	8021	18273
1750397689.1145282	203	8028	18286
1750397694.128273	204	8031	18300
1750397699.1432836	204	8036	18313
1750397704.1570551	204	8044	18327
1750397709.17044	204	8046	18339
1750397714.184035	204	8051	18351
1750397719.197776	205	8055	18370
1750397724.2114997	205	8059	18387
1750397729.225215	205	8065	18399
1750397734.2451823	205	8071	18408
1750397739.2587235	205	8074	18415
1750397744.2720358	205	8079	18431
1750397749.285934	205	8088	18441
1750397754.299571	205	8091	18449
1750397759.3213701	205	8096	18463
1750397764.3348346	205	8101	18472
1750397769.3488145	206	8107	18488
1750397774.3622856	207	8120	18495
1750397779.3758936	207	8123	18505
1750397784.3977268	207	8132	18520
1750397789.4115763	207	8138	18536
1750397794.4251451	207	8145	18548
1750397799.4386148	207	8149	18559
1750397804.452439	207	8156	18572
1750397809.471484	207	8164	18588
1750397814.4853435	207	8171	18602
1750397819.4988508	208	8173	18613
1750397824.5123236	208	8182	18627
1750397829.5260777	208	8190	18639
1750397834.5395625	208	8198	18653
1750397839.5533152	208	8204	18663
1750397844.5670629	208	8209	18674
1750397849.5827706	208	8210	18681
1750397854.5966992	209	8212	18696
1750397859.6105773	209	8215	18714
1750397864.6242175	209	8217	18729
1750397869.637978	210	8227	18739
1750397874.651871	211	8231	18752
1750397879.6657841	211	8236	18762
1750397884.6794302	211	8241	18775
1750397889.6938958	211	8242	18791
1750397894.707595	211	8250	18804
1750397899.7211154	211	8255	18819
1750397904.7346547	211	8262	18844
1750397909.748218	211	8274	18854
1750397914.7616875	211	8283	18867
1750397919.7755148	211	8291	18881
1750397924.7893496	211	8294	18888
1750397929.8060777	211	8299	18895
1750397934.8285167	212	8308	18906
1750397939.8424077	212	8311	18915
1750397944.8562853	214	8318	18929
1750397949.8702493	214	8322	18939
1750397954.8857398	214	8330	18953
1750397959.9003549	214	8336	18968
1750397964.914437	214	8336	18980
1750397969.929109	214	8344	18995
1750397974.9440124	214	8352	19005
1750397979.9612772	214	8356	19015
1750397984.9761508	214	8361	19027
1750397989.9912677	214	8368	19038
1750397995.007676	214	8373	19048
1750398000.0256157	214	8379	19062
1750398005.0410821	214	8384	19073
1750398010.0557735	214	8390	19079
1750398015.0710392	214	8397	19096
1750398020.0870113	214	8401	19107
1750398025.1014614	214	8410	19115
1750398030.117242	214	8413	19129
1750398035.1344397	214	8422	19145
1750398040.157195	214	8428	19163
1750398045.1739295	214	8431	19173
1750398050.1903365	214	8438	19184
1750398055.206538	214	8442	19199
1750398060.2224	215	8449	19218
1750398065.2420099	215	8454	19226
1750398070.2587285	215	8468	19240
1750398075.2758143	215	8472	19255
1750398080.2922685	215	8476	19270
1750398085.3082886	215	8482	19279
1750398090.324153	217	8491	19293
1750398095.3462918	217	8495	19312
1750398100.362362	217	8503	19317
1750398105.3776093	217	8509	19323
1750398110.3927507	217	8514	19338
1750398115.4084868	217	8519	19350
1750398120.42498	217	8525	19359
1750398125.4410462	217	8529	19371
1750398130.4582386	217	8536	19381
1750398135.475313	217	8538	19395
1750398140.4906907	217	8545	19409
1750398145.5067124	218	8549	19423
1750398150.522603	218	8555	19434
1750398155.5459146	218	8562	19448
1750398160.5622094	218	8572	19460
1750398165.5776913	218	8578	19473
1750398170.5940614	219	8582	19485
1750398175.6091359	219	8585	19512
1750398180.6328537	219	8589	19524
1750398185.65002	219	8590	19537
1750398190.665839	219	8598	19546
1750398195.6827986	219	8603	19556
1750398200.699292	219	8607	19569
1750398205.7141464	219	8613	19580
1750398210.7303941	219	8622	19597
1750398215.7451696	219	8629	19608
1750398220.7613757	220	8639	19621
1750398225.7782044	220	8642	19628
1750398230.7946272	220	8647	19640
1750398235.815353	220	8653	19652
1750398240.830303	220	8656	19668
1750398245.8466978	220	8660	19686
1750398250.8635914	220	8665	19703
1750398255.8800855	221	8674	19716
1750398260.897031	221	8679	19726
1750398265.9125717	221	8684	19736
1750398270.9360375	221	8694	19749
1750398275.9529037	221	8702	19765
1750398280.9685626	221	8710	19775
1750398285.9843543	221	8716	19790
1750398291.0020435	221	8718	19801
1750398296.0243773	221	8725	19815
1750398301.0482364	221	8727	19834
1750398306.0648115	221	8735	19843
1750398311.0810757	221	8737	19855
1750398316.098464	221	8741	19875
1750398321.1147811	221	8744	19890
1750398326.1311927	221	8753	19902
1750398331.1562822	221	8762	19916
1750398336.1727757	221	8766	19925
1750398341.1879203	221	8772	19937
1750398346.2044482	221	8778	19958
1750398351.220676	221	8785	19967
1750398356.2369895	221	8788	19981
1750398361.2528179	221	8800	19994
1750398366.269179	221	8801	20006
1750398371.28588	222	8805	20023
1750398376.3007166	222	8809	20042
1750398381.3169372	222	8812	20058
1750398386.3327215	223	8820	20076
1750398391.3567045	223	8828	20093
1750398396.373348	223	8836	20110
1750398401.3875175	223	8840	20123
1750398406.4016397	223	8843	20142
1750398411.4154816	224	8852	20157
1750398416.4303195	224	8860	20169
1750398421.4444282	224	8865	20183
1750398426.458067	224	8871	20191
1750398431.4716623	224	8878	20208
1750398436.4853766	224	8883	20223
1750398441.4994042	224	8888	20238
1750398446.5130973	224	8898	20250
1750398451.5269334	224	8906	20261
1750398456.5421855	224	8915	20273
1750398461.5583608	225	8920	20285
1750398466.5741596	226	8926	20297
1750398471.59052	226	8933	20307
1750398476.6074717	226	8939	20322
1750398481.6240342	226	8943	20328
1750398486.6487925	226	8946	20342
1750398491.667752	226	8948	20352
1750398496.6838164	226	8951	20368
1750398501.70201	226	8958	20379
1750398506.7174726	226	8965	20392
1750398511.7339084	226	8971	20403
1750398516.749931	226	8972	20421
1750398521.7708714	227	8985	20432
1750398526.7870073	227	8989	20442
1750398531.801491	227	8996	20455
1750398536.8158174	227	9000	20473
1750398541.8321142	227	9004	20487
1750398546.8492603	227	9012	20494
1750398551.866589	227	9015	20504
1750398556.8812082	227	9022	20515
1750398561.898335	227	9029	20528
1750398566.9149454	227	9035	20543
1750398571.9313262	227	9039	20561
1750398576.9482522	227	9042	20573
1750398581.9699163	227	9045	20586
1750398586.9856544	227	9048	20602
1750398592.002448	227	9052	20612
1750398597.0186708	227	9056	20622
1750398602.0352354	227	9064	20633
1750398607.0535347	227	9070	20641
1750398612.0690422	227	9075	20652
1750398617.0874796	227	9081	20663
1750398622.1035638	227	9091	20676
1750398627.1206634	227	9098	20689
1750398632.1350114	227	9104	20709
1750398637.1583652	227	9112	20729
1750398642.175089	227	9118	20745
1750398647.1914804	228	9125	20765
1750398652.208596	228	9129	20777
1750398657.2227495	228	9133	20796
1750398662.236634	228	9136	20808
1750398667.2504406	228	9143	20820
1750398672.2640784	228	9146	20834
1750398677.2799058	228	9149	20845
1750398682.2959402	228	9157	20857
1750398687.3131678	228	9165	20869
1750398692.3296745	229	9172	20880
1750398697.352281	230	9180	20888
1750398702.3679	230	9186	20897
1750398707.3845124	230	9189	20909
1750398712.4011145	230	9192	20922
1750398717.4221451	230	9199	20939
1750398722.4447017	231	9204	20951
1750398727.4691322	231	9207	20962
1750398732.4862587	231	9210	20976
1750398737.5023537	231	9215	20987
1750398742.5193148	232	9216	21001
1750398747.5355082	232	9221	21016
1750398752.5522497	232	9232	21032
1750398757.5687644	232	9239	21049
1750398762.5931776	232	9247	21056
1750398767.6097977	232	9252	21069
1750398772.6257534	232	9258	21079
1750398777.641851	232	9259	21095
1750398782.6593375	232	9264	21106
1750398787.6800447	233	9273	21121
1750398792.696851	234	9278	21138
1750398797.71341	234	9285	21147
1750398802.7292764	234	9288	21157
1750398807.7445123	234	9299	21171
1750398812.7601898	235	9305	21181
1750398817.7769673	235	9311	21190
1750398822.7937827	235	9317	21207
1750398827.8099728	236	9322	21219
1750398832.8251975	236	9325	21238
1750398837.8413692	236	9331	21255
1750398842.8631303	236	9339	21273
1750398847.8795004	237	9349	21290
1750398852.894516	237	9354	21298
1750398857.910351	237	9363	21312
1750398862.9265482	237	9368	21322
1750398867.9437046	237	9376	21337
1750398872.9604251	237	9382	21353
1750398877.9816377	237	9388	21366
1750398882.9976711	239	9397	21378
1750398888.0120192	239	9401	21392
1750398893.027645	240	9411	21407
1750398898.047917	241	9420	21429
1750398903.070325	241	9424	21444
1750398908.0941174	241	9427	21452
1750398913.1107721	241	9431	21466
1750398918.125174	241	9437	21473
1750398923.1387663	241	9444	21484
1750398928.1525347	241	9447	21500
1750398933.1686122	241	9451	21514
1750398938.184846	241	9461	21527
1750398943.2016587	241	9466	21537
1750398948.2182357	241	9473	21547
1750398953.2338066	242	9482	21567
1750398958.2485864	243	9489	21582
1750398963.2711716	243	9493	21602
1750398968.2919743	243	9500	21617
1750398973.3057258	243	9508	21629
1750398978.3249524	243	9513	21644
1750398983.339181	243	9519	21654
1750398988.3531437	244	9526	21662
1750398993.36731	244	9534	21675
1750398998.3830693	244	9541	21695
1750399003.3990119	244	9547	21709
1750399008.4156492	244	9548	21720
1750399013.4316142	244	9552	21729
1750399018.4489987	244	9556	21740
1750399023.4696825	244	9558	21754
1750399028.4851644	244	9562	21761
1750399033.5016413	244	9568	21780
1750399038.5185335	244	9571	21787
1750399043.5356538	244	9575	21799
1750399048.5520146	244	9581	21812
1750399053.5752726	244	9585	21829
1750399058.5920942	244	9587	21846
1750399063.6089735	244	9589	21858
1750399068.6246748	246	9593	21872
1750399073.6405528	246	9600	21887
1750399078.6560051	246	9606	21899
1750399083.6728382	246	9614	21915
1750399088.696841	246	9619	21931
1750399093.7121954	246	9623	21939
1750399098.728242	246	9626	21950
1750399103.7428842	246	9634	21965
1750399108.7576714	246	9640	21976
1750399113.7748904	246	9646	21992
1750399118.7910748	246	9657	22007
1750399123.8135016	246	9661	22017
1750399128.8281739	246	9663	22029
1750399133.842263	247	9675	22045
1750399138.8564546	247	9681	22060
1750399143.8757632	247	9687	22066
1750399148.896353	247	9693	22075
1750399153.9103224	248	9699	22089
1750399158.9262524	249	9703	22100
1750399163.9400082	249	9706	22111
1750399168.9548023	249	9707	22122
1750399173.9697611	249	9712	22136
1750399178.9838676	249	9718	22149
1750399183.998887	249	9723	22160
1750399189.0153966	249	9727	22171
1750399194.0301366	249	9731	22179
1750399199.0486815	249	9739	22194
1750399204.0695946	249	9746	22204
1750399209.0845726	249	9753	22219
1750399214.0991616	249	9758	22230
1750399219.1142464	249	9764	22239
1750399224.1291811	249	9773	22247
1750399229.1466382	249	9782	22253
1750399234.1621532	250	9787	22262
1750399239.1843688	250	9795	22280
1750399244.1982703	250	9796	22290
1750399249.2139485	251	9802	22305
1750399254.2290783	253	9809	22322
1750399259.2438185	253	9817	22341
1750399264.2584188	253	9824	22352
1750399269.2727478	253	9832	22362
1750399274.286619	253	9840	22372
1750399279.3090007	254	9847	22378
1750399284.3245592	254	9850	22389
1750399289.3407757	254	9854	22403
1750399294.356824	254	9864	22413
1750399299.3707793	254	9867	22421
1750399304.384725	254	9875	22439
1750399309.3983607	255	9884	22455
1750399314.4121099	255	9890	22463
1750399319.4255838	255	9895	22476
1750399324.4394443	255	9899	22485
1750399329.4572191	255	9908	22498
1750399334.4708087	255	9911	22509
1750399339.4849794	255	9917	22519
1750399344.498934	255	9924	22531
1750399349.5127516	255	9934	22546
1750399354.5264976	255	9935	22559
1750399359.540092	255	9941	22571
1750399364.5535393	255	9944	22583
1750399369.5669594	255	9951	22591
1750399374.585759	256	9956	22612
1750399379.6080647	257	9964	22619
1750399384.628653	257	9969	22626
1750399389.6424627	257	9971	22644
1750399394.6562908	257	9975	22657
1750399399.6700041	257	9979	22665
1750399404.683656	257	9985	22681
1750399409.7053757	257	9991	22692
1750399414.718734	257	9995	22700
1750399419.7331078	257	10000	22711
1750399424.7472494	257	10003	22722
1750399429.7617114	257	10006	22738
1750399434.7757068	257	10012	22746
1750399439.789841	257	10022	22753
1750399444.8041174	257	10025	22766
1750399449.8184228	257	10031	22774
1750399454.8407452	257	10038	22794
1750399459.860873	257	10047	22812
1750399464.8748248	257	10053	22821
1750399469.8947804	257	10059	22834
1750399474.908817	257	10064	22838
1750399479.9227982	258	10074	22851
1750399484.936968	258	10079	22860
1750399489.9513874	258	10081	22875
1750399494.9655354	258	10089	22887
1750399499.9799378	259	10096	22901
1750399504.998667	259	10105	22916
1750399510.0204113	260	10116	22930
1750399515.0347676	260	10120	22941
1750399520.0490427	260	10123	22953
1750399525.063461	260	10128	22971
1750399530.0775855	260	10134	22983
1750399535.0916927	260	10141	22995
1750399540.1059692	260	10148	23011
1750399545.1200585	260	10152	23030
1750399550.13429	260	10159	23041
1750399555.15669	260	10165	23051
1750399560.1706347	260	10170	23063
1750399565.184597	260	10179	23070
1750399570.1994684	260	10183	23078
1750399575.2137418	260	10190	23099
1750399580.2281058	261	10197	23114
1750399585.242677	261	10201	23121
1750399590.2566607	262	10205	23132
1750399595.2721791	262	10214	23143
1750399600.2862854	262	10219	23150
1750399605.300606	263	10228	23165
1750399610.3149414	263	10236	23181
1750399615.3291464	263	10241	23189
1750399620.3500836	263	10249	23204
1750399625.3645465	263	10251	23215
1750399630.37857	263	10255	23224
1750399635.3930733	263	10261	23232
1750399640.4073546	263	10270	23242
1750399645.4297948	264	10275	23259
1750399650.4436612	264	10284	23271
1750399655.457945	264	10290	23286
1750399660.471996	264	10295	23292
1750399665.4862154	264	10300	23299
1750399670.5063984	264	10305	23305
1750399675.520655	264	10315	23318
1750399680.5348258	265	10326	23332
1750399685.5492802	265	10329	23347
1750399690.5636108	265	10334	23360
1750399695.5845659	265	10337	23379
1750399700.5988986	265	10343	23389
1750399705.6128685	265	10347	23401
1750399710.6268578	265	10353	23409
1750399715.6410632	265	10367	23420
1750399720.6551118	265	10378	23433
1750399725.6690373	265	10385	23444
1750399730.6836312	265	10389	23462
1750399735.6995986	266	10394	23478
1750399740.713814	266	10404	23487
1750399745.728039	266	10411	23502
1750399750.7422469	266	10415	23517
1750399755.756122	266	10420	23533
1750399760.7701151	266	10424	23543
1750399765.784264	266	10429	23555
1750399770.798423	266	10432	23566
1750399775.8128972	266	10440	23573
1750399780.8274827	266	10444	23579
1750399785.8419712	266	10451	23598
1750399790.8569753	266	10459	23607
1750399795.8714764	266	10464	23618
1750399800.8867676	266	10469	23628
1750399805.9013603	266	10472	23644
1750399810.9164317	266	10479	23658
1750399815.9315093	266	10489	23671
1750399820.9520319	266	10494	23686
1750399825.966779	267	10502	23704
1750399830.9824197	268	10507	23717
1750399835.9971945	268	10513	23733
1750399841.012801	268	10519	23744
1750399846.0278475	268	10522	23761
1750399851.0425053	268	10528	23775
1750399856.0585954	268	10533	23791
1750399861.0746727	268	10542	23803
1750399866.093213	268	10548	23815
1750399871.1081913	268	10555	23825
1750399876.1240208	268	10560	23842
1750399881.140754	268	10563	23856
1750399886.157145	269	10568	23869
1750399891.1737213	269	10573	23886
1750399896.190593	269	10581	23897
1750399901.2058477	269	10586	23905
1750399906.2225492	269	10591	23924
1750399911.239861	269	10592	23936
1750399916.25663	269	10601	23949
1750399921.2729106	269	10603	23963
1750399926.289655	269	10612	23977
1750399931.3063102	269	10615	23993
1750399936.3217378	269	10621	24005
1750399941.338454	269	10626	24018
1750399946.3641171	269	10630	24030
1750399951.3860462	269	10631	24041
1750399956.4032638	271	10635	24056
1750399961.4219725	271	10641	24077
1750399966.4391131	271	10650	24088
1750399971.4559555	271	10659	24109
1750399976.4733546	271	10671	24119
1750399981.4948165	271	10676	24127
1750399986.5117311	271	10679	24141
1750399991.5285304	271	10691	24154
1750399996.5450892	271	10695	24160
1750400001.5620677	271	10703	24178
1750400006.5792305	271	10710	24195
1750400011.5962443	271	10717	24210
1750400016.6114244	271	10727	24221
1750400021.6285388	271	10735	24233
1750400026.6446996	271	10736	24243
1750400031.661932	271	10746	24254
1750400036.6783192	271	10749	24266
1750400041.7010279	271	10754	24276
1750400046.718343	271	10763	24291
1750400051.7369812	271	10767	24303
1750400056.7540724	271	10770	24313
1750400061.7710888	271	10778	24328
1750400066.7901256	271	10783	24341
1750400071.8071969	272	10790	24357
1750400076.8245869	272	10797	24365
1750400081.8415987	272	10799	24384
1750400086.858206	272	10805	24393
1750400091.874554	272	10810	24403
1750400096.898836	273	10818	24412
1750400101.9132283	273	10824	24422
1750400106.9292748	273	10829	24435
1750400111.945862	273	10835	24449
1750400116.9623287	274	10838	24461
1750400121.9810536	274	10851	24474
1750400126.9966638	274	10857	24489
1750400132.0128367	274	10860	24501
1750400137.0300667	274	10866	24516
1750400142.047197	274	10869	24530
1750400147.065283	275	10875	24542
1750400152.0802617	275	10884	24549
1750400157.102136	275	10888	24558
1750400162.1192594	275	10895	24571
1750400167.135809	275	10903	24582
1750400172.152827	275	10909	24597
1750400177.1692965	275	10915	24608
1750400182.190822	275	10921	24632
1750400187.2132618	275	10923	24640
1750400192.2284453	276	10928	24651
1750400197.2443712	276	10933	24668
1750400202.262003	276	10937	24684
1750400207.2786908	277	10944	24703
1750400212.295606	277	10955	24720
1750400217.3121846	277	10956	24731
1750400222.3351312	277	10961	24742
1750400227.3510213	278	10964	24762
1750400232.3675976	278	10968	24770
1750400237.385302	278	10974	24782
1750400242.4063988	278	10978	24794
1750400247.4298856	278	10987	24802
1750400252.444842	279	10994	24815
1750400257.462875	279	10996	24827
1750400262.478543	280	11002	24835
1750400267.4947991	280	11007	24850
1750400272.5117042	280	11008	24865
1750400277.5283363	280	11013	24884
1750400282.5457036	280	11017	24899
1750400287.5611608	281	11021	24911
1750400292.5776124	281	11026	24922
1750400297.5942118	281	11033	24935
1750400302.6152341	282	11040	24952
1750400307.6321754	282	11042	24968
1750400312.648935	282	11048	24980
1750400317.6671598	282	11050	24993
1750400322.6837592	282	11056	25003
1750400327.7010372	282	11063	25015
1750400332.7172256	282	11073	25026
1750400337.7385256	282	11077	25039
1750400342.7556663	282	11079	25057
1750400347.7739587	282	11083	25070
1750400352.7908566	282	11084	25086
1750400357.807358	282	11087	25098
1750400362.829266	282	11091	25108
1750400367.8526468	282	11095	25129
1750400372.8679688	282	11102	25143
1750400377.8843434	282	11106	25157
1750400382.9012673	282	11109	25166
1750400387.9188213	282	11110	25173
1750400392.9360092	282	11117	25181
1750400397.951488	282	11118	25190
1750400402.9681907	282	11121	25205
1750400407.9850867	283	11125	25220
1750400413.001306	283	11133	25236
1750400418.0181959	283	11139	25252
1750400423.033599	284	11145	25265
1750400428.0505643	284	11152	25280
1750400433.0675907	284	11155	25289
1750400438.0848427	284	11158	25303
1750400443.1012855	284	11163	25322
1750400448.1181977	285	11169	25335
1750400453.1376143	285	11174	25345
1750400458.1543674	286	11183	25368
1750400463.171867	286	11189	25386
1750400468.1885817	286	11197	25405
1750400473.2116568	286	11202	25413
1750400478.2352185	286	11205	25427
1750400483.257281	286	11209	25443
1750400488.2744265	287	11212	25460
1750400493.2911336	287	11218	25472
1750400498.308225	287	11226	25483
1750400503.3251379	287	11230	25492
1750400508.3450935	287	11233	25499
1750400513.360835	287	11236	25507
1750400518.38391	287	11240	25519
1750400523.401368	287	11246	25533
1750400528.417812	287	11250	25539
1750400533.4347093	288	11255	25561
1750400538.4515367	288	11262	25572
1750400543.4747744	288	11269	25584
1750400548.4968991	288	11281	25606
1750400553.5143657	288	11283	25621
1750400558.531428	288	11286	25634
1750400563.5472162	289	11293	25647
1750400568.5647304	289	11298	25658
1750400573.5805533	289	11310	25671
1750400578.59745	289	11313	25684
1750400583.61964	289	11316	25700
1750400588.6366026	289	11321	25717
1750400593.653342	289	11325	25726
1750400598.6697192	289	11328	25738
1750400603.6874843	289	11333	25751
1750400608.709717	289	11342	25762
1750400613.7268927	289	11354	25770
1750400618.743472	289	11358	25784
1750400623.7601938	289	11364	25794
1750400628.7778122	289	11370	25799
1750400633.7937994	289	11378	25811
1750400638.8176074	289	11386	25830
1750400643.8345828	290	11395	25846
1750400648.8602793	290	11400	25858
1750400653.8775833	290	11403	25870
1750400658.8940682	290	11407	25886
1750400663.910745	290	11413	25902
1750400668.930852	290	11418	25910
1750400673.9499218	290	11422	25925
1750400678.9674335	290	11434	25942
1750400683.9847662	290	11439	25955
1750400689.0018263	290	11444	25965
1750400694.0176637	290	11451	25979
1750400699.0343254	290	11454	25989
1750400704.055082	290	11457	26002
1750400709.0697672	290	11464	26017
1750400714.0836728	290	11471	26032
1750400719.0975358	290	11475	26043
