1749521461.2323792	0	55	113
1749521466.2422383	0	62	129
1749521471.2539334	0	74	154
1749521476.2668953	0	79	164
1749521481.279677	0	88	172
1749521486.291745	0	92	188
1749521491.302591	0	96	201
1749521496.3148277	0	101	216
1749521501.3256497	0	113	243
1749521506.3364494	0	120	261
1749521511.350059	0	132	276
1749521516.362078	0	139	292
1749521521.3757386	0	148	305
1749521526.3869452	0	153	320
1749521531.3995502	0	160	332
1749521536.4123673	0	168	343
1749521541.4315443	0	176	357
1749521546.444191	0	185	367
1749521551.4577706	0	191	377
1749521556.4694734	0	195	389
1749521561.4829993	0	200	404
1749521566.4954715	0	209	416
1749521571.5083659	0	221	433
1749521576.5205317	0	229	447
1749521581.533578	0	232	463
1749521586.5473394	0	239	484
1749521591.559672	0	246	490
1749521596.5732465	0	251	502
1749521601.5850039	0	256	518
1749521606.596786	0	263	532
1749521611.609092	0	271	546
1749521616.619859	0	279	562
1749521621.6325564	0	287	577
1749521626.6436605	0	295	590
1749521631.6642044	0	304	606
1749521636.6778986	0	312	626
1749521641.689378	0	319	639
1749521646.7002606	0	330	652
1749521651.712642	0	335	664
1749521656.7246559	0	341	681
1749521661.7436526	0	352	691
1749521666.755536	0	357	709
1749521671.7675416	0	359	730
1749521676.77924	0	366	743
1749521681.7924864	0	373	749
1749521686.8055787	0	383	763
1749521691.8232288	0	393	784
1749521696.8341472	0	401	795
1749521701.8500009	0	408	807
1749521706.864075	0	419	820
1749521711.8782108	0	423	826
1749521716.8916745	0	427	840
1749521721.904811	0	433	848
1749521726.924849	0	438	861
1749521731.937712	0	445	880
1749521736.9515038	0	452	897
1749521741.9649956	0	457	906
1749521746.9792836	0	463	922
1749521751.9909804	0	471	939
1749521757.0075753	0	475	949
1749521762.0197663	0	480	960
1749521767.037661	0	487	972
1749521772.0521684	0	497	985
1749521777.0665076	0	504	1000
1749521782.0813239	0	518	1015
1749521787.0953681	0	522	1026
1749521792.1134176	0	528	1040
1749521797.1336522	0	531	1052
1749521802.148284	0	538	1068
1749521807.1624155	0	545	1081
1749521812.1764352	0	551	1098
1749521817.190527	1	558	1117
1749521822.2051315	1	563	1128
1749521827.2258363	1	569	1147
1749521832.2387114	1	577	1161
1749521837.2530317	1	586	1179
1749521842.2676742	1	595	1190
1749521847.2803257	1	600	1202
1749521852.2961383	1	609	1216
1749521857.3105316	1	618	1234
1749521862.324517	1	624	1247
1749521867.338589	1	633	1258
1749521872.3526802	1	639	1271
1749521877.3666122	1	650	1284
1749521882.380528	1	657	1302
1749521887.3949754	1	662	1315
1749521892.4128714	1	669	1320
1749521897.4269505	1	674	1339
1749521902.4401846	1	681	1348
1749521907.453251	1	684	1361
1749521912.4669204	1	689	1373
1749521917.4799666	1	697	1385
1749521922.4937608	1	701	1400
1749521927.5112443	1	707	1413
1749521932.525461	1	716	1423
1749521937.5402496	1	722	1441
1749521942.5558844	1	725	1453
1749521947.5699558	1	727	1464
1749521952.5843813	1	734	1478
1749521957.6011076	1	740	1495
1749521962.613262	1	745	1508
1749521967.6247861	1	749	1521
1749521972.636618	1	760	1532
1749521977.647805	2	768	1549
1749521982.661205	2	774	1563
1749521987.6788805	2	782	1585
1749521992.6909316	2	786	1596
1749521997.7062273	2	802	1609
1749522002.72047	2	805	1637
1749522007.7348983	2	813	1646
1749522012.749501	2	821	1657
1749522017.7657058	2	827	1667
1749522022.780708	2	830	1679
1749522027.8031712	2	838	1698
1749522032.817618	2	846	1714
1749522037.8318694	2	857	1729
1749522042.8460855	2	864	1739
1749522047.8601582	2	870	1757
1749522052.8749473	2	878	1766
1749522057.8929048	2	887	1772
1749522062.9074137	2	897	1783
1749522067.9225364	2	900	1792
1749522072.9371114	2	908	1804
1749522077.9517128	2	914	1816
1749522082.9656904	2	922	1827
1749522087.9795067	2	927	1837
1749522092.9923263	2	937	1848
1749522098.0069048	2	943	1858
1749522103.021781	2	952	1869
1749522108.0358574	2	960	1880
1749522113.0504544	2	964	1895
1749522118.0643506	2	970	1910
1749522123.0788782	2	974	1928
1749522128.0934243	2	986	1946
1749522133.1071005	2	993	1964
1749522138.12158	2	998	1982
1749522143.1330805	2	1001	1995
1749522148.146961	2	1010	2007
1749522153.1604362	2	1018	2023
1749522158.1781206	2	1026	2038
1749522163.1923978	2	1032	2052
1749522168.2033012	2	1040	2076
1749522173.2171195	2	1050	2092
1749522178.231096	2	1059	2102
1749522183.2476668	2	1066	2120
1749522188.2620156	2	1075	2129
1749522193.2805789	2	1087	2153
1749522198.2948847	2	1094	2166
1749522203.3105333	2	1099	2177
1749522208.3247576	2	1110	2191
1749522213.3388045	2	1119	2199
1749522218.3579397	2	1126	2210
1749522223.3761852	2	1135	2227
1749522228.386916	2	1137	2242
1749522233.3992746	2	1149	2257
1749522238.412136	2	1153	2270
1749522243.425983	2	1159	2282
1749522248.445294	2	1166	2294
1749522253.4570374	2	1171	2305
1749522258.470666	2	1181	2313
1749522263.4851556	2	1189	2330
1749522268.499666	2	1195	2340
1749522273.5136607	2	1206	2353
1749522278.5334458	2	1213	2364
1749522283.553681	3	1223	2384
1749522288.5676188	3	1229	2400
1749522293.5807638	3	1232	2415
1749522298.5942683	3	1236	2431
1749522303.6053176	3	1243	2444
1749522308.618985	3	1248	2458
1749522313.632	3	1252	2477
1749522318.646166	3	1258	2483
1749522323.6569698	3	1262	2502
1749522328.6694634	3	1267	2515
1749522333.687133	3	1277	2525
1749522338.7062917	3	1285	2538
1749522343.7211058	3	1293	2555
1749522348.7338636	3	1297	2564
1749522353.746614	3	1303	2578
1749522358.7584805	3	1306	2586
1749522363.77712	3	1313	2601
1749522368.7890644	3	1319	2615
1749522373.8024213	3	1327	2636
1749522378.8140664	3	1332	2655
1749522383.8252242	3	1336	2661
1749522388.8386111	3	1342	2674
1749522393.8517563	3	1352	2690
1749522398.8648274	3	1356	2704
1749522403.8767252	3	1359	2715
1749522408.8894222	3	1362	2727
1749522413.9078789	3	1365	2740
1749522418.9200187	3	1379	2753
1749522423.9372451	3	1389	2764
1749522428.9489653	3	1396	2777
1749522433.961899	3	1406	2790
1749522438.9740014	3	1413	2807
1749522443.985766	3	1419	2821
1749522448.997532	3	1424	2834
1749522454.0087426	3	1429	2846
1749522459.0203965	3	1438	2861
1749522464.0389054	3	1445	2875
1749522469.0518534	3	1447	2888
1749522474.0646038	3	1452	2912
1749522479.0765517	3	1454	2927
1749522484.0887945	3	1459	2936
1749522489.1027164	3	1462	2946
1749522494.115521	3	1466	2958
1749522499.1270485	3	1476	2972
1749522504.1408823	3	1483	2982
1749522509.1527913	3	1488	2995
1749522514.1709814	3	1493	3003
1749522519.1874092	3	1504	3011
1749522524.1988041	3	1507	3025
1749522529.2125874	3	1517	3038
1749522534.2245822	3	1527	3045
1749522539.237431	4	1531	3055
1749522544.2552278	4	1537	3078
1749522549.2680619	4	1549	3087
1749522554.2888064	4	1553	3108
1749522559.302096	4	1558	3123
1749522564.3164659	4	1571	3137
1749522569.330584	4	1575	3153
1749522574.3441944	4	1578	3167
1749522579.3650649	4	1587	3181
1749522584.3837876	4	1598	3195
1749522589.398229	4	1604	3209
1749522594.4119346	4	1608	3223
1749522599.4249392	4	1615	3230
1749522604.4385834	4	1621	3238
1749522609.4519675	4	1627	3249
1749522614.4662037	4	1634	3261
1749522619.484513	4	1636	3278
1749522624.4965389	4	1644	3291
1749522629.510602	4	1653	3308
1749522634.5230248	4	1670	3318
1749522639.5403283	4	1679	3334
1749522644.5591214	4	1682	3353
1749522649.5726044	4	1689	3372
1749522654.5849366	4	1696	3386
1749522659.5959377	4	1703	3395
1749522664.60777	4	1709	3406
1749522669.6201313	4	1716	3417
1749522674.6339762	4	1724	3430
1749522679.6471822	4	1729	3442
1749522684.657686	4	1734	3452
1749522689.670727	4	1744	3469
1749522694.6918383	4	1751	3483
1749522699.7105906	4	1757	3501
1749522704.724049	4	1761	3514
1749522709.7357118	4	1768	3536
1749522714.7487028	4	1774	3543
1749522719.7620378	4	1777	3555
1749522724.7807653	4	1788	3566
1749522729.7949874	4	1800	3577
1749522734.8129995	4	1808	3594
1749522739.8247805	4	1819	3612
1749522744.8375611	4	1823	3628
1749522749.8513737	4	1827	3634
1749522754.8652463	4	1828	3645
1749522759.8770745	4	1836	3662
1749522764.889239	5	1846	3675
1749522769.900186	5	1854	3691
1749522774.9138439	5	1858	3705
1749522779.9258816	5	1862	3720
1749522784.9403033	5	1872	3741
1749522789.954441	5	1879	3747
1749522794.9681773	5	1884	3768
1749522799.9810483	5	1892	3782
1749522804.99311	5	1894	3791
1749522810.0055814	5	1897	3800
1749522815.0189898	5	1901	3815
1749522820.033788	5	1909	3828
1749522825.0478501	5	1914	3839
1749522830.0686684	5	1920	3853
1749522835.0814903	5	1928	3864
1749522840.0929132	5	1936	3875
1749522845.1053495	5	1944	3889
1749522850.1186473	5	1954	3905
1749522855.1363027	5	1962	3920
1749522860.1486552	5	1969	3936
1749522865.1616569	5	1977	3949
1749522870.1753416	5	1981	3967
1749522875.1893766	5	1993	3982
1749522880.2021997	5	2002	3998
1749522885.2137687	5	2008	4013
1749522890.225986	5	2018	4028
1749522895.2367406	5	2025	4044
1749522900.2486775	5	2029	4057
1749522905.260808	5	2034	4071
1749522910.2735558	5	2042	4093
1749522915.2866414	5	2050	4106
1749522920.299327	5	2056	4123
1749522925.3122332	5	2061	4137
1749522930.3240612	5	2068	4150
1749522935.3367493	5	2078	4168
1749522940.349053	5	2085	4182
1749522945.3603928	5	2094	4197
1749522950.3732042	5	2099	4212
1749522955.386359	5	2105	4227
1749522960.3996794	5	2111	4246
1749522965.4128802	5	2124	4265
1749522970.4297853	5	2132	4278
1749522975.4426918	5	2136	4292
1749522980.4629602	5	2139	4309
1749522985.4763505	5	2144	4327
1749522990.4897802	5	2153	4344
1749522995.500377	5	2160	4353
1749523000.5192506	5	2169	4374
1749523005.539794	5	2177	4394
1749523010.5600848	5	2184	4412
1749523015.5721836	5	2190	4428
1749523020.582611	5	2194	4437
1749523025.5965233	5	2198	4451
1749523030.6109762	5	2205	4466
1749523035.6272366	5	2213	4473
1749523040.639314	5	2222	4483
1749523045.652878	5	2227	4489
1749523050.665154	5	2235	4506
1749523055.6769738	5	2241	4531
1749523060.692707	5	2247	4547
1749523065.7055347	5	2253	4563
1749523070.7181046	5	2259	4575
1749523075.7309592	5	2267	4594
1749523080.7439547	5	2270	4608
1749523085.762721	5	2273	4619
1749523090.7737923	5	2280	4634
1749523095.7858713	5	2289	4659
1749523100.7986932	5	2293	4674
1749523105.8164928	5	2299	4689
1749523110.8290327	6	2304	4714
1749523115.842038	6	2314	4731
1749523120.8554533	6	2323	4744
1749523125.868172	6	2333	4761
1749523130.8836515	6	2343	4772
1749523135.903903	6	2349	4782
1749523140.9155703	6	2355	4796
1749523145.933156	6	2366	4811
1749523150.947031	6	2377	4825
1749523155.9613218	6	2385	4837
1749523160.972767	6	2388	4849
1749523165.984379	6	2392	4858
1749523170.9968884	6	2395	4881
1749523176.0120797	6	2408	4895
1749523181.0247674	6	2415	4903
1749523186.0410736	6	2423	4919
1749523191.0606334	6	2428	4933
1749523196.0720057	6	2437	4951
1749523201.0843182	6	2446	4964
1749523206.0980394	6	2452	4980
1749523211.1112916	6	2464	4992
1749523216.132696	6	2469	5010
1749523221.1441891	6	2479	5021
1749523226.1566744	6	2481	5040
1749523231.1699467	6	2482	5054
1749523236.182891	6	2490	5062
1749523241.1952536	6	2494	5073
1749523246.2086985	6	2499	5080
1749523251.222539	6	2506	5094
1749523256.2364142	6	2511	5104
1749523261.2505057	6	2514	5122
1749523266.2699008	6	2521	5140
1749523271.282769	6	2526	5161
1749523276.3022046	6	2538	5175
1749523281.3154433	6	2548	5184
1749523286.328399	6	2553	5201
1749523291.3416486	6	2557	5217
1749523296.3549697	6	2563	5229
1749523301.3682132	6	2567	5242
1749523306.3811154	6	2574	5252
1749523311.3943121	6	2578	5269
1749523316.4102128	6	2585	5276
1749523321.4226568	6	2596	5283
1749523326.4375322	6	2604	5293
1749523331.4508421	6	2611	5304
1749523336.4641101	6	2620	5312
1749523341.4753077	6	2625	5321
1749523346.4894772	6	2631	5327
1749523351.5032706	6	2635	5336
1749523356.5173254	6	2639	5348
1749523361.5318954	6	2644	5362
1749523366.5469656	6	2649	5377
1749523371.5669363	6	2655	5392
1749523376.5811749	6	2661	5406
1749523381.5954502	6	2667	5423
1749523386.6086109	6	2673	5440
1749523391.6215456	6	2678	5455
1749523396.6386206	6	2683	5465
1749523401.6519353	6	2690	5475
1749523406.670937	6	2693	5484
1749523411.6845603	6	2702	5506
1749523416.697668	6	2707	5514
1749523421.7109354	6	2716	5529
1749523426.7297902	6	2723	5544
1749523431.7489152	6	2732	5560
1749523436.7675922	6	2737	5570
1749523441.780311	6	2746	5582
1749523446.793941	6	2754	5596
1749523451.8059237	6	2763	5599
1749523456.8184793	6	2773	5618
1749523461.8385122	7	2781	5637
1749523466.85242	7	2790	5652
1749523471.869517	7	2801	5668
1749523476.8817294	7	2807	5684
1749523481.8936677	7	2811	5703
1749523486.90555	7	2819	5717
1749523491.9171135	7	2826	5732
1749523496.928485	7	2834	5742
1749523501.9397497	7	2837	5759
1749523506.9524276	7	2844	5778
1749523511.9671826	7	2848	5788
1749523516.9800482	7	2853	5802
1749523521.9986794	7	2859	5814
1749523527.0111885	7	2863	5831
1749523532.0233035	7	2865	5844
1749523537.036345	7	2869	5858
1749523542.0496464	7	2877	5875
1749523547.062813	7	2885	5886
1749523552.076032	7	2893	5900
1749523557.0886946	7	2901	5919
1749523562.1025114	7	2907	5930
1749523567.1154535	7	2914	5936
1749523572.1291502	7	2924	5954
1749523577.142647	7	2934	5963
1749523582.155538	7	2948	5975
1749523587.1686497	7	2956	5982
1749523592.1815531	7	2963	6003
1749523597.1946523	7	2970	6016
1749523602.207688	7	2978	6028
1749523607.2205398	7	2983	6039
1749523612.2365592	7	2992	6053
1749523617.256726	7	2999	6064
1749523622.2698042	7	3007	6082
1749523627.283257	7	3020	6098
1749523632.2956715	7	3023	6113
1749523637.309331	7	3027	6131
1749523642.3235888	7	3030	6143
1749523647.3389015	7	3035	6156
1749523652.35584	7	3044	6174
1749523657.3694434	7	3048	6184
1749523662.3812034	7	3058	6198
1749523667.3947806	7	3064	6210
1749523672.4123805	7	3068	6222
1749523677.4322438	7	3077	6237
1749523682.4527903	7	3085	6250
1749523687.4638908	7	3088	6267
1749523692.4768612	7	3095	6282
1749523697.4900165	7	3100	6290
1749523702.5031419	7	3104	6305
1749523707.5170548	7	3116	6315
1749523712.5289066	7	3121	6336
1749523717.5427039	7	3127	6349
1749523722.556865	7	3136	6359
1749523727.5699914	7	3142	6373
1749523732.5840752	7	3149	6388
1749523737.5970812	7	3155	6400
1749523742.6125712	7	3161	6415
1749523747.6283572	7	3167	6434
1749523752.642625	7	3171	6443
1749523757.656741	7	3178	6453
1749523762.6745017	7	3183	6464
1749523767.6881595	7	3187	6469
1749523772.7021067	8	3193	6479
1749523777.7158096	8	3197	6503
1749523782.730023	8	3199	6522
1749523787.7412462	8	3205	6538
1749523792.7631009	8	3214	6557
1749523797.7781432	8	3218	6575
1749523802.7906194	8	3220	6588
1749523807.8032293	8	3227	6597
1749523812.8174903	8	3229	6613
1749523817.8307629	8	3237	6627
1749523822.8491163	8	3244	6641
1749523827.8621287	8	3245	6649
1749523832.882323	8	3248	6662
1749523837.8954113	8	3258	6679
1749523842.9083374	8	3269	6683
1749523847.919372	8	3275	6692
1749523852.9325364	8	3282	6702
1749523857.946162	8	3288	6716
1749523862.9596617	8	3293	6733
1749523867.9735575	8	3298	6749
1749523872.9884179	8	3304	6762
1749523878.001583	8	3310	6775
1749523883.0162666	8	3316	6790
1749523888.0303576	8	3318	6808
1749523893.0445678	8	3322	6825
1749523898.0583177	8	3332	6837
1749523903.0790744	8	3336	6854
1749523908.0935192	8	3342	6868
1749523913.107389	8	3346	6889
1749523918.120681	8	3350	6905
1749523923.1341586	8	3360	6920
1749523928.1496708	8	3367	6932
1749523933.1625183	8	3375	6947
1749523938.1763034	8	3382	6962
1749523943.1899247	8	3389	6985
1749523948.2010853	8	3394	6996
1749523953.2155633	8	3400	7012
1749523958.2311802	8	3405	7025
1749523963.24997	8	3414	7040
1749523968.2638917	8	3416	7052
1749523973.2770822	8	3420	7060
1749523978.2891157	8	3425	7068
1749523983.305686	8	3436	7087
1749523988.3249345	8	3442	7100
1749523993.339487	8	3449	7112
1749523998.3527324	8	3454	7131
1749524003.3674908	8	3460	7147
1749524008.3811464	8	3468	7162
1749524013.3918781	8	3477	7173
1749524018.4053943	8	3479	7185
1749524023.4196587	8	3483	7200
1749524028.434483	8	3488	7210
1749524033.4485428	8	3492	7227
1749524038.4630237	8	3502	7238
1749524043.482003	8	3509	7253
1749524048.4959826	8	3514	7266
1749524053.5099812	8	3522	7275
1749524058.521018	8	3529	7286
1749524063.5346467	8	3534	7303
1749524068.5539608	8	3545	7316
1749524073.5675352	8	3552	7324
1749524078.5812948	8	3556	7334
1749524083.594119	8	3563	7350
1749524088.6077368	8	3567	7364
1749524093.6212027	8	3571	7379
1749524098.6351182	8	3574	7398
1749524103.6493628	8	3575	7410
1749524108.6634254	8	3586	7428
1749524113.6770043	8	3591	7443
1749524118.6955228	8	3595	7454
1749524123.7101378	8	3599	7467
1749524128.727668	8	3603	7480
1749524133.7420628	8	3606	7495
1749524138.7561114	8	3613	7499
1749524143.7673945	8	3622	7517
1749524148.780488	8	3630	7530
1749524153.792528	8	3634	7540
1749524158.8065286	8	3645	7554
1749524163.8211207	8	3651	7564
1749524168.836473	8	3652	7578
1749524173.8504713	8	3655	7591
1749524178.865445	8	3659	7604
1749524183.87957	8	3662	7614
1749524188.8940022	8	3668	7628
1749524193.9053724	8	3678	7644
1749524198.918369	8	3681	7650
1749524203.9329908	8	3692	7665
1749524208.946524	8	3703	7679
1749524213.9605587	8	3711	7699
1749524218.975184	8	3722	7712
1749524223.996143	8	3730	7724
1749524229.0106187	8	3735	7738
1749524234.0250893	8	3740	7751
1749524239.0385838	8	3751	7767
1749524244.0494843	8	3759	7784
1749524249.0629957	8	3764	7795
1749524254.0761805	8	3771	7811
1749524259.0907536	8	3781	7826
1749524264.1041222	8	3790	7839
1749524269.114723	8	3796	7853
1749524274.1278	8	3803	7866
1749524279.1394932	8	3813	7875
1749524284.153744	8	3817	7888
1749524289.167797	8	3822	7901
1749524294.181309	8	3832	7914
1749524299.1997457	8	3838	7930
1749524304.2127693	8	3849	7942
1749524309.2281911	8	3857	7954
1749524314.2412	8	3862	7972
1749524319.25587	8	3870	7988
1749524324.268839	8	3872	8000
1749524329.2822409	8	3879	8017
1749524334.2968566	8	3889	8025
1749524339.3108342	8	3893	8040
1749524344.3237019	8	3897	8053
1749524349.338366	8	3906	8065
1749524354.355436	8	3910	8077
1749524359.368633	8	3913	8082
1749524364.3822405	8	3919	8094
1749524369.3964303	8	3924	8101
1749524374.4104779	8	3933	8108
1749524379.4251757	8	3940	8120
1749524384.4390373	8	3952	8140
1749524389.4609032	8	3961	8150
1749524394.4743326	8	3965	8166
1749524399.4886696	8	3975	8176
1749524404.5034695	8	3977	8193
1749524409.5155766	8	3981	8201
1749524414.5319266	8	3992	8216
1749524419.5449286	8	4003	8227
1749524424.5584102	8	4007	8242
1749524429.5718012	8	4015	8253
1749524434.5849934	8	4020	8262
1749524439.598297	8	4025	8280
1749524444.6172698	8	4029	8297
1749524449.6306038	8	4035	8311
1749524454.6421497	8	4038	8329
1749524459.6555521	8	4043	8343
1749524464.6691082	8	4055	8350
1749524469.6829147	8	4059	8360
1749524474.6967936	8	4063	8374
1749524479.7095776	8	4067	8387
1749524484.7228365	8	4073	8400
1749524489.7363415	8	4077	8410
1749524494.7508166	8	4087	8423
1749524499.764168	8	4094	8434
1749524504.782294	8	4102	8448
1749524509.7955165	8	4107	8462
1749524514.809017	8	4113	8472
1749524519.8226259	8	4121	8491
1749524524.8377483	8	4125	8503
1749524529.8544118	8	4133	8519
1749524534.8684444	8	4144	8533
1749524539.8825681	8	4155	8545
1749524544.8962238	8	4164	8564
1749524549.9097435	8	4170	8583
1749524554.9219005	8	4181	8600
1749524559.941753	8	4185	8614
1749524564.955499	8	4193	8627
1749524569.96916	8	4201	8639
1749524574.98281	8	4204	8654
1749524579.9941459	8	4215	8667
1749524585.0074463	8	4223	8682
1749524590.0283966	8	4229	8697
1749524595.0460856	8	4240	8711
1749524600.06047	8	4243	8721
1749524605.0720494	8	4249	8728
1749524610.085057	8	4255	8737
1749524615.099606	8	4262	8750
1749524620.1131146	8	4271	8767
1749524625.131908	8	4279	8780
1749524630.144766	8	4285	8798
1749524635.1557095	8	4295	8815
1749524640.1684299	8	4303	8832
1749524645.1821394	8	4309	8841
1749524650.1963646	8	4317	8851
1749524655.2099643	8	4326	8866
1749524660.2230556	8	4332	8876
1749524665.237223	8	4338	8892
1749524670.2514915	8	4347	8902
1749524675.2658954	8	4356	8916
1749524680.2871137	8	4364	8928
1749524685.3012445	8	4371	8940
1749524690.3152401	8	4377	8959
1749524695.329269	8	4388	8974
1749524700.3433218	8	4394	8986
1749524705.357018	8	4399	9008
1749524710.371329	8	4407	9018
1749524715.3893569	8	4414	9029
1749524720.4039333	8	4422	9037
1749524725.414999	8	4427	9050
1749524730.4282193	8	4434	9065
1749524735.4423404	8	4439	9076
1749524740.4549713	8	4448	9088
1749524745.468997	8	4453	9099
1749524750.4900055	8	4456	9108
1749524755.503959	8	4462	9123
1749524760.5176384	8	4472	9138
1749524765.5308635	8	4478	9146
1749524770.5478837	8	4484	9154
1749524775.5651517	8	4491	9174
1749524780.579089	8	4501	9191
1749524785.5932636	8	4506	9198
1749524790.6065552	8	4510	9211
1749524795.6202054	8	4516	9223
1749524800.6340036	8	4523	9244
1749524805.653287	8	4526	9258
1749524810.666868	9	4531	9276
1749524815.6805315	9	4537	9292
1749524820.6952913	9	4543	9303
1749524825.7096963	9	4547	9316
1749524830.724571	9	4552	9329
1749524835.738223	9	4560	9344
1749524840.7519357	9	4567	9356
1749524845.765451	9	4579	9372
1749524850.7793796	9	4583	9388
1749524855.7934406	9	4584	9401
1749524860.8133245	9	4595	9423
1749524865.8269904	9	4608	9434
1749524870.840617	9	4616	9448
1749524875.8542168	9	4622	9462
1749524880.8677685	9	4625	9479
1749524885.8811588	9	4631	9486
1749524890.8965225	9	4637	9501
1749524895.9106042	9	4643	9518
1749524900.9246595	9	4652	9532
1749524905.938705	9	4661	9542
1749524910.952904	9	4666	9553
1749524915.967198	9	4670	9562
1749524920.9881427	9	4672	9575
1749524926.0010602	9	4686	9585
1749524931.0148435	9	4691	9593
1749524936.0290923	9	4697	9602
1749524941.0424998	9	4701	9614
1749524946.0568113	9	4709	9628
1749524951.0770938	9	4713	9644
1749524956.096172	9	4718	9652
1749524961.1107073	9	4729	9661
1749524966.1243684	9	4737	9671
1749524971.1387687	9	4742	9679
1749524976.1493723	9	4748	9692
1749524981.162928	9	4755	9706
1749524986.1774049	9	4760	9715
1749524991.1907063	9	4766	9726
1749524996.2049663	9	4776	9743
1749525001.2172806	9	4783	9753
1749525006.2308662	9	4791	9761
1749525011.2494721	9	4794	9776
1749525016.2633474	9	4798	9789
1749525021.276902	9	4807	9803
1749525026.2879293	9	4813	9827
1749525031.301731	9	4821	9841
1749525036.31583	9	4826	9862
1749525041.3298156	9	4832	9877
1749525046.3495836	9	4837	9892
1749525051.3626244	9	4846	9908
1749525056.3765574	9	4854	9924
1749525061.3903122	9	4859	9939
1749525066.4047396	9	4864	9944
1749525071.424507	9	4871	9959
1749525076.436511	9	4875	9976
1749525081.45097	9	4882	9983
1749525086.4650452	9	4895	9994
1749525091.4795384	9	4900	10006
1749525096.4937282	9	4906	10016
1749525101.5075266	9	4916	10027
1749525106.521879	9	4923	10039
1749525111.5367723	9	4929	10053
1749525116.5507116	9	4937	10067
1749525121.564896	9	4945	10076
1749525126.582983	9	4948	10080
1749525131.5965526	9	4957	10097
1749525136.6108575	9	4966	10113
1749525141.6255078	9	4968	10124
1749525146.6405294	9	4977	10136
1749525151.6541393	9	4985	10151
1749525156.669512	9	4992	10165
1749525161.6842942	9	4998	10179
1749525166.6992319	9	5005	10186
1749525171.7139702	9	5014	10199
1749525176.7282476	9	5021	10208
1749525181.744592	9	5025	10222
1749525186.7651439	9	5032	10241
1749525191.7860866	9	5036	10253
1749525196.8005574	9	5045	10266
1749525201.8145857	9	5050	10285
1749525206.8280232	9	5059	10305
1749525211.8407872	9	5064	10322
1749525216.8567204	9	5064	10332
1749525221.8709974	9	5072	10350
1749525226.885422	9	5080	10361
1749525231.8998768	9	5083	10371
1749525236.9149117	9	5089	10388
1749525241.9296563	9	5098	10402
1749525246.9437833	9	5106	10416
1749525251.9580493	9	5117	10424
1749525256.9720533	9	5124	10446
1749525261.985603	9	5130	10457
1749525267.00036	9	5142	10476
1749525272.0236366	9	5148	10490
1749525277.0383513	9	5153	10498
1749525282.0525942	9	5161	10508
1749525287.0671942	9	5167	10522
1749525292.0812116	9	5177	10539
1749525297.0955935	9	5184	10556
1749525302.114592	9	5187	10575
1749525307.1317503	9	5195	10594
1749525312.1459358	9	5201	10611
1749525317.1600728	9	5206	10629
1749525322.1745458	9	5212	10639
1749525327.1878545	9	5215	10647
1749525332.2065108	9	5221	10657
1749525337.2202828	9	5225	10665
1749525342.2405708	9	5227	10682
1749525347.2530992	9	5232	10695
1749525352.267197	9	5237	10709
1749525357.2817855	9	5247	10723
1749525362.2998693	9	5250	10738
1749525367.3208537	9	5258	10749
1749525372.34169	9	5264	10761
1749525377.3562644	9	5268	10773
1749525382.3705246	9	5277	10785
1749525387.3844593	9	5281	10801
1749525392.3993187	9	5287	10809
1749525397.4157472	9	5299	10821
1749525402.4301624	9	5302	10838
1749525407.4438586	9	5312	10849
1749525412.457874	9	5317	10859
1749525417.4720607	9	5320	10866
1749525422.4863436	9	5324	10877
1749525427.501046	9	5331	10894
1749525432.5143213	9	5339	10908
1749525437.5287511	9	5343	10922
1749525442.544108	9	5346	10941
1749525447.5598855	9	5352	10956
1749525452.5731137	9	5360	10970
1749525457.5905657	9	5363	10984
1749525462.6040986	9	5370	10998
1749525467.6173885	9	5382	11008
1749525472.6307316	9	5389	11022
1749525477.6450388	9	5396	11037
1749525482.6575646	9	5402	11053
1749525487.6721075	9	5406	11066
1749525492.6866205	9	5407	11076
1749525497.7054884	9	5412	11088
1749525502.7196703	9	5422	11103
1749525507.734866	9	5427	11123
1749525512.7494001	9	5431	11135
1749525517.7640824	9	5437	11145
1749525522.7789004	9	5441	11156
1749525527.7940016	9	5447	11166
1749525532.8072228	9	5457	11178
1749525537.8216543	9	5461	11194
1749525542.8362467	9	5467	11212
1749525547.8504949	9	5476	11236
1749525552.8706856	9	5482	11246
1749525557.8848863	9	5487	11255
1749525562.8994913	9	5494	11272
1749525567.9134455	9	5500	11290
1749525572.9276104	9	5506	11302
1749525577.9448526	9	5510	11322
1749525582.9581444	9	5519	11341
1749525587.9716473	9	5526	11357
1749525592.9854848	9	5537	11370
1749525597.9990911	9	5541	11383
1749525603.012842	9	5545	11401
1749525608.025077	9	5553	11417
1749525613.0380008	9	5557	11436
1749525618.0501637	9	5563	11451
1749525623.0622406	9	5565	11467
1749525628.0746403	9	5572	11488
1749525633.0868318	9	5579	11500
1749525638.0987213	9	5587	11522
1749525643.1163578	9	5594	11534
1749525648.1290898	9	5604	11543
1749525653.1410286	9	5614	11554
1749525658.153077	9	5619	11571
1749525663.1683114	9	5624	11579
1749525668.1846867	9	5631	11589
1749525673.196896	9	5637	11602
1749525678.2086298	9	5641	11614
1749525683.2206056	9	5648	11625
1749525688.2326157	9	5654	11636
1749525693.2458217	9	5661	11652
1749525698.2582994	9	5665	11665
1749525703.2710059	9	5673	11678
1749525708.2909548	9	5684	11695
1749525713.3052993	9	5691	11710
1749525718.3188884	9	5696	11718
1749525723.3315113	9	5704	11735
1749525728.3431427	9	5711	11756
1749525733.3558161	9	5714	11773
1749525738.3678186	9	5721	11786
1749525743.3801537	9	5730	11797
1749525748.392569	9	5736	11802
1749525753.4045978	9	5744	11816
1749525758.416689	9	5752	11830
1749525763.4285967	9	5765	11841
1749525768.440429	9	5766	11853
1749525773.459775	9	5773	11869
1749525778.4715967	9	5779	11881
1749525783.4841986	9	5782	11894
1749525788.4961228	9	5789	11907
1749525793.5095053	9	5792	11921
1749525798.5296988	9	5798	11942
1749525803.5415754	9	5800	11962
1749525808.5539496	9	5805	11978
1749525813.5663106	9	5815	11992
1749525818.5793078	9	5819	12001
1749525823.5919752	9	5827	12015
1749525828.604277	9	5830	12025
1749525833.616906	9	5836	12040
1749525838.6300006	9	5843	12057
1749525843.6424212	9	5849	12069
1749525848.6552665	9	5855	12084
1749525853.6669934	9	5860	12098
1749525858.6787338	9	5868	12117
1749525863.6978207	9	5877	12127
1749525868.710652	9	5880	12135
1749525873.7233052	9	5885	12147
1749525878.736514	9	5889	12162
1749525883.7488275	9	5897	12180
1749525888.7615504	9	5904	12195
1749525893.773586	9	5912	12209
1749525898.7862775	9	5920	12217
1749525903.799052	9	5929	12231
1749525908.8117568	9	5935	12245
1749525913.8240058	9	5939	12259
1749525918.8369794	9	5943	12274
1749525923.8486733	9	5951	12294
1749525928.8670182	9	5955	12308
1749525933.8797448	9	5959	12321
1749525938.8914316	9	5970	12343
1749525943.9030862	9	5978	12357
1749525948.9153054	9	5982	12375
1749525953.9289875	9	5988	12392
1749525958.942198	9	5995	12405
1749525963.954967	9	5998	12416
1749525968.9705257	9	6001	12426
1749525973.9828744	9	6007	12445
1749525978.9971554	9	6013	12457
1749525984.01013	9	6018	12470
1749525989.0223336	9	6025	12487
1749525994.0412903	9	6032	12497
1749525999.0533235	9	6039	12509
1749526004.065334	9	6046	12520
1749526009.0777664	9	6051	12532
1749526014.0898354	9	6056	12541
1749526019.1022305	9	6065	12555
1749526024.1148684	9	6075	12565
1749526029.127231	9	6079	12580
1749526034.1440241	9	6081	12585
1749526039.15619	9	6087	12597
1749526044.1684783	9	6095	12610
1749526049.1803555	9	6099	12623
1749526054.1927629	9	6105	12635
1749526059.2046971	9	6112	12647
1749526064.2194543	9	6118	12661
1749526069.231578	9	6123	12676
1749526074.2445846	9	6129	12689
1749526079.2580516	9	6135	12701
1749526084.270944	9	6145	12710
1749526089.2843382	10	6149	12726
1749526094.2974567	10	6153	12735
1749526099.3104203	10	6156	12745
1749526104.3234777	10	6165	12757
1749526109.3367658	10	6176	12766
1749526114.3501956	10	6181	12790
1749526119.3708005	10	6184	12809
1749526124.385784	10	6187	12823
1749526129.4037514	10	6197	12832
1749526134.4199224	10	6204	12853
1749526139.434904	10	6208	12869
1749526144.449578	10	6219	12885
1749526149.464223	10	6222	12904
1749526154.4773815	10	6230	12915
1749526159.4913716	10	6235	12926
1749526164.5046408	10	6242	12945
1749526169.5246956	10	6247	12959
1749526174.5457377	10	6251	12970
1749526179.5588646	10	6260	12980
1749526184.5719888	10	6266	12995
1749526189.5845225	10	6272	13002
1749526194.597131	10	6278	13011
1749526199.6105525	10	6282	13020
1749526204.6233673	10	6289	13031
1749526209.636505	10	6292	13046
1749526214.6514215	10	6296	13062
1749526219.6643932	10	6302	13072
1749526224.6772847	10	6304	13089
1749526229.6902075	10	6309	13103
1749526234.7054343	10	6318	13125
1749526239.7190661	10	6327	13139
1749526244.7324986	10	6333	13153
1749526249.745521	10	6337	13162
1749526254.7624445	10	6345	13171
1749526259.7764041	11	6352	13185
1749526264.7919004	11	6360	13192
1749526269.8070195	11	6369	13204
1749526274.8219368	11	6379	13215
1749526279.8367436	11	6387	13229
1749526284.8497994	11	6391	13239
1749526289.863954	11	6394	13247
1749526294.8793757	11	6401	13256
1749526299.8943934	11	6406	13270
1749526304.9151585	11	6410	13286
1749526309.9308062	11	6417	13298
1749526314.946634	11	6426	13310
1749526319.9615312	11	6433	13329
1749526324.9743474	11	6440	13342
1749526329.9939117	11	6449	13355
1749526335.0089624	11	6457	13369
1749526340.0247517	11	6464	13380
1749526345.0403187	11	6473	13389
1749526350.054431	11	6483	13400
1749526355.0700326	11	6493	13413
1749526360.084497	11	6501	13430
1749526365.0993593	11	6508	13440
1749526370.1128325	11	6514	13456
1749526375.1283197	11	6523	13467
1749526380.1433163	11	6529	13480
1749526385.1588094	11	6532	13497
1749526390.1737757	11	6536	13507
1749526395.1890666	11	6542	13517
1749526400.211912	11	6547	13531
1749526405.2274864	11	6557	13543
1749526410.2408578	11	6563	13557
1749526415.255017	11	6573	13568
1749526420.2698052	11	6579	13586
1749526425.289301	11	6581	13601
1749526430.3101933	11	6587	13613
1749526435.3248317	11	6596	13618
1749526440.3433914	11	6609	13634
1749526445.3583813	11	6615	13657
1749526450.3742378	11	6622	13666
1749526455.390521	11	6625	13677
1749526460.4040349	11	6629	13691
1749526465.4187894	11	6637	13711
1749526470.4341557	11	6641	13725
1749526475.4489837	11	6649	13737
1749526480.4697373	11	6656	13750
1749526485.4927135	11	6662	13760
1749526490.5084043	11	6666	13767
1749526495.523252	11	6675	13779
1749526500.5384758	11	6684	13798
1749526505.5537205	11	6695	13809
1749526510.5691707	11	6701	13819
1749526515.5850718	11	6705	13828
1749526520.6089997	11	6711	13847
1749526525.6240685	11	6721	13854
1749526530.6389823	11	6728	13867
1749526535.6546538	11	6734	13880
1749526540.6750011	11	6741	13893
1749526545.6964405	11	6747	13904
1749526550.7121124	11	6755	13916
1749526555.725827	11	6760	13933
1749526560.7409766	11	6771	13943
1749526565.757173	11	6781	13959
1749526570.772802	11	6785	13972
1749526575.7875752	11	6794	13982
1749526580.8021917	11	6800	13991
1749526585.8176763	11	6811	14006
1749526590.8330069	11	6814	14017
1749526595.848063	11	6821	14031
1749526600.8679342	12	6830	14050
1749526605.8830872	12	6839	14064
1749526610.8984883	12	6845	14078
1749526615.9144988	12	6852	14090
1749526620.9284515	12	6859	14102
1749526625.9437335	12	6867	14115
1749526630.958241	12	6875	14141
1749526635.9785252	12	6880	14150
1749526640.9935	12	6882	14169
1749526646.0071762	12	6889	14182
1749526651.0216382	12	6891	14194
1749526656.0423386	12	6898	14208
1749526661.0648332	12	6903	14224
1749526666.085855	12	6910	14238
1749526671.099906	12	6918	14258
1749526676.114712	12	6928	14272
1749526681.130267	12	6938	14287
1749526686.1450748	12	6943	14301
1749526691.1641784	12	6948	14312
1749526696.1804283	12	6952	14331
1749526701.2024813	12	6957	14341
1749526706.2181306	12	6966	14348
1749526711.2339525	12	6970	14367
1749526716.249553	12	6977	14378
1749526721.2641945	12	6982	14393
1749526726.2839086	12	6988	14410
1749526731.297202	12	6996	14422
1749526736.3161857	12	7007	14434
1749526741.3318975	12	7016	14444
1749526746.3474529	12	7021	14459
1749526751.362539	12	7027	14477
1749526756.37622	12	7033	14491
1749526761.3904421	12	7039	14504
1749526766.4064739	12	7049	14515
1749526771.4234	12	7052	14528
1749526776.4477139	12	7054	14545
1749526781.4685156	12	7065	14556
1749526786.4833906	12	7070	14572
1749526791.4989338	12	7079	14587
1749526796.5146306	12	7088	14604
1749526801.5295837	12	7092	14613
1749526806.5475621	12	7098	14625
1749526811.5627556	12	7102	14647
1749526816.582944	12	7116	14660
1749526821.5985508	12	7120	14672
1749526826.614019	12	7125	14686
1749526831.6293824	12	7129	14703
1749526836.648395	12	7134	14715
1749526841.6714249	12	7143	14725
1749526846.6923015	12	7148	14740
1749526851.7071612	12	7158	14760
1749526856.7223022	12	7158	14770
1749526861.7388036	12	7166	14784
1749526866.7523222	12	7177	14800
1749526871.771845	12	7188	14809
1749526876.7864172	12	7192	14827
1749526881.801667	12	7198	14838
1749526886.8167422	12	7209	14854
1749526891.831236	12	7219	14865
1749526896.8462706	12	7227	14876
1749526901.8618398	12	7235	14890
1749526906.877355	12	7238	14912
1749526911.8935232	12	7242	14923
1749526916.9090552	12	7245	14939
1749526921.926896	12	7247	14953
1749526926.9426408	12	7253	14965
1749526931.9623027	12	7259	14980
1749526936.9772484	12	7264	14999
1749526941.991547	12	7268	15015
1749526947.0054948	12	7277	15029
1749526952.0188851	12	7281	15045
1749526957.031943	12	7288	15057
1749526962.0454822	12	7297	15070
1749526967.0590956	12	7305	15086
1749526972.0775652	12	7312	15101
1749526977.090315	12	7318	15111
1749526982.1094406	12	7324	15119
1749526987.1224391	12	7325	15137
1749526992.135515	12	7330	15156
1749526997.148202	12	7336	15172
1749527002.160951	12	7344	15194
1749527007.1738682	12	7348	15206
1749527012.1870046	12	7357	15223
1749527017.2045496	12	7365	15237
1749527022.2176366	12	7369	15254
1749527027.2315748	12	7378	15266
1749527032.2449465	12	7383	15280
1749527037.2583659	12	7389	15297
1749527042.2770681	12	7397	15317
1749527047.2905881	12	7410	15328
1749527052.304074	12	7417	15346
1749527057.3170376	12	7426	15352
1749527062.3303318	12	7435	15366
1749527067.3481834	12	7445	15379
1749527072.3611684	12	7449	15389
1749527077.3746462	12	7453	15401
1749527082.3875682	12	7456	15414
1749527087.400703	12	7462	15428
1749527092.4212992	12	7469	15450
1749527097.4359286	12	7472	15468
1749527102.451713	12	7476	15483
1749527107.4674942	12	7483	15498
1749527112.4829307	12	7490	15511
1749527117.5026314	12	7496	15525
1749527122.5168095	12	7502	15536
1749527127.5320535	12	7507	15551
1749527132.5472398	12	7518	15563
1749527137.5626953	12	7526	15576
1749527142.5776212	12	7532	15587
1749527147.5929265	12	7536	15603
1749527152.6082008	12	7548	15620
1749527157.6238735	12	7552	15638
1749527162.639154	12	7558	15651
1749527167.6558402	12	7562	15661
1749527172.6714022	12	7568	15672
1749527177.6923642	12	7573	15690
1749527182.707661	12	7581	15703
1749527187.7217462	12	7583	15713
1749527192.7371655	12	7591	15721
1749527197.7519045	12	7595	15733
1749527202.7672756	12	7603	15743
1749527207.782718	12	7609	15755
1749527212.7975643	12	7612	15763
1749527217.8132532	12	7619	15775
1749527222.8279161	12	7626	15793
1749527227.843919	12	7640	15808
1749527232.8596554	12	7643	15827
1749527237.87302	12	7649	15842
1749527242.887371	12	7657	15855
1749527247.9036028	12	7664	15870
1749527252.9183571	12	7667	15880
1749527257.9336214	12	7672	15898
1749527262.9470487	12	7678	15910
1749527267.967743	12	7686	15925
1749527272.9909859	12	7693	15937
1749527278.0056498	12	7700	15952
1749527283.0210137	12	7705	15969
1749527288.034821	12	7713	15977
1749527293.0494254	12	7718	15992
1749527298.0697448	12	7729	16001
1749527303.0851533	12	7736	16017
1749527308.1091783	12	7743	16031
1749527313.1247756	12	7746	16042
1749527318.1404228	12	7750	16057
1749527323.1563056	12	7755	16070
1749527328.1741714	12	7767	16085
1749527333.1950238	12	7776	16099
1749527338.2103627	13	7783	16111
1749527343.2254934	13	7789	16123
1749527348.2415202	13	7798	16138
1749527353.2571363	13	7810	16153
1749527358.2721653	13	7817	16170
1749527363.2873497	13	7825	16181
1749527368.3033185	13	7832	16193
1749527373.316838	13	7836	16210
1749527378.3309042	13	7843	16226
1749527383.350513	13	7851	16236
1749527388.3684697	13	7853	16251
1749527393.3830636	13	7855	16257
1749527398.39615	13	7861	16270
1749527403.4106045	13	7868	16288
1749527408.4257789	13	7877	16302
1749527413.4466536	13	7883	16310
1749527418.4622664	13	7889	16325
1749527423.480419	13	7896	16341
1749527428.495048	13	7906	16356
1749527433.5109363	13	7911	16374
1749527438.526307	13	7920	16382
1749527443.5456612	13	7924	16390
1749527448.568414	13	7932	16398
1749527453.589647	13	7938	16418
1749527458.6054382	13	7942	16424
1749527463.6211984	13	7947	16444
1749527468.635509	13	7952	16456
1749527473.6507578	13	7958	16467
1749527478.6682084	13	7964	16483
1749527483.6825397	13	7977	16492
1749527488.697778	13	7983	16502
1749527493.7129483	13	7987	16511
1749527498.7285151	13	7990	16522
1749527503.7430243	13	7996	16535
1749527508.7570982	13	8005	16553
1749527513.7728	13	8012	16562
1749527518.787811	13	8019	16570
1749527523.8029346	13	8026	16586
1749527528.8225522	13	8034	16604
1749527533.8364615	13	8044	16619
1749527538.8562958	13	8052	16631
1749527543.873598	13	8056	16642
1749527548.8889701	13	8065	16655
1749527553.904311	13	8071	16671
1749527558.9235516	13	8075	16688
1749527563.9388468	13	8083	16700
1749527568.9539957	13	8088	16718
1749527573.9697273	13	8095	16729
1749527578.9850204	13	8100	16740
1749527583.99988	13	8101	16756
1749527589.0141973	13	8109	16766
1749527594.0295334	13	8113	16777
1749527599.0451035	13	8115	16789
1749527604.060078	13	8119	16800
1749527609.0762446	13	8124	16813
1749527614.090907	13	8135	16828
1749527619.110675	13	8144	16847
1749527624.1261253	13	8151	16859
1749527629.1420813	13	8160	16874
1749527634.1556044	13	8163	16888
1749527639.1699305	13	8172	16903
1749527644.1848195	13	8180	16913
1749527649.1994736	13	8192	16931
1749527654.2145357	13	8197	16942
1749527659.2295794	13	8204	16953
1749527664.2448337	13	8212	16962
1749527669.2680898	13	8215	16976
1749527674.283647	13	8219	16987
1749527679.2972498	13	8228	16999
1749527684.3101778	13	8233	17017
1749527689.324736	13	8240	17032
1749527694.338549	13	8251	17050
1749527699.3534026	13	8261	17064
1749527704.3670604	13	8267	17074
1749527709.3810017	13	8271	17090
1749527714.3943708	13	8274	17099
1749527719.4126267	13	8282	17111
1749527724.426931	13	8288	17126
1749527729.4410782	13	8292	17147
1749527734.4546824	13	8300	17163
1749527739.4683073	13	8304	17174
1749527744.4814618	13	8311	17184
1749527749.4942126	13	8322	17196
1749527754.5075111	13	8326	17209
1749527759.5256116	13	8334	17220
1749527764.5386276	13	8341	17236
1749527769.5529115	13	8346	17247
1749527774.566397	13	8355	17261
1749527779.5794063	13	8360	17268
1749527784.5933535	13	8365	17275
1749527789.6065178	13	8372	17287
1749527794.6212363	13	8382	17301
1749527799.63495	13	8389	17319
1749527804.6538572	13	8401	17332
1749527809.677526	13	8407	17347
1749527814.6944358	13	8419	17368
1749527819.7097235	13	8422	17383
1749527824.7249963	13	8429	17393
1749527829.7400167	13	8435	17407
1749527834.755462	13	8444	17420
1749527839.77416	13	8447	17435
1749527844.7887938	13	8452	17449
1749527849.8086183	13	8459	17463
1749527854.8232853	13	8464	17482
1749527859.839064	13	8470	17497
1749527864.8550537	13	8476	17516
1749527869.874154	13	8485	17529
1749527874.896987	13	8489	17541
1749527879.9190307	13	8491	17550
1749527884.9347186	13	8499	17565
1749527889.949965	13	8504	17580
1749527894.9652631	13	8514	17589
1749527899.9805381	13	8521	17602
1749527904.9972975	13	8524	17614
1749527910.01322	13	8532	17627
1749527915.0356758	13	8539	17638
1749527920.050678	13	8549	17651
1749527925.0661285	13	8552	17665
1749527930.0817237	13	8563	17686
1749527935.1011543	13	8574	17704
1749527940.1213236	13	8576	17722
1749527945.1444356	13	8583	17734
1749527950.1599581	13	8588	17744
1749527955.1754227	13	8591	17760
1749527960.1908293	13	8600	17768
1749527965.2052488	13	8607	17786
1749527970.222902	13	8611	17800
1749527975.2385848	13	8616	17815
1749527980.2542872	13	8624	17837
1749527985.2690246	13	8628	17849
1749527990.2825618	13	8640	17856
1749527995.2953548	13	8650	17871
1749528000.3089106	13	8658	17881
1749528005.3240397	13	8661	17895
1749528010.339187	13	8663	17908
1749528015.354151	13	8677	17925
1749528020.3698242	13	8684	17937
1749528025.3907	13	8692	17952
1749528030.4067504	13	8701	17962
1749528035.4220278	13	8706	17974
1749528040.4374716	13	8714	17979
1749528045.4523444	13	8721	17999
1749528050.467094	13	8729	18012
1749528055.4831693	13	8736	18028
1749528060.504747	13	8740	18050
1749528065.5191967	13	8744	18065
1749528070.5351949	13	8755	18074
1749528075.55029	13	8761	18085
1749528080.5654836	13	8768	18097
1749528085.5810065	13	8774	18108
1749528090.5952337	13	8779	18121
1749528095.6186404	13	8785	18130
1749528100.6337187	13	8795	18141
1749528105.6501234	13	8799	18153
1749528110.6659873	13	8806	18168
1749528115.6842525	13	8818	18184
1749528120.7049756	13	8826	18198
1749528125.7262816	13	8834	18211
1749528130.7418535	13	8838	18223
1749528135.757286	13	8847	18244
1749528140.7723489	13	8858	18259
1749528145.7872164	13	8866	18271
1749528150.8031578	13	8874	18283
1749528155.817317	13	8883	18295
1749528160.830938	13	8891	18305
1749528165.8448615	13	8897	18318
1749528170.8585606	13	8906	18332
1749528175.8728626	13	8911	18343
1749528180.887668	13	8920	18350
1749528185.9026916	13	8927	18361
1749528190.9178112	13	8934	18382
1749528195.9334023	13	8941	18399
1749528200.9504232	13	8946	18417
1749528205.966374	13	8958	18432
1749528210.9860957	13	8961	18452
1749528216.001333	13	8968	18463
1749528221.0166771	13	8974	18477
1749528226.0300765	13	8978	18492
1749528231.0507593	13	8984	18508
1749528236.0736055	13	8991	18522
1749528241.0953875	13	8994	18543
1749528246.1110864	13	9003	18554
1749528251.1246676	13	9012	18564
1749528256.137937	13	9019	18580
1749528261.1509993	13	9024	18591
1749528266.1644	13	9029	18603
1749528271.1779263	13	9034	18613
1749528276.190847	13	9042	18623
1749528281.204871	13	9048	18635
1749528286.2263165	13	9053	18653
1749528291.2423902	13	9058	18670
1749528296.256	13	9063	18682
1749528301.2687418	13	9069	18697
1749528306.2815907	13	9075	18710
1749528311.2955217	13	9081	18719
1749528316.3090632	13	9088	18734
1749528321.321701	13	9092	18746
1749528326.3359697	13	9102	18757
1749528331.3535562	13	9112	18772
1749528336.36785	13	9122	18788
1749528341.3818803	13	9129	18797
1749528346.3966594	13	9136	18807
1749528351.4104986	13	9147	18820
1749528356.426115	13	9155	18834
1749528361.4413824	13	9160	18852
1749528366.4565399	13	9170	18863
1749528371.471776	13	9174	18877
1749528376.4864707	13	9183	18889
1749528381.5051801	13	9192	18906
1749528386.5209746	13	9199	18924
1749528391.5386178	13	9211	18934
1749528396.554295	13	9224	18944
1749528401.5689285	13	9229	18955
1749528406.5836518	13	9239	18963
1749528411.5984228	13	9248	18983
1749528416.6140466	13	9256	18998
1749528421.62935	13	9263	19012
1749528426.6437454	13	9272	19018
1749528431.6591825	13	9276	19030
1749528436.6805406	13	9289	19047
1749528441.6953201	13	9294	19060
1749528446.7100458	13	9306	19073
1749528451.7251952	13	9313	19090
1749528456.740701	13	9318	19107
1749528461.7562356	13	9325	19121
1749528466.7780213	13	9329	19131
1749528471.7940753	13	9334	19142
1749528476.8089914	13	9336	19158
1749528481.8245006	13	9342	19175
1749528486.8402255	13	9353	19190
1749528491.8560457	13	9360	19202
1749528496.8720634	13	9364	19218
1749528501.8872848	13	9370	19233
1749528506.9034004	13	9381	19240
1749528511.9176533	13	9394	19255
1749528516.931819	13	9400	19263
1749528521.9460518	13	9407	19281
1749528526.9603524	13	9414	19288
1749528531.9756641	13	9421	19294
1749528536.98888	13	9425	19309
1749528542.0040274	13	9432	19322
1749528547.0196478	13	9442	19332
1749528552.0410554	13	9450	19342
1749528557.056515	13	9460	19355
1749528562.07064	13	9471	19368
1749528567.0845559	13	9477	19389
1749528572.0992613	13	9485	19400
1749528577.1152298	13	9495	19420
1749528582.1299765	13	9500	19431
1749528587.145185	13	9508	19447
1749528592.1611028	13	9515	19463
1749528597.1763716	13	9521	19474
1749528602.1914184	13	9531	19491
1749528607.2141912	13	9532	19511
1749528612.2340028	13	9534	19527
1749528617.2494285	13	9543	19545
1749528622.265269	13	9546	19560
1749528627.2803466	13	9554	19573
1749528632.2955828	13	9558	19580
1749528637.3112347	13	9564	19595
1749528642.3286126	13	9567	19609
1749528647.3444285	13	9576	19621
1749528652.3590717	13	9582	19631
1749528657.3735156	13	9588	19641
1749528662.386937	13	9592	19653
1749528667.4021237	13	9598	19663
1749528672.4179332	13	9610	19676
1749528677.4328678	13	9618	19687
1749528682.4478264	13	9626	19701
1749528687.4626222	13	9631	19707
1749528692.4780521	13	9639	19722
1749528697.4987662	13	9644	19739
1749528702.5122278	13	9650	19757
1749528707.5268037	13	9652	19775
1749528712.54247	13	9658	19787
1749528717.557776	13	9661	19802
1749528722.571331	13	9673	19813
1749528727.5918572	13	9675	19832
1749528732.6136782	13	9680	19842
1749528737.6274707	13	9684	19854
1749528742.6435723	13	9690	19868
1749528747.6577206	13	9699	19879
1749528752.6721733	13	9707	19886
1749528757.6876864	13	9714	19902
1749528762.7033448	13	9718	19913
1749528767.7246127	13	9725	19925
1749528772.7408216	13	9733	19938
1749528777.7554922	13	9740	19955
1749528782.7698035	13	9746	19969
1749528787.7864707	13	9754	19983
1749528792.8091946	13	9763	20001
1749528797.824698	13	9769	20009
1749528802.8398862	13	9776	20022
1749528807.854944	13	9784	20033
1749528812.8703194	13	9788	20040
1749528817.8858147	13	9794	20051
1749528822.9062433	13	9801	20058
1749528827.9212282	13	9805	20072
1749528832.9345021	13	9808	20085
1749528837.947886	13	9813	20097
1749528842.9633343	13	9818	20111
1749528847.9782252	13	9829	20132
1749528852.9925668	13	9840	20139
1749528858.0059574	13	9846	20151
1749528863.020612	13	9854	20163
1749528868.035874	13	9858	20176
1749528873.0526292	13	9867	20192
1749528878.0682693	13	9873	20207
1749528883.090691	13	9877	20223
1749528888.10454	13	9881	20238
1749528893.1188762	13	9890	20254
1749528898.133739	13	9895	20266
1749528903.1534317	13	9908	20278
1749528908.1749434	13	9920	20292
1749528913.1889362	13	9923	20301
1749528918.2036786	13	9923	20317
1749528923.2190464	13	9933	20339
1749528928.234362	13	9942	20348
1749528933.2486908	13	9949	20359
1749528938.2630854	13	9960	20378
1749528943.277042	13	9962	20390
1749528948.2899084	13	9971	20403
1749528953.3056133	13	9976	20420
1749528958.319345	13	9982	20431
1749528963.333289	13	9990	20447
1749528968.3469677	13	9995	20459
1749528973.3610108	13	10002	20467
1749528978.37546	13	10015	20481
1749528983.3915188	13	10023	20493
1749528988.4067845	13	10034	20501
1749528993.4207368	13	10042	20513
1749528998.4362411	13	10049	20519
1749529003.452201	13	10060	20527
1749529008.4676464	13	10069	20542
1749529013.4824932	13	10075	20557
1749529018.4969404	13	10078	20571
1749529023.512092	13	10081	20591
1749529028.5278254	13	10087	20602
1749529033.543365	13	10093	20615
1749529038.5596302	13	10099	20627
1749529043.574557	13	10104	20635
1749529048.5896754	13	10112	20653
1749529053.604463	13	10118	20666
1749529058.6194994	13	10120	20681
1749529063.6342978	13	10127	20701
1749529068.6525798	13	10133	20716
1749529073.6680024	13	10142	20726
1749529078.6817136	13	10149	20735
1749529083.6965334	13	10152	20745
1749529088.7128842	13	10161	20753
1749529093.727926	13	10170	20767
1749529098.7431536	13	10175	20783
1749529103.7576091	13	10186	20797
1749529108.7716792	13	10193	20812
1749529113.7867682	13	10197	20824
1749529118.8072054	13	10204	20831
1749529123.8218486	13	10206	20839
1749529128.8441765	13	10212	20850
1749529133.8594303	13	10214	20870
1749529138.873518	13	10218	20886
1749529143.8887928	13	10223	20895
1749529148.9112594	13	10229	20914
1749529153.9336267	13	10234	20925
1749529158.9484851	13	10241	20941
1749529163.9632459	13	10253	20949
1749529168.9791005	13	10256	20963
1749529173.9934006	13	10264	20980
1749529179.006472	13	10269	20995
1749529184.0206752	13	10274	21011
1749529189.0369453	13	10279	21019
1749529194.0522287	13	10287	21031
1749529199.0705326	13	10298	21046
1749529204.0938153	13	10306	21057
1749529209.1134312	13	10314	21070
1749529214.1287098	13	10319	21084
1749529219.1439323	13	10323	21099
1749529224.1591134	13	10331	21114
1749529229.1728044	13	10337	21125
1749529234.1956007	13	10345	21137
1749529239.2116513	13	10350	21148
1749529244.232893	13	10360	21162
1749529249.24884	13	10364	21175
1749529254.2629542	13	10369	21189
1749529259.2775471	13	10373	21207
1749529264.300892	13	10379	21216
1749529269.323494	13	10389	21224
1749529274.344831	13	10398	21235
1749529279.3593698	13	10407	21248
1749529284.3753579	13	10412	21260
1749529289.3916342	13	10421	21273
1749529294.4062176	13	10429	21281
1749529299.4267812	13	10433	21294
1749529304.4423125	13	10437	21316
1749529309.4569461	13	10441	21326
1749529314.4729846	13	10445	21334
1749529319.4892585	13	10449	21347
1749529324.504197	13	10453	21355
1749529329.5199218	13	10456	21373
1749529334.5350652	13	10461	21389
1749529339.5502815	13	10466	21405
1749529344.5663772	13	10473	21419
1749529349.5867689	13	10482	21429
1749529354.6019483	13	10497	21438
1749529359.6200774	13	10501	21455
1749529364.634797	13	10511	21469
1749529369.650507	13	10520	21479
1749529374.6658988	13	10527	21492
1749529379.6809695	13	10532	21506
1749529384.696419	13	10539	21520
1749529389.7107306	13	10545	21534
1749529394.7269607	13	10549	21554
1749529399.743674	13	10556	21565
1749529404.7605207	13	10564	21580
1749529409.775976	13	10569	21591
1749529414.7907898	13	10571	21598
1749529419.8057475	13	10576	21617
1749529424.8207562	13	10584	21633
1749529429.8350127	13	10588	21646
1749529434.851168	13	10596	21661
1749529439.865876	13	10603	21676
1749529444.8803623	13	10607	21686
1749529449.8999515	13	10618	21695
1749529454.921493	13	10622	21708
1749529459.9365299	13	10629	21715
1749529464.9513237	13	10636	21729
1749529469.9665713	13	10641	21747
1749529474.9802146	13	10652	21758
1749529479.9952307	13	10655	21773
1749529485.0110953	13	10660	21788
1749529490.0264604	13	10666	21805
1749529495.0416613	13	10670	21819
1749529500.0582817	13	10681	21834
1749529505.074433	13	10686	21848
1749529510.0895712	13	10693	21863
1749529515.104905	13	10701	21874
1749529520.1200583	13	10707	21888
1749529525.1362648	13	10715	21898
1749529530.1569293	13	10723	21911
1749529535.173174	13	10724	21931
1749529540.1885128	13	10727	21950
1749529545.203643	13	10729	21960
1749529550.2189875	13	10735	21975
1749529555.2348044	13	10740	21986
1749529560.2563825	13	10748	22006
1749529565.2711196	13	10752	22018
1749529570.2861228	13	10759	22028
1749529575.3000746	13	10769	22041
1749529580.314655	13	10776	22053
1749529585.3345947	13	10782	22057
1749529590.3502736	13	10787	22069
1749529595.3643618	13	10796	22081
1749529600.3784223	13	10800	22096
1749529605.3945558	13	10805	22111
1749529610.4101987	13	10810	22124
1749529615.4255395	13	10816	22139
1749529620.4477193	13	10822	22151
1749529625.462243	13	10828	22162
1749529630.4780874	13	10837	22180
1749529635.4955053	13	10844	22186
1749529640.5106757	13	10849	22198
1749529645.5296133	13	10854	22212
1749529650.5443165	13	10860	22231
1749529655.5607426	13	10869	22244
1749529660.575993	13	10874	22261
1749529665.5915048	13	10883	22276
1749529670.6069946	13	10893	22288
1749529675.6295779	13	10899	22304
1749529680.6446028	13	10909	22321
1749529685.6593494	13	10912	22333
1749529690.6753683	13	10918	22350
1749529695.6910715	13	10926	22368
1749529700.706567	13	10936	22387
1749529705.7223117	13	10938	22398
1749529710.7377956	13	10945	22415
1749529715.75349	13	10956	22430
1749529720.7690926	13	10960	22447
1749529725.7881372	13	10967	22458
1749529730.8031018	13	10970	22467
1749529735.826921	13	10972	22477
1749529740.8420858	13	10980	22491
1749529745.8578281	13	10988	22503
1749529750.8734205	13	10995	22514
1749529755.8933077	13	10999	22527
1749529760.9170473	13	11005	22537
1749529765.9381511	13	11013	22554
1749529770.9540842	13	11020	22570
1749529775.968818	13	11025	22580
1749529780.9835691	13	11031	22599
1749529785.999066	13	11041	22614
1749529791.017501	13	11048	22634
1749529796.0329857	13	11055	22652
1749529801.047915	13	11068	22669
1749529806.063574	13	11075	22683
1749529811.0776095	13	11080	22691
1749529816.0931852	13	11084	22704
1749529821.1085167	13	11099	22720
1749529826.1241305	13	11105	22734
1749529831.1400754	13	11113	22748
1749529836.1556416	13	11123	22758
1749529841.1723192	13	11125	22772
1749529846.1881206	13	11129	22784
1749529851.2097006	13	11137	22791
1749529856.2260556	13	11142	22797
1749529861.2419295	13	11148	22811
1749529866.2580187	13	11152	22821
1749529871.276317	13	11155	22841
1749529876.2996254	13	11162	22857
1749529881.3196788	13	11170	22869
1749529886.3339758	13	11171	22880
1749529891.3492668	13	11178	22891
1749529896.365635	13	11182	22908
1749529901.3816054	13	11183	22917
1749529906.3990643	13	11186	22934
1749529911.413074	13	11189	22951
1749529916.4348738	13	11191	22958
1749529921.4506698	13	11201	22964
1749529926.4683795	13	11202	22981
1749529931.484257	13	11206	22988
1749529936.4983892	13	11209	22998
1749529941.5204866	13	11214	23012
1749529946.5441537	13	11215	23028
1749529951.5590813	13	11223	23038
1749529956.574736	13	11230	23049
1749529961.5887392	13	11236	23058
1749529966.605081	13	11244	23071
1749529971.6207685	13	11250	23088
1749529976.635658	13	11258	23100
1749529981.6522555	13	11260	23111
1749529986.6673965	13	11267	23123
1749529991.6837559	13	11274	23140
1749529996.6994479	13	11279	23156
1749530001.7148578	13	11290	23169
1749530006.730763	13	11294	23185
1749530011.7460027	13	11301	23194
1749530016.7612467	13	11312	23209
1749530021.776934	13	11319	23223
1749530026.7913997	13	11327	23239
1749530031.8124106	13	11333	23257
1749530036.827812	13	11344	23274
1749530041.843231	13	11352	23290
1749530046.859552	13	11362	23303
1749530051.8801258	13	11371	23312
1749530056.9017472	13	11373	23323
1749530061.9231026	13	11385	23330
1749530066.938594	13	11388	23347
1749530071.9541404	13	11389	23371
1749530076.9687467	13	11399	23382
1749530081.9839437	13	11406	23395
1749530087.002305	13	11415	23413
1749530092.0184608	13	11419	23425
1749530097.0387192	13	11428	23435
1749530102.053814	13	11435	23446
1749530107.0713184	13	11439	23458
1749530112.0864584	13	11447	23465
1749530117.1045732	13	11455	23476
1749530122.1251557	13	11462	23487
1749530127.1473424	13	11474	23498
1749530132.1625817	13	11477	23509
1749530137.1783276	13	11484	23525
1749530142.194263	13	11487	23544
1749530147.209798	13	11492	23558
1749530152.2281463	13	11500	23569
1749530157.243532	13	11507	23586
1749530162.2592127	13	11512	23602
1749530167.2750177	13	11523	23616
1749530172.290988	13	11530	23628
1749530177.3059485	13	11533	23642
1749530182.3206573	13	11537	23648
1749530187.3358247	13	11545	23658
1749530192.3515117	13	11551	23671
1749530197.3662968	13	11559	23684
1749530202.3876781	13	11566	23704
1749530207.4009993	13	11569	23712
1749530212.4159474	13	11576	23729
1749530217.4313881	13	11579	23741
1749530222.448204	13	11581	23763
1749530227.464451	13	11587	23772
1749530232.4804025	13	11600	23779
1749530237.4968138	13	11604	23792
1749530242.5130165	13	11607	23804
1749530247.5296285	13	11613	23819
1749530252.5498574	13	11627	23834
1749530257.5639398	13	11631	23841
1749530262.5833051	13	11639	23852
1749530267.5992172	13	11652	23863
1749530272.6139588	13	11662	23872
1749530277.628596	13	11668	23883
1749530282.6420636	13	11675	23898
1749530287.6565516	13	11680	23911
1749530292.6704934	13	11686	23929
1749530297.685648	13	11691	23936
1749530302.7052026	13	11702	23950
1749530307.726589	13	11707	23963
1749530312.7428026	13	11717	23971
1749530317.7579606	13	11724	23983
1749530322.7736247	13	11730	23996
1749530327.7891319	13	11734	24004
1749530332.8052757	13	11737	24020
1749530337.821302	13	11746	24037
1749530342.8379445	13	11756	24049
1749530347.8540316	13	11765	24066
1749530352.8694358	13	11773	24083
1749530357.8849664	13	11779	24101
1749530362.9007308	13	11784	24113
1749530367.9166422	13	11791	24129
1749530372.9328384	13	11798	24149
1749530377.9478645	13	11810	24161
1749530382.961201	13	11818	24173
1749530387.9763625	13	11821	24183
1749530392.9960694	13	11831	24199
1749530398.01201	13	11838	24216
1749530403.0258048	13	11847	24227
1749530408.0408158	13	11857	24237
1749530413.0556874	13	11862	24248
1749530418.0710442	13	11870	24263
1749530423.0872822	13	11876	24274
1749530428.102183	13	11882	24292
1749530433.1194067	13	11889	24306
1749530438.134918	13	11895	24316
1749530443.1506145	13	11901	24334
1749530448.1667843	13	11904	24346
1749530453.1823769	13	11907	24358
1749530458.1986363	13	11912	24377
1749530463.220079	13	11920	24393
1749530468.234157	13	11925	24411
1749530473.2478778	13	11934	24423
1749530478.2615483	13	11940	24436
1749530483.2751505	13	11946	24451
1749530488.2945218	13	11955	24461
1749530493.3082104	13	11963	24480
1749530498.3224041	13	11968	24492
1749530503.336124	13	11975	24514
1749530508.350979	13	11977	24527
1749530513.365099	13	11982	24538
1749530518.3788853	13	11989	24549
1749530523.393193	13	11998	24565
1749530528.4068148	13	12002	24572
1749530533.420681	13	12010	24590
1749530538.4347007	13	12017	24599
1749530543.4494076	13	12023	24614
1749530548.4637797	13	12032	24630
1749530553.483488	13	12039	24645
1749530558.4985418	13	12045	24654
1749530563.5124955	13	12053	24675
1749530568.528018	13	12061	24686
1749530573.5442312	13	12072	24705
1749530578.5618105	13	12084	24720
1749530583.5773768	13	12088	24730
1749530588.5927305	13	12095	24745
1749530593.608006	13	12102	24761
1749530598.6231925	13	12108	24781
1749530603.6392324	13	12114	24800
1749530608.6553178	13	12119	24811
1749530613.6708548	13	12128	24827
1749530618.6860943	13	12131	24843
1749530623.6995876	13	12140	24859
1749530628.7183506	13	12148	24876
1749530633.73395	13	12152	24888
1749530638.7528517	13	12155	24901
1749530643.7691872	13	12165	24911
1749530648.7846203	13	12168	24919
1749530653.799964	13	12175	24932
1749530658.8207173	13	12180	24941
1749530663.8362074	13	12188	24947
1749530668.8513625	13	12195	24967
1749530673.8664148	13	12201	24982
1749530678.8806565	13	12211	24996
1749530683.8985522	13	12219	25016
1749530688.9123104	13	12226	25026
1749530693.9258924	13	12231	25040
1749530698.940001	13	12236	25051
1749530703.954012	13	12245	25061
1749530708.9734678	13	12251	25071
1749530713.9872255	13	12256	25086
1749530719.0024173	13	12259	25100
1749530724.0172899	13	12267	25111
1749530729.0312443	13	12269	25119
1749530734.0481744	13	12274	25133
1749530739.0617986	13	12282	25144
1749530744.0757668	13	12288	25155
1749530749.092641	13	12296	25165
1749530754.1074116	13	12304	25181
1749530759.125539	13	12310	25196
1749530764.140859	13	12319	25210
1749530769.1641533	13	12322	25230
1749530774.1795352	13	12326	25250
1749530779.195384	13	12332	25266
1749530784.210346	13	12333	25277
1749530789.2274482	13	12342	25295
1749530794.2491372	13	12348	25310
1749530799.2718523	13	12353	25323
1749530804.2882013	13	12358	25339
1749530809.3049252	13	12364	25350
1749530814.3209581	13	12370	25364
1749530819.335294	13	12375	25370
1749530824.350483	13	12382	25379
1749530829.366496	13	12386	25397
1749530834.3894918	13	12390	25412
1749530839.4044862	13	12400	25426
1749530844.4180222	13	12408	25446
1749530849.4321983	13	12417	25462
1749530854.4481137	13	12421	25476
1749530859.4637942	13	12429	25491
1749530864.4802213	13	12436	25499
1749530869.4944777	13	12442	25515
1749530874.509793	13	12452	25535
1749530879.5255558	13	12459	25542
1749530884.544708	13	12464	25563
1749530889.5604947	13	12468	25581
1749530894.5764062	13	12478	25599
1749530899.592451	13	12484	25612
1749530904.6153638	13	12490	25623
1749530909.6398528	13	12493	25633
1749530914.6612253	13	12499	25644
1749530919.676546	13	12502	25658
1749530924.692336	13	12505	25667
1749530929.708503	13	12513	25678
1749530934.7249477	13	12523	25685
1749530939.739163	13	12529	25698
1749530944.755061	13	12532	25717
1749530949.770497	13	12544	25725
1749530954.7867692	13	12552	25736
1749530959.8027344	13	12557	25750
1749530964.8192523	13	12562	25767
1749530969.8344498	13	12566	25777
1749530974.8499641	13	12573	25787
1749530979.866043	13	12586	25802
1749530984.8818026	13	12592	25818
1749530989.9011993	13	12600	25839
1749530994.917315	13	12606	25856
1749530999.9356244	13	12614	25870
1749531004.9512897	13	12621	25880
1749531009.9676273	13	12622	25890
1749531014.983584	13	12629	25903
1749531020.0048542	13	12637	25919
1749531025.0277975	13	12643	25932
1749531030.0467868	13	12654	25945
1749531035.0633936	13	12662	25963
1749531040.0797946	13	12670	25976
1749531045.0955596	13	12677	25986
1749531050.1120944	13	12685	26004
1749531055.1290917	13	12693	26017
1749531060.1438937	13	12710	26032
1749531065.1664762	13	12715	26052
1749531070.181529	13	12719	26061
1749531075.1966276	13	12726	26072
1749531080.2103348	13	12730	26082
1749531085.2250233	13	12737	26091
1749531090.2412078	13	12743	26102
1749531095.257954	13	12753	26117
1749531100.2727132	13	12762	26130
1749531105.2873964	13	12767	26143
1749531110.302846	13	12773	26159
1749531115.3213823	13	12780	26179
1749531120.3376722	13	12784	26197
1749531125.3536713	13	12792	26214
1749531130.3693757	13	12796	26230
1749531135.385366	13	12805	26252
1749531140.4018335	13	12810	26262
1749531145.416886	13	12817	26280
1749531150.4312992	13	12820	26293
1749531155.4456444	13	12825	26309
1749531160.4677713	13	12837	26321
1749531165.4819553	13	12843	26334
1749531170.4957242	13	12847	26351
1749531175.5089855	13	12856	26363
1749531180.5224404	13	12861	26376
1749531185.5425918	13	12862	26387
1749531190.5558546	13	12867	26404
1749531195.5692968	13	12877	26419
1749531200.5831916	13	12879	26430
1749531205.5973794	13	12894	26451
1749531210.615558	13	12905	26467
1749531215.6287985	13	12906	26487
1749531220.6420507	13	12911	26498
1749531225.6558287	13	12916	26512
1749531230.669928	13	12924	26527
1749531235.6845884	13	12931	26543
1749531240.6987267	13	12942	26557
1749531245.713551	13	12944	26571
1749531250.7295153	13	12947	26583
1749531255.744033	13	12955	26601
1749531260.7595286	13	12968	26613
1749531265.7751057	14	12977	26624
1749531270.7898402	14	12980	26638
1749531275.8060858	14	12992	26651
1749531280.8210852	14	12994	26668
1749531285.836926	14	13002	26690
1749531290.8509724	14	13011	26697
1749531295.8662374	14	13017	26713
1749531300.8811526	14	13023	26721
1749531305.8957794	14	13034	26736
1749531310.911175	14	13039	26748
1749531315.926997	14	13043	26759
1749531320.9487226	14	13049	26772
1749531325.9637535	14	13055	26781
1749531330.9797482	14	13067	26793
1749531335.995103	14	13074	26809
1749531341.0109189	14	13079	26821
1749531346.0270016	14	13089	26826
1749531351.0467389	14	13099	26839
1749531356.0624645	14	13104	26854
1749531361.0780425	14	13107	26865
1749531366.0931056	14	13118	26873
1749531371.1071026	14	13130	26887
1749531376.1205795	14	13133	26906
1749531381.1340077	14	13140	26916
1749531386.1489775	14	13149	26927
1749531391.163205	14	13158	26942
1749531396.1773498	14	13171	26952
1749531401.1913834	14	13180	26964
1749531406.2058647	14	13185	26979
1749531411.2204835	14	13192	26990
1749531416.2354772	14	13200	27006
1749531421.2526774	14	13206	27027
1749531426.269106	14	13214	27043
1749531431.2830417	14	13221	27057
1749531436.297895	14	13223	27067
1749531441.3136008	14	13230	27081
1749531446.3290613	15	13234	27090
1749531451.3435047	15	13241	27106
1749531456.359333	15	13250	27123
1749531461.3746867	15	13256	27139
1749531466.390593	15	13268	27148
1749531471.4084768	15	13276	27153
1749531476.423916	15	13282	27166
1749531481.4388149	15	13286	27180
1749531486.4544384	15	13292	27194
1749531491.470132	15	13301	27206
1749531496.4864795	15	13310	27222
1749531501.5024827	15	13314	27235
1749531506.5185404	15	13320	27253
1749531511.5347466	15	13326	27269
1749531516.5505075	15	13333	27277
1749531521.564555	15	13335	27290
1749531526.5804374	15	13344	27305
1749531531.595761	15	13351	27319
1749531536.6109703	15	13357	27335
1749531541.627105	15	13370	27349
1749531546.6451952	15	13382	27363
1749531551.6603682	15	13386	27379
1749531556.6819444	15	13386	27394
1749531561.6975408	15	13391	27414
1749531566.7123163	15	13395	27424
1749531571.7260938	15	13404	27432
1749531576.7405205	15	13412	27447
1749531581.7565098	15	13416	27457
1749531586.7713137	15	13422	27467
1749531591.7873528	15	13431	27485
1749531596.8049698	15	13433	27506
1749531601.8198233	15	13440	27520
1749531606.8387432	15	13445	27535
1749531611.8546035	15	13451	27545
1749531616.8717077	15	13462	27557
1749531621.886677	15	13471	27575
1749531626.9074008	15	13476	27597
1749531631.9233506	15	13485	27613
1749531636.9396205	15	13487	27621
1749531641.956297	15	13490	27640
1749531646.9721498	15	13496	27646
1749531651.988065	15	13502	27663
1749531657.0036478	15	13509	27676
1749531662.0189254	15	13517	27685
1749531667.0345774	15	13523	27697
1749531672.0503657	15	13531	27711
1749531677.0659237	15	13539	27727
1749531682.0800228	15	13540	27739
1749531687.1035628	15	13545	27751
1749531692.1196434	15	13556	27770
1749531697.1355762	15	13560	27790
1749531702.1515818	15	13568	27806
1749531707.1676106	15	13575	27823
1749531712.190238	15	13579	27828
1749531717.206288	15	13587	27844
1749531722.2226655	15	13596	27858
1749531727.2383676	15	13604	27870
1749531732.2530842	15	13609	27879
1749531737.2682092	15	13615	27892
1749531742.2838736	15	13620	27905
1749531747.2992573	15	13626	27920
1749531752.3150084	15	13634	27933
1749531757.331268	15	13641	27945
1749531762.3517103	15	13651	27954
1749531767.3707623	15	13662	27968
1749531772.386582	15	13668	27982
1749531777.4025402	15	13676	27995
1749531782.417882	15	13683	28008
1749531787.4334636	15	13690	28024
1749531792.4528675	15	13699	28044
1749531797.4683397	15	13710	28059
1749531802.48981	15	13719	28070
1749531807.50519	16	13729	28084
1749531812.521984	16	13735	28096
1749531817.5373518	16	13743	28105
1749531822.557188	16	13749	28118
1749531827.5810835	16	13756	28129
1749531832.602799	16	13762	28138
1749531837.618864	16	13767	28155
1749531842.6339068	16	13773	28175
1749531847.6498854	16	13778	28191
1749531852.6656985	16	13785	28213
1749531857.6855533	16	13788	28224
1749531862.701795	16	13798	28239
1749531867.716688	16	13804	28254
1749531872.732279	16	13814	28267
1749531877.7491727	16	13818	28280
1749531882.7645068	16	13825	28294
1749531887.7800574	16	13833	28311
1749531892.794698	16	13841	28327
1749531897.8098397	16	13850	28347
1749531902.825989	16	13852	28362
1749531907.8435707	16	13855	28378
1749531912.8578007	16	13858	28392
1749531917.8789964	16	13870	28408
1749531922.895046	16	13875	28422
1749531927.9111233	16	13880	28429
1749531932.9258647	16	13883	28443
1749531937.9412372	16	13886	28460
1749531942.9573402	16	13890	28470
1749531947.972468	16	13899	28481
1749531952.9870658	16	13907	28493
1749531958.0046835	16	13919	28516
1749531963.0206492	16	13922	28533
1749531968.0372558	16	13927	28547
1749531973.0521183	16	13931	28560
1749531978.0672164	16	13942	28580
1749531983.0835488	16	13952	28593
1749531988.1046023	16	13959	28608
1749531993.1201801	16	13965	28628
1749531998.136496	16	13972	28648
1749532003.151635	16	13978	28663
1749532008.167602	16	13984	28678
1749532013.1833863	16	13992	28697
1749532018.1988785	16	14007	28710
1749532023.2145944	16	14013	28717
1749532028.2305486	16	14022	28731
1749532033.2468095	16	14034	28743
1749532038.263382	16	14044	28756
1749532043.2804034	16	14047	28762
1749532048.2976434	16	14054	28777
1749532053.313069	16	14063	28786
1749532058.3280718	16	14070	28795
1749532063.3427122	16	14074	28813
1749532068.362377	16	14082	28827
1749532073.383848	16	14094	28845
1749532078.3975315	16	14099	28858
1749532083.4115736	16	14106	28873
1749532088.425824	16	14109	28883
1749532093.4391499	16	14114	28906
1749532098.453015	16	14126	28921
1749532103.466739	16	14132	28945
1749532108.4811182	16	14144	28956
1749532113.4954674	16	14147	28973
1749532118.5173516	16	14153	28983
1749532123.532592	16	14163	28999
1749532128.5472786	16	14172	29015
1749532133.5625324	16	14175	29027
1749532138.5769608	16	14182	29039
1749532143.5944343	16	14189	29051
1749532148.609242	16	14201	29064
1749532153.6247377	16	14208	29080
1749532158.6398907	16	14215	29094
1749532163.6544878	16	14222	29102
1749532168.6736991	16	14225	29110
1749532173.688364	16	14229	29119
1749532178.704515	16	14233	29133
1749532183.7210429	16	14241	29149
1749532188.737296	16	14251	29162
1749532193.7512827	16	14255	29175
1749532198.7643247	16	14263	29183
1749532203.779086	16	14268	29197
1749532208.7945054	16	14271	29209
1749532213.8099356	16	14274	29221
1749532218.8280854	16	14283	29236
1749532223.843995	16	14289	29254
1749532228.8644235	16	14299	29269
1749532233.879835	16	14307	29279
1749532238.8952816	16	14314	29287
1749532243.9112139	16	14323	29295
1749532248.9311483	16	14333	29308
1749532253.9454203	16	14336	29320
1749532258.9608183	16	14340	29337
1749532263.9772131	16	14343	29351
1749532268.9926088	16	14350	29368
1749532274.0113375	16	14361	29387
1749532279.0277975	16	14369	29403
1749532284.0438943	16	14375	29424
1749532289.0582576	16	14385	29434
1749532294.0740206	16	14397	29452
1749532299.0897	16	14406	29462
1749532304.1105726	16	14413	29475
1749532309.1295347	16	14423	29486
1749532314.1452482	16	14427	29497
1749532319.1607318	16	14431	29519
1749532324.176498	16	14438	29531
1749532329.1906147	16	14443	29541
1749532334.2100108	16	14452	29560
1749532339.226641	16	14457	29572
1749532344.245331	16	14464	29585
1749532349.260799	16	14468	29593
1749532354.2770586	16	14474	29601
1749532359.2920814	16	14480	29617
1749532364.3160203	16	14485	29633
1749532369.3382833	16	14491	29646
1749532374.358998	16	14503	29655
1749532379.3751652	16	14508	29662
1749532384.3892856	16	14518	29680
1749532389.4057333	16	14529	29690
1749532394.4220424	16	14532	29702
1749532399.4413784	16	14546	29716
1749532404.4580178	16	14557	29726
1749532409.4753287	16	14563	29735
1749532414.4912405	16	14568	29750
1749532419.5073242	16	14573	29772
1749532424.523541	16	14579	29792
1749532429.5450535	16	14585	29807
1749532434.5591319	16	14589	29822
1749532439.5747712	16	14595	29840
1749532444.5909407	16	14602	29851
1749532449.605919	16	14607	29863
1749532454.6227584	16	14617	29879
1749532459.63721	16	14621	29897
1749532464.6536028	16	14626	29907
1749532469.6696415	16	14636	29922
1749532474.685761	16	14649	29936
1749532479.7036462	16	14658	29949
1749532484.7175093	16	14662	29958
1749532489.7338874	16	14671	29971
1749532494.7496192	16	14672	29986
1749532499.7656174	16	14679	30006
1749532504.7844353	16	14688	30017
1749532509.8009264	16	14696	30030
1749532514.8172188	16	14703	30049
1749532519.8321571	16	14708	30061
1749532524.8478389	16	14715	30074
1749532529.8663266	16	14720	30087
1749532534.8822954	16	14728	30106
1749532539.8984592	16	14734	30120
1749532544.9140534	16	14739	30141
1749532549.930026	16	14743	30155
1749532554.9456775	16	14752	30165
1749532559.9617026	16	14759	30185
1749532564.9771109	16	14767	30201
1749532569.9924812	16	14776	30219
1749532575.0088007	16	14784	30234
1749532580.0253575	16	14792	30248
1749532585.0410237	16	14800	30259
1749532590.0579498	16	14811	30273
1749532595.0753925	16	14822	30287
1749532600.0913935	16	14827	30303
1749532605.1074102	16	14831	30316
1749532610.1262858	16	14838	30330
1749532615.1503918	16	14843	30347
1749532620.170536	16	14852	30357
1749532625.1856966	16	14858	30373
1749532630.2018058	16	14867	30390
1749532635.2167296	16	14875	30402
1749532640.2307677	16	14878	30413
1749532645.2541487	16	14887	30431
1749532650.270582	16	14891	30446
1749532655.294774	16	14897	30456
1749532660.311441	16	14901	30470
1749532665.3278086	16	14907	30485
1749532670.3431394	16	14911	30503
1749532675.3626738	16	14915	30523
1749532680.384306	16	14930	30533
1749532685.399446	16	14934	30546
1749532690.417307	16	14940	30563
1749532695.433175	16	14947	30578
1749532700.449119	16	14953	30590
1749532705.464036	16	14963	30605
1749532710.487935	16	14971	30618
1749532715.5056577	16	14982	30627
1749532720.5289369	16	14986	30641
1749532725.544564	16	14990	30658
1749532730.5602982	16	14995	30673
1749532735.5757008	16	15000	30684
1749532740.5933504	16	15002	30697
1749532745.614583	16	15011	30707
1749532750.6308932	16	15018	30719
1749532755.644791	16	15030	30735
1749532760.66014	16	15036	30754
1749532765.6763752	16	15046	30764
1749532770.691651	16	15055	30772
1749532775.7070544	16	15057	30789
1749532780.720663	16	15062	30802
1749532785.7360065	16	15064	30810
1749532790.751149	16	15074	30826
1749532795.7683587	16	15077	30835
1749532800.7884676	16	15077	30843
1749532805.8030396	16	15086	30856
1749532810.8179886	16	15093	30874
1749532815.8333137	16	15097	30887
1749532820.8486128	16	15102	30898
1749532825.868126	16	15107	30912
1749532830.8828268	16	15117	30928
1749532835.8981557	16	15122	30942
1749532840.9143155	16	15135	30955
1749532845.9299018	16	15142	30973
1749532850.9448323	16	15151	30983
1749532855.96129	16	15154	30998
1749532860.97687	16	15159	31016
1749532865.9925356	16	15165	31028
1749532871.0079768	16	15169	31038
1749532876.024701	16	15177	31049
1749532881.040366	16	15184	31061
1749532886.0592983	16	15192	31075
1749532891.073031	16	15198	31086
1749532896.088318	16	15205	31102
1749532901.105742	16	15210	31114
1749532906.1241589	16	15218	31123
1749532911.139735	16	15224	31139
1749532916.1547198	16	15230	31151
1749532921.170158	16	15240	31172
1749532926.1859615	16	15246	31188
1749532931.2031238	16	15251	31203
1749532936.219551	16	15256	31221
1749532941.2353833	16	15264	31231
1749532946.2504396	16	15275	31240
1749532951.266031	16	15279	31252
1749532956.2827148	16	15287	31267
1749532961.2972672	16	15293	31279
1749532966.310708	16	15298	31295
1749532971.3252747	16	15305	31310
1749532976.340629	16	15311	31328
1749532981.3560307	16	15315	31341
1749532986.3710387	16	15320	31352
1749532991.3866591	16	15325	31363
1749532996.402444	16	15330	31377
1749533001.4165223	16	15341	31391
1749533006.4391234	17	15350	31405
1749533011.454235	17	15352	31419
1749533016.4759445	17	15361	31435
1749533021.491919	17	15367	31442
1749533026.5068297	17	15379	31451
1749533031.5223944	17	15385	31459
1749533036.5418608	17	15392	31468
1749533041.5568624	17	15397	31480
1749533046.571706	17	15400	31490
1749533051.5874727	17	15406	31505
1749533056.6021428	17	15414	31519
1749533061.6226008	17	15422	31535
1749533066.638597	17	15432	31550
1749533071.6548972	17	15436	31563
1749533076.6703236	17	15442	31580
1749533081.6856482	17	15447	31595
1749533086.6996374	17	15450	31605
1749533091.7128658	17	15459	31619
1749533096.727617	17	15467	31631
1749533101.7425694	17	15473	31645
1749533106.7569442	17	15480	31661
1749533111.7723331	17	15486	31678
1749533116.7876694	17	15491	31691
1749533121.8031313	17	15498	31702
1749533126.8191626	17	15503	31707
1749533131.8347552	17	15506	31718
1749533136.850465	17	15511	31736
1749533141.86573	17	15520	31753
1749533146.8821647	17	15528	31762
1749533151.8979402	17	15534	31780
1749533156.913911	17	15543	31791
1749533161.9292426	17	15549	31800
1749533166.9451587	17	15557	31809
1749533171.9611154	17	15564	31825
1749533176.976812	17	15573	31838
1749533181.993459	17	15581	31848
1749533187.008558	17	15587	31865
1749533192.0321362	17	15597	31877
1749533197.0484815	17	15603	31888
1749533202.0638487	17	15606	31903
1749533207.0797663	17	15607	31918
1749533212.0943031	17	15616	31933
1749533217.109476	17	15623	31949
1749533222.1290512	17	15631	31966
1749533227.1502883	17	15638	31976
1749533232.1656172	17	15646	31989
1749533237.1806934	17	15651	32012
1749533242.1959999	17	15661	32025
1749533247.211995	17	15668	32041
1749533252.231175	17	15672	32062
1749533257.2465963	17	15680	32075
1749533262.2686393	17	15691	32088
1749533267.2849703	17	15699	32102
1749533272.301465	17	15703	32121
1749533277.3171394	17	15709	32137
1749533282.3334248	17	15714	32151
1749533287.355357	17	15721	32164
1749533292.377713	17	15731	32180
1749533297.3928118	17	15731	32194
1749533302.408142	17	15736	32204
1749533307.424052	17	15743	32213
1749533312.4398656	17	15747	32233
1749533317.456327	17	15752	32249
1749533322.4708486	17	15762	32264
1749533327.4939575	17	15765	32272
1749533332.5097783	17	15772	32293
1749533337.5258472	17	15780	32313
1749533342.5421166	17	15789	32321
1749533347.5575843	18	15797	32334
1749533352.5802174	18	15800	32337
1749533357.5960355	18	15807	32356
1749533362.6121514	18	15815	32371
1749533367.6276865	18	15820	32382
1749533372.6416087	18	15827	32398
1749533377.6570513	18	15834	32411
1749533382.672501	18	15842	32425
1749533387.6886888	18	15847	32437
1749533392.7046256	18	15856	32451
1749533397.7189581	18	15862	32470
1749533402.7363234	18	15871	32484
1749533407.7568781	18	15880	32495
1749533412.7717307	18	15891	32514
1749533417.7874787	18	15897	32530
1749533422.8013785	18	15902	32538
1749533427.8168151	18	15908	32547
1749533432.8328147	18	15915	32562
1749533437.8488166	18	15924	32572
1749533442.8698466	18	15929	32586
1749533447.885255	18	15933	32592
1749533452.9006667	18	15938	32607
1749533457.915794	18	15943	32618
1749533462.9324758	18	15951	32636
1749533467.9543843	18	15960	32650
1749533472.9775593	18	15969	32666
1749533477.9942539	18	15975	32676
1749533483.0096817	18	15983	32694
1749533488.0258572	18	15988	32703
1749533493.041408	18	15995	32717
1749533498.0573506	18	15999	32732
1749533503.0735867	18	16006	32746
1749533508.0940335	18	16012	32756
1749533513.1092906	18	16020	32773
1749533518.1256094	18	16032	32786
1749533523.1415775	18	16036	32798
1749533528.1580358	18	16039	32815
1749533533.1788585	18	16045	32839
1749533538.1948152	18	16052	32855
1749533543.2103565	18	16063	32866
1749533548.2261498	18	16069	32876
1749533553.2420654	18	16075	32887
1749533558.2583718	18	16082	32904
1749533563.2814167	18	16085	32917
1749533568.2974231	18	16091	32934
1749533573.313877	18	16101	32956
1749533578.329807	18	16110	32974
1749533583.344115	18	16117	32981
1749533588.3592114	18	16121	32997
1749533593.3754778	18	16129	33006
1749533598.3900707	18	16139	33025
1749533603.4060078	18	16144	33039
1749533608.4219606	18	16145	33047
1749533613.4390912	18	16155	33064
1749533618.4551315	18	16163	33073
1749533623.4773955	18	16174	33083
1749533628.4920669	18	16183	33092
1749533633.5072997	18	16186	33108
1749533638.5233607	18	16198	33118
1749533643.5390005	18	16204	33131
1749533648.561381	18	16212	33148
1749533653.5844793	18	16218	33153
1749533658.6011326	18	16224	33169
1749533663.6165574	18	16228	33186
1749533668.6319187	18	16240	33199
1749533673.6453345	18	16245	33216
1749533678.6599486	18	16251	33230
1749533683.6748924	18	16259	33238
1749533688.6907969	18	16269	33248
1749533693.7058554	18	16279	33259
1749533698.722346	18	16286	33274
1749533703.7379074	18	16293	33286
1749533708.7548485	18	16297	33299
1749533713.7703457	18	16304	33310
1749533718.7856798	18	16309	33319
1749533723.801694	18	16316	33332
1749533728.81615	18	16323	33341
1749533733.829845	18	16336	33356
1749533738.8493736	18	16342	33372
1749533743.8656535	18	16352	33385
1749533748.8811593	18	16361	33398
1749533753.8953931	18	16367	33407
1749533758.9179957	18	16377	33421
1749533763.9409728	18	16382	33435
1749533768.962913	18	16390	33445
1749533773.9789448	18	16397	33459
1749533778.9936543	18	16408	33470
1749533784.0098615	18	16421	33484
1749533789.0251734	18	16432	33497
1749533794.040854	18	16438	33509
1749533799.0584755	18	16446	33522
1749533804.0988774	18	16450	33535
1749533809.1146724	18	16457	33552
1749533814.139698	18	16465	33562
1749533819.1573558	18	16471	33578
1749533824.1713834	18	16479	33588
1749533829.1872776	18	16485	33599
1749533834.2030642	18	16498	33619
1749533839.2191825	18	16508	33629
1749533844.2405183	18	16513	33640
1749533849.2570868	18	16517	33651
1749533854.2766075	18	16523	33659
1749533859.29178	18	16529	33677
1749533864.306429	18	16538	33695
1749533869.3208816	18	16545	33708
1749533874.3442168	18	16550	33716
1749533879.3676288	18	16557	33730
1749533884.3861818	18	16560	33750
1749533889.400277	18	16564	33766
1749533894.415906	18	16571	33783
1749533899.4322624	18	16578	33790
1749533904.448281	18	16584	33804
1749533909.4677246	18	16586	33813
1749533914.4828334	18	16592	33825
1749533919.503624	18	16601	33843
1749533924.5195665	18	16610	33860
1749533929.5346913	18	16625	33875
1749533934.5501106	18	16631	33895
1749533939.572439	18	16640	33909
1749533944.592417	18	16647	33920
1749533949.606396	18	16654	33938
1749533954.6200304	18	16658	33955
1749533959.633937	18	16664	33969
1749533964.647374	18	16671	33983
1749533969.6626513	18	16680	33998
1749533974.67653	18	16690	34005
