1750052179.2861538	0	4	4
1750052184.2970438	2	17	28
1750052189.3087976	2	26	46
1750052194.3213084	2	37	62
1750052199.3310714	2	48	77
1750052204.3421724	2	58	91
1750052209.358561	3	72	108
1750052214.382854	5	81	120
1750052219.4034455	7	93	131
1750052224.4208093	7	106	145
1750052229.4321718	7	118	154
1750052234.4449797	8	126	174
1750052239.4586003	8	131	184
1750052244.4787486	10	139	201
1750052249.4923806	10	152	216
1750052254.5059483	11	162	227
1750052259.518095	11	173	240
1750052264.5325522	11	182	255
1750052269.5456305	11	189	267
1750052274.5587845	11	202	283
1750052279.5722265	11	211	299
1750052284.5857003	11	221	315
1750052289.6044836	11	239	330
1750052294.6183102	11	254	346
1750052299.6326385	11	261	360
1750052304.6469865	11	274	370
1750052309.6611247	12	279	379
1750052314.6739082	12	284	394
1750052319.687872	12	289	407
1750052324.7053876	12	295	418
1750052329.7245421	12	304	430
1750052334.738124	12	312	446
1750052339.751761	12	319	454
1750052344.7648482	12	325	462
1750052349.7781727	13	332	474
1750052354.7920756	13	354	489
1750052359.8163564	14	361	510
1750052364.8382158	14	367	525
1750052369.8514862	14	383	536
1750052374.8653207	14	393	550
1750052379.878449	14	402	561
1750052384.891592	15	411	570
1750052389.9049842	15	420	582
1750052394.9186974	15	425	591
1750052399.9422772	15	436	603
1750052404.9629197	17	447	618
1750052409.976083	17	456	633
1750052414.9897013	17	466	640
1750052420.002235	18	476	651
1750052425.016013	18	486	667
1750052430.029865	18	503	680
1750052435.0524635	18	516	692
1750052440.0715222	19	520	707
1750052445.0826707	20	530	718
1750052450.096309	20	542	735
1750052455.110226	20	555	747
1750052460.1207757	20	563	768
1750052465.1376097	20	574	789
1750052470.1494706	20	592	804
1750052475.160697	20	602	817
1750052480.175263	20	614	829
1750052485.1894965	20	624	844
1750052490.2009664	21	638	859
1750052495.2147007	21	650	869
1750052500.2275016	22	659	878
1750052505.2424073	22	668	886
1750052510.2560465	22	686	904
1750052515.2694402	22	697	915
1750052520.2811685	22	701	921
1750052525.294251	22	712	936
1750052530.3082452	22	720	952
1750052535.318923	22	730	967
1750052540.3339555	23	745	978
1750052545.3498747	25	761	1000
1750052550.3648214	25	776	1011
1750052555.3787277	25	786	1025
1750052560.394161	25	796	1044
1750052565.4087539	25	806	1057
1750052570.420914	25	815	1069
1750052575.4323392	25	822	1083
1750052580.445834	25	835	1094
1750052585.4595847	25	844	1106
1750052590.474389	25	852	1115
1750052595.4873781	25	858	1128
1750052600.5015552	25	866	1142
1750052605.5140169	25	877	1151
1750052610.528011	25	884	1169
1750052615.543196	25	888	1182
1750052620.5587783	25	903	1192
1750052625.5722606	25	913	1201
1750052630.5849812	25	923	1224
1750052635.5983315	25	927	1235
1750052640.6141002	26	940	1248
1750052645.6282153	26	953	1262
1750052650.6425629	26	970	1278
1750052655.6554892	28	982	1293
1750052660.6692944	29	993	1299
1750052665.6822402	29	1005	1314
1750052670.6969547	29	1022	1329
1750052675.7204318	29	1036	1338
1750052680.7428994	29	1043	1350
1750052685.75695	29	1057	1370
1750052690.7709208	29	1069	1382
1750052695.7869318	29	1078	1399
1750052700.8019595	29	1091	1413
1750052705.816114	29	1102	1422
1750052710.8309648	29	1110	1435
1750052715.8451815	29	1122	1447
1750052720.860652	29	1134	1458
1750052725.8757572	29	1147	1475
1750052730.8905299	29	1160	1487
1750052735.9065611	29	1173	1500
1750052740.9293747	29	1189	1512
1750052745.9536896	30	1209	1527
1750052750.969566	30	1215	1542
1750052755.9848719	30	1225	1555
1750052760.9999237	30	1233	1568
1750052766.015008	30	1245	1578
1750052771.0291574	30	1256	1591
1750052776.0446236	30	1260	1602
1750052781.05788	30	1269	1617
1750052786.0727077	30	1279	1630
1750052791.0874588	30	1294	1650
1750052796.1025655	30	1302	1666
1750052801.1175244	30	1309	1673
1750052806.14182	30	1313	1684
1750052811.1577532	31	1317	1695
1750052816.1731563	31	1329	1708
1750052821.1882362	31	1340	1722
1750052826.2130077	31	1350	1740
1750052831.2266257	32	1361	1763
1750052836.2414489	32	1373	1773
1750052841.25874	32	1384	1785
1750052846.273543	33	1399	1794
1750052851.287562	33	1407	1812
1750052856.3017035	33	1420	1817
1750052861.3165512	34	1430	1827
1750052866.3310637	34	1440	1842
1750052871.3446329	35	1450	1863
1750052876.3598592	35	1462	1878
1750052881.3735104	35	1469	1889
1750052886.3894281	35	1482	1902
1750052891.4044728	35	1492	1915
1750052896.419479	35	1505	1922
1750052901.4344532	35	1513	1938
1750052906.4497192	35	1525	1951
1750052911.4655514	37	1539	1966
1750052916.4780567	37	1548	1983
1750052921.4927378	37	1562	1998
1750052926.5092072	37	1572	2009
1750052931.5239785	37	1579	2026
1750052936.5393372	37	1591	2035
1750052941.552389	37	1598	2047
1750052946.5765626	37	1609	2056
1750052951.5922318	37	1623	2074
1750052956.607755	37	1634	2090
1750052961.6220307	37	1644	2105
1750052966.6379058	37	1652	2115
1750052971.653165	37	1662	2117
1750052976.667039	37	1676	2129
1750052981.6923432	37	1685	2141
1750052986.7158608	37	1701	2152
1750052991.7300587	37	1714	2160
1750052996.744269	37	1722	2173
1750053001.7587602	37	1730	2188
1750053006.7735403	38	1739	2198
1750053011.7914348	38	1745	2215
1750053016.8061397	38	1749	2228
1750053021.8211107	38	1764	2238
1750053026.8352287	38	1770	2253
1750053031.8482437	38	1773	2264
1750053036.865933	38	1781	2279
1750053041.879946	38	1796	2295
1750053046.895712	39	1806	2311
1750053051.9105783	39	1811	2318
1750053056.9252942	39	1822	2330
1750053061.9415274	39	1833	2348
1750053066.9561868	39	1842	2360
1750053071.9703646	39	1850	2377
1750053076.985143	39	1860	2394
1750053082.0002868	39	1873	2412
1750053087.0178332	39	1887	2424
1750053092.032718	39	1894	2436
1750053097.046835	39	1908	2447
1750053102.0613413	39	1922	2456
1750053107.074081	39	1931	2466
1750053112.0922637	39	1944	2491
1750053117.1053782	39	1952	2508
1750053122.1179385	39	1965	2524
1750053127.1302106	39	1974	2534
1750053132.142578	39	1981	2549
1750053137.165022	39	1994	2561
1750053142.177416	39	2003	2573
1750053147.1902788	39	2010	2585
1750053152.2031238	39	2015	2594
1750053157.2159312	39	2021	2605
1750053162.2345746	39	2033	2617
1750053167.2479818	39	2038	2621
1750053172.2631967	39	2046	2633
1750053177.2766874	39	2054	2643
1750053182.2907789	39	2062	2655
1750053187.3082209	39	2067	2663
1750053192.3227084	39	2079	2671
1750053197.3373444	39	2096	2678
1750053202.3522456	39	2108	2688
1750053207.3664067	39	2116	2695
1750053212.381401	39	2132	2714
1750053217.395353	39	2145	2724
1750053222.4095652	39	2158	2737
1750053227.425096	39	2167	2749
1750053232.438823	40	2175	2766
1750053237.4566233	41	2185	2777
1750053242.46982	41	2194	2790
1750053247.4838495	41	2207	2801
1750053252.49893	41	2217	2815
1750053257.5124865	42	2224	2831
1750053262.5318875	42	2233	2840
1750053267.5468733	42	2244	2854
1750053272.5616183	42	2252	2864
1750053277.5758557	43	2262	2874
1750053282.5902092	43	2271	2886
1750053287.6048303	43	2281	2898
1750053292.61846	43	2297	2911
1750053297.6325452	43	2305	2928
1750053302.6466594	43	2312	2942
1750053307.661281	43	2319	2955
1750053312.6762862	43	2330	2971
1750053317.690557	44	2341	2985
1750053322.704629	44	2350	2998
1750053327.7200074	44	2358	3005
1750053332.7341323	44	2369	3018
1750053337.753339	44	2374	3031
1750053342.770147	44	2385	3042
1750053347.785434	45	2397	3055
1750053352.7998853	45	2406	3073
1750053357.8149474	46	2420	3087
1750053362.829095	47	2428	3101
1750053367.842835	47	2439	3118
1750053372.8578966	47	2448	3130
1750053377.8726144	47	2465	3145
1750053382.8868756	47	2476	3159
1750053387.906423	47	2487	3170
1750053392.9210427	48	2498	3192
1750053397.9354424	48	2512	3209
1750053402.9480553	48	2520	3217
1750053407.9600809	48	2529	3235
1750053412.9786997	48	2542	3253
1750053417.9957638	48	2553	3264
1750053423.0093722	48	2560	3273
1750053428.0238733	48	2574	3283
1750053433.0498176	48	2587	3299
1750053438.0645463	49	2593	3311
1750053443.0788589	51	2605	3323
1750053448.094886	51	2617	3333
1750053453.1084058	53	2629	3349
1750053458.1227088	53	2643	3361
1750053463.136498	54	2654	3378
1750053468.1512067	55	2664	3390
1750053473.166205	55	2675	3405
1750053478.181129	55	2694	3415
1750053483.195747	55	2700	3428
1750053488.2111883	56	2709	3435
1750053493.227004	56	2720	3447
1750053498.2412016	56	2736	3454
1750053503.2555354	56	2755	3465
1750053508.27255	56	2766	3477
1750053513.2875218	56	2775	3493
1750053518.301909	56	2785	3507
1750053523.321647	56	2793	3517
1750053528.3465302	56	2802	3528
1750053533.360734	57	2813	3547
1750053538.3764887	57	2821	3557
1750053543.3914185	57	2832	3569
1750053548.4076445	57	2837	3581
1750053553.4220226	57	2853	3592
1750053558.4355688	57	2862	3604
1750053563.4488547	57	2877	3615
1750053568.4646356	58	2891	3627
1750053573.4794538	58	2895	3644
1750053578.5010543	59	2909	3657
1750053583.5155554	59	2919	3671
1750053588.5306325	59	2931	3684
1750053593.546289	59	2943	3698
1750053598.5607069	59	2948	3712
1750053603.575114	59	2960	3725
1750053608.5870993	59	2970	3740
1750053613.6014254	59	2974	3750
1750053618.6161187	59	2982	3766
1750053623.6309412	59	2996	3777
1750053628.6544087	61	3007	3790
1750053633.6669376	62	3021	3803
1750053638.6806238	62	3034	3823
1750053643.69556	62	3038	3832
1750053648.7113674	63	3053	3845
1750053653.733525	64	3062	3862
1750053658.7464378	65	3071	3874
1750053663.7589865	65	3079	3892
1750053668.772067	65	3090	3901
1750053673.7894328	65	3104	3914
1750053678.8121283	65	3115	3925
1750053683.828006	65	3123	3934
1750053688.8415194	66	3139	3945
1750053693.85446	66	3151	3958
1750053698.872701	67	3169	3978
1750053703.8959706	68	3181	3991
1750053708.9110398	68	3189	4004
1750053713.92479	68	3205	4015
1750053718.9373264	68	3218	4032
1750053723.9504359	69	3230	4057
1750053728.9708958	70	3242	4071
1750053733.9860246	70	3258	4083
1750053738.9996593	70	3270	4091
1750053744.0122724	71	3285	4106
1750053749.0266697	71	3299	4117
1750053754.045913	71	3307	4131
1750053759.0630803	71	3319	4135
1750053764.0763466	72	3329	4151
1750053769.089184	72	3341	4167
1750053774.1036217	72	3353	4180
1750053779.120965	72	3363	4188
1750053784.1376643	72	3376	4199
1750053789.1530852	72	3388	4210
1750053794.1681595	72	3405	4216
1750053799.183185	72	3411	4231
1750053804.1978226	72	3420	4245
1750053809.2133045	73	3428	4256
1750053814.2271824	73	3435	4268
1750053819.2426124	73	3447	4280
1750053824.2570157	73	3454	4288
1750053829.2712576	73	3462	4302
1750053834.2898166	75	3476	4314
1750053839.3038228	75	3483	4330
1750053844.3179514	75	3488	4340
1750053849.3327699	75	3496	4357
1750053854.34775	75	3508	4370
1750053859.3694627	75	3513	4380
1750053864.3833694	75	3521	4388
1750053869.3975537	75	3534	4399
1750053874.4118729	76	3548	4412
1750053879.4261491	76	3557	4421
1750053884.447248	76	3575	4431
1750053889.4625154	76	3582	4444
1750053894.4774303	76	3588	4458
1750053899.4922328	76	3596	4471
1750053904.5078998	77	3610	4487
1750053909.5255759	78	3618	4503
1750053914.5410922	78	3629	4514
1750053919.555818	78	3641	4522
1750053924.570736	78	3654	4529
1750053929.5861602	79	3664	4550
1750053934.6069274	79	3677	4555
1750053939.6210465	79	3682	4569
1750053944.6335595	79	3686	4581
1750053949.6476278	80	3695	4591
1750053954.6604123	80	3701	4611
1750053959.684862	81	3711	4631
1750053964.7001014	81	3717	4643
1750053969.7160776	81	3726	4657
1750053974.7308958	81	3732	4671
1750053979.743593	81	3743	4680
1750053984.7613492	81	3754	4698
1750053989.774657	81	3763	4713
1750053994.791118	81	3772	4718
1750053999.804784	81	3780	4735
1750054004.818181	81	3789	4751
1750054009.8439329	82	3801	4763
1750054014.8583949	82	3814	4774
1750054019.873432	82	3821	4788
1750054024.8893285	82	3830	4798
1750054029.9033067	82	3839	4811
1750054034.9246657	82	3848	4824
1750054039.93931	83	3863	4841
1750054044.9552767	83	3870	4848
1750054049.9702215	83	3876	4859
1750054054.98496	83	3884	4870
1750054060.0008883	85	3901	4884
1750054065.0158727	85	3912	4898
1750054070.030393	85	3928	4909
1750054075.045685	85	3934	4922
1750054080.0585473	86	3952	4943
1750054085.076594	86	3960	4951
1750054090.0907013	86	3966	4960
1750054095.1045535	86	3978	4969
1750054100.120216	86	3984	4985
1750054105.1348867	86	3992	4996
1750054110.153898	86	4005	5010
1750054115.1674592	86	4019	5018
1750054120.1815486	86	4029	5027
1750054125.1961508	87	4041	5042
1750054130.211885	87	4051	5050
1750054135.2303364	87	4060	5065
1750054140.2441103	87	4071	5078
1750054145.2592783	88	4082	5096
1750054150.274057	88	4089	5106
1750054155.2885468	89	4100	5121
1750054160.3073714	89	4111	5136
1750054165.3219845	89	4122	5154
1750054170.3370466	89	4133	5162
1750054175.35176	89	4143	5173
1750054180.3670294	90	4158	5185
1750054185.3823771	91	4169	5199
1750054190.3970032	91	4176	5207
1750054195.4117608	91	4185	5213
1750054200.42678	91	4195	5220
1750054205.44121	91	4202	5229
1750054210.4558902	91	4210	5242
1750054215.4707882	91	4218	5254
1750054220.4862642	91	4229	5267
1750054225.5005472	91	4240	5284
1750054230.5155141	91	4252	5296
1750054235.5304096	91	4262	5305
1750054240.5446482	91	4276	5313
1750054245.558526	92	4286	5329
1750054250.5712671	92	4294	5340
1750054255.583958	92	4299	5351
1750054260.6024296	92	4309	5360
1750054265.6152048	92	4319	5374
1750054270.6279385	92	4329	5388
1750054275.6403532	92	4338	5394
1750054280.6542454	92	4352	5404
1750054285.666899	92	4357	5418
1750054290.68915	92	4370	5435
1750054295.7016659	93	4379	5445
1750054300.7155547	93	4394	5458
1750054305.7340457	93	4404	5465
1750054310.7573676	93	4410	5473
1750054315.7710006	93	4418	5489
1750054320.7855587	93	4429	5505
1750054325.7999067	93	4437	5521
1750054330.814439	93	4447	5537
1750054335.8356962	93	4455	5548
1750054340.8507288	93	4466	5559
1750054345.8656151	93	4475	5574
1750054350.8801012	93	4486	5593
1750054355.8953393	93	4495	5601
1750054360.916537	93	4504	5616
1750054365.9312747	93	4515	5628
1750054370.9460287	93	4526	5641
1750054375.9608715	94	4538	5655
1750054380.9753785	95	4549	5666
1750054385.9934309	95	4566	5682
1750054391.0086854	96	4574	5700
1750054396.0236244	97	4583	5711
1750054401.037447	97	4590	5723
1750054406.0515466	97	4598	5733
1750054411.07275	97	4615	5746
1750054416.0913002	97	4621	5756
1750054421.1067631	97	4634	5769
1750054426.1212752	98	4649	5787
1750054431.1359768	98	4660	5795
1750054436.1517825	99	4670	5811
1750054441.1717913	99	4679	5822
1750054446.1864161	99	4695	5842
1750054451.2009182	99	4704	5851
1750054456.2153466	99	4715	5864
1750054461.2302935	99	4721	5873
1750054466.25125	99	4735	5884
1750054471.2668161	100	4748	5893
1750054476.282032	100	4756	5905
1750054481.2972674	100	4766	5916
1750054486.3151762	100	4776	5928
1750054491.3370438	100	4784	5938
1750054496.3516295	100	4793	5952
1750054501.3658257	100	4801	5966
1750054506.3812175	100	4816	5973
1750054511.398969	100	4822	5988
1750054516.4225416	101	4831	6004
1750054521.4388385	102	4841	6014
1750054526.454703	102	4851	6028
1750054531.4714785	102	4861	6042
1750054536.486872	102	4873	6052
1750054541.5047157	102	4882	6065
1750054546.520127	102	4890	6076
1750054551.5364177	102	4903	6087
1750054556.552664	102	4912	6092
1750054561.5695968	102	4923	6110
1750054566.5887682	102	4928	6117
1750054571.6045115	102	4939	6126
1750054576.6204817	102	4944	6139
1750054581.6367743	102	4957	6153
1750054586.6517947	102	4970	6171
1750054591.6756015	102	4976	6186
1750054596.6924672	103	4986	6202
1750054601.7076669	103	4995	6212
1750054606.7239094	104	4999	6227
1750054611.7398646	104	5011	6238
1750054616.763368	104	5027	6250
1750054621.777002	104	5039	6264
1750054626.7929459	104	5052	6276
1750054631.8085613	104	5059	6294
1750054636.8254507	104	5067	6309
1750054641.8504803	105	5074	6325
1750054646.8657122	105	5080	6333
1750054651.8818426	106	5093	6343
1750054656.8987856	106	5101	6360
1750054661.913829	106	5114	6370
1750054666.9294693	106	5122	6386
1750054671.946053	106	5132	6397
1750054676.9620786	106	5141	6409
1750054681.9790354	106	5144	6423
1750054686.9947639	106	5151	6432
1750054692.0099595	106	5159	6441
1750054697.025753	106	5164	6457
1750054702.0408437	106	5171	6476
1750054707.0559413	106	5180	6489
1750054712.0722165	106	5184	6497
1750054717.085949	106	5197	6511
1750054722.101399	106	5203	6519
1750054727.1152818	106	5212	6533
1750054732.1304173	107	5220	6545
1750054737.1507323	107	5230	6553
1750054742.165206	107	5243	6571
1750054747.1803775	107	5252	6587
1750054752.1966379	108	5262	6600
1750054757.2123592	108	5274	6608
1750054762.2323596	108	5284	6616
1750054767.246299	108	5296	6626
1750054772.2630875	108	5303	6638
1750054777.2773778	108	5314	6653
1750054782.29105	111	5327	6673
1750054787.3135312	113	5338	6682
1750054792.327428	113	5346	6698
1750054797.343311	113	5362	6710
1750054802.3564963	113	5366	6719
1750054807.3704717	113	5372	6734
1750054812.3948364	114	5381	6747
1750054817.4092214	116	5391	6760
1750054822.42759	116	5400	6775
1750054827.4427636	116	5409	6788
1750054832.4575355	116	5424	6800
1750054837.4810798	116	5431	6811
1750054842.495819	117	5439	6826
1750054847.514848	117	5449	6836
1750054852.5303478	117	5462	6847
1750054857.545038	118	5471	6860
1750054862.5633435	118	5487	6874
1750054867.5773962	118	5494	6886
1750054872.597643	118	5501	6903
1750054877.6136677	118	5511	6914
1750054882.6281536	119	5520	6930
1750054887.6507862	119	5529	6941
1750054892.665792	119	5538	6955
1750054897.6858487	120	5547	6967
1750054902.699879	120	5555	6979
1750054907.7151716	120	5570	7000
1750054912.7338362	120	5582	7009
1750054917.7482035	120	5590	7021
1750054922.7721615	120	5596	7036
1750054927.7885365	121	5606	7049
1750054932.8039653	121	5620	7059
1750054937.8192165	121	5633	7078
1750054942.8417985	121	5642	7086
1750054947.8582568	121	5652	7098
1750054952.8749335	121	5663	7114
1750054957.890433	121	5674	7134
1750054962.906248	122	5683	7148
1750054967.924662	122	5695	7158
1750054972.9404523	122	5703	7172
1750054977.9570467	122	5714	7178
1750054982.973491	122	5728	7189
1750054987.9892998	122	5736	7206
1750054993.0072174	122	5747	7222
1750054998.0215058	122	5751	7233
1750055003.0368924	123	5765	7243
1750055008.0515735	123	5776	7254
1750055013.0669005	123	5784	7262
1750055018.0865948	124	5792	7279
1750055023.1030037	124	5799	7291
1750055028.1184545	124	5813	7305
1750055033.1333852	124	5818	7316
1750055038.1499684	124	5827	7327
1750055043.1686218	124	5837	7334
1750055048.1856878	124	5844	7348
1750055053.202362	124	5855	7362
1750055058.2168076	124	5872	7377
1750055063.2329662	124	5886	7388
1750055068.2494812	124	5892	7398
1750055073.2686627	124	5904	7408
1750055078.2855752	124	5910	7427
1750055083.300988	124	5923	7437
1750055088.315317	124	5934	7448
1750055093.332168	124	5945	7457
1750055098.3506794	125	5954	7471
1750055103.3673782	125	5961	7486
1750055108.3811269	125	5978	7499
1750055113.394444	125	5986	7512
1750055118.4135542	125	5995	7530
1750055123.4344292	126	6009	7542
1750055128.44982	126	6020	7554
1750055133.464957	127	6029	7568
1750055138.4814692	127	6037	7585
1750055143.4989853	128	6044	7598
1750055148.5193675	128	6051	7617
1750055153.5365393	129	6061	7628
1750055158.5530496	129	6076	7639
1750055163.569293	129	6087	7649
1750055168.586149	129	6094	7665
1750055173.6057248	129	6105	7679
1750055178.6215758	129	6112	7696
1750055183.6350703	129	6125	7712
1750055188.648185	129	6140	7721
1750055193.6689444	129	6150	7735
1750055198.6930828	129	6161	7745
1750055203.708135	129	6171	7756
1750055208.7221477	129	6183	7768
1750055213.7379594	132	6199	7780
1750055218.7562222	133	6207	7791
1750055223.7804072	133	6218	7804
1750055228.7958333	133	6224	7810
1750055233.8118966	133	6232	7821
1750055238.82565	135	6244	7833
1750055243.8429627	135	6256	7847
1750055248.869336	136	6266	7860
1750055253.884355	136	6272	7871
1750055258.8982232	136	6286	7882
1750055263.913599	136	6303	7893
1750055268.9313223	137	6315	7907
1750055273.9471085	137	6322	7920
1750055278.961129	137	6330	7934
1750055283.975477	137	6339	7949
1750055288.990641	137	6352	7961
1750055294.0047693	137	6360	7973
1750055299.0207958	137	6371	7983
1750055304.0362444	139	6384	7998
1750055309.057871	139	6396	8007
1750055314.0736287	139	6410	8016
1750055319.0880194	139	6423	8027
1750055324.1037662	139	6431	8038
1750055329.120075	139	6439	8050
1750055334.1348302	139	6444	8060
1750055339.151281	139	6453	8073
1750055344.1674213	140	6460	8082
1750055349.1840162	140	6467	8090
1750055354.2005568	142	6479	8104
1750055359.2165093	142	6485	8123
1750055364.233259	143	6496	8134
1750055369.2479887	144	6507	8144
1750055374.2636232	144	6516	8155
1750055379.2796302	144	6529	8170
1750055384.2960498	144	6534	8195
1750055389.3123252	144	6541	8208
1750055394.3283093	144	6548	8219
1750055399.3444874	144	6556	8229
1750055404.3710196	144	6563	8241
1750055409.3873696	144	6578	8258
1750055414.4033933	146	6587	8272
1750055419.4214103	147	6603	8286
1750055424.4383342	147	6613	8304
1750055429.4549005	148	6621	8325
1750055434.4713066	149	6637	8347
1750055439.487598	149	6651	8357
1750055444.5036619	149	6661	8368
1750055449.5289867	149	6676	8388
1750055454.5425634	149	6686	8402
1750055459.5577502	149	6698	8410
1750055464.5728495	149	6706	8430
1750055469.5884635	149	6719	8451
1750055474.6100864	149	6732	8466
1750055479.623858	150	6739	8478
1750055484.6393464	150	6745	8489
1750055489.6544929	150	6750	8502
1750055494.670715	150	6756	8514
1750055499.6930764	151	6769	8536
1750055504.7079942	152	6777	8545
1750055509.722713	153	6786	8557
1750055514.7363434	153	6802	8568
1750055519.750717	154	6813	8585
1750055524.7659986	154	6821	8601
1750055529.7831273	154	6827	8613
1750055534.7982578	154	6833	8625
1750055539.812867	156	6845	8642
1750055544.8348062	157	6854	8659
1750055549.862369	157	6864	8673
1750055554.877335	157	6874	8689
1750055559.8925605	157	6883	8712
1750055564.9089236	157	6891	8725
1750055569.92479	157	6896	8739
1750055574.9433162	158	6908	8745
1750055579.9592042	158	6919	8763
1750055584.975313	159	6935	8774
1750055589.9890852	159	6942	8792
1750055595.0033798	159	6955	8801
1750055600.0286548	160	6968	8816
1750055605.0442235	160	6983	8829
1750055610.059425	160	6995	8848
1750055615.0747666	160	7002	8859
1750055620.0908864	160	7015	8869
1750055625.1092672	160	7026	8878
1750055630.124794	160	7036	8896
1750055635.1420083	160	7050	8911
1750055640.1571066	160	7063	8917
1750055645.1718686	160	7067	8931
1750055650.1904943	160	7081	8945
1750055655.206159	160	7089	8956
1750055660.2234826	161	7103	8966
1750055665.2371821	161	7111	8980
1750055670.2528298	161	7122	8990
1750055675.272244	161	7127	9003
1750055680.2891197	161	7136	9013
1750055685.3042734	161	7146	9022
1750055690.3220415	163	7160	9032
1750055695.3389256	163	7166	9044
1750055700.3539448	163	7171	9055
1750055705.3735654	165	7181	9065
1750055710.388271	165	7191	9079
1750055715.403519	165	7199	9089
1750055720.4181507	165	7211	9102
1750055725.4392114	165	7225	9110
1750055730.4575913	165	7233	9129
1750055735.4714024	166	7240	9142
1750055740.4858472	166	7247	9151
1750055745.5017867	166	7258	9161
1750055750.5223072	166	7263	9174
1750055755.5425446	167	7273	9184
1750055760.5567627	168	7287	9203
1750055765.5723653	168	7299	9209
1750055770.5892878	168	7312	9225
1750055775.6051712	168	7322	9237
1750055780.6278718	168	7330	9250
1750055785.6419296	168	7338	9265
1750055790.6574168	168	7353	9278
1750055795.6746829	168	7360	9291
1750055800.6918697	169	7371	9304
1750055805.7127633	169	7390	9319
1750055810.726743	169	7397	9336
1750055815.7411346	169	7413	9347
1750055820.7565532	169	7426	9359
1750055825.7785125	170	7430	9373
1750055830.8014915	170	7440	9381
1750055835.8169906	170	7453	9389
1750055840.8329384	170	7458	9400
1750055845.8473544	170	7471	9407
1750055850.8663826	170	7484	9418
1750055855.8909094	171	7496	9436
1750055860.906784	171	7507	9449
1750055865.921721	171	7516	9467
1750055870.9356997	172	7534	9476
1750055875.956146	172	7542	9488
1750055880.98191	172	7557	9503
1750055885.9973805	172	7565	9515
1750055891.01305	173	7579	9531
1750055896.0275319	173	7583	9542
1750055901.0460794	174	7597	9554
1750055906.0718634	174	7606	9575
1750055911.0862033	174	7619	9586
1750055916.101827	174	7635	9603
1750055921.116568	174	7641	9613
1750055926.1314974	174	7655	9628
1750055931.1466591	174	7666	9639
1750055936.162266	175	7673	9651
1750055941.1784563	175	7678	9658
1750055946.1943252	175	7688	9672
1750055951.2175748	175	7696	9681
1750055956.2433164	175	7704	9691
1750055961.2592404	175	7708	9704
1750055966.272803	176	7719	9716
1750055971.287594	176	7734	9723
1750055976.3027766	176	7744	9738
1750055981.3264558	177	7750	9752
1750055986.3420987	177	7757	9765
1750055991.3587255	177	7768	9777
1750055996.375258	177	7777	9782
1750056001.3913329	177	7792	9791
1750056006.4127	177	7797	9804
1750056011.4258428	178	7803	9818
1750056016.4404392	178	7812	9826
1750056021.4563568	179	7824	9843
1750056026.4729006	180	7834	9855
1750056031.4882467	180	7840	9865
1750056036.5032575	181	7854	9875
1750056041.5188296	181	7866	9886
1750056046.5348914	181	7876	9900
1750056051.5618932	182	7889	9921
1750056056.5765104	182	7900	9939
1750056061.5925353	184	7917	9953
1750056066.6086812	184	7929	9961
1750056071.6240551	184	7938	9972
1750056076.639445	185	7946	9993
1750056081.6542523	185	7954	10007
1750056086.6709485	185	7970	10019
1750056091.6865733	185	7981	10029
1750056096.7090533	186	7990	10043
1750056101.7260048	186	7999	10053
1750056106.7413442	186	8008	10071
1750056111.7576642	186	8016	10089
1750056116.7776449	186	8027	10102
1750056121.7978275	187	8035	10119
1750056126.8141837	187	8042	10134
1750056131.8301451	187	8051	10148
1750056136.844947	187	8058	10156
1750056141.8643284	187	8067	10166
1750056146.8878522	187	8083	10177
1750056151.9050548	187	8095	10192
1750056156.9218886	187	8103	10203
1750056161.938804	187	8112	10213
1750056166.9538047	187	8119	10229
1750056171.976732	187	8135	10243
1750056176.9934154	188	8144	10259
1750056182.0098445	188	8153	10273
1750056187.0274012	188	8167	10288
1750056192.0434499	188	8175	10296
1750056197.0618157	188	8190	10313
1750056202.0780814	189	8209	10323
1750056207.093537	190	8219	10332
1750056212.110154	190	8232	10344
1750056217.1254213	191	8246	10357
1750056222.1512756	191	8254	10368
1750056227.1672988	191	8261	10381
1750056232.1837966	191	8268	10393
1750056237.1996772	191	8283	10406
1750056242.2143219	192	8297	10419
1750056247.2308986	192	8307	10434
1750056252.2477987	192	8325	10440
1750056257.265435	192	8340	10447
1750056262.2802796	192	8346	10463
1750056267.3012311	192	8355	10480
1750056272.3176484	192	8366	10491
1750056277.334354	193	8377	10500
1750056282.3517063	193	8387	10517
1750056287.3680415	193	8394	10531
1750056292.3887312	193	8403	10540
1750056297.4055197	193	8407	10552
1750056302.4200928	194	8422	10566
1750056307.436703	194	8429	10576
1750056312.4520917	195	8436	10590
1750056317.4729037	196	8447	10610
1750056322.4889882	196	8458	10621
1750056327.5059059	197	8467	10636
1750056332.5219402	197	8477	10651
1750056337.5384266	197	8482	10661
1750056342.5591242	197	8493	10674
1750056347.5745296	198	8503	10689
1750056352.5896626	198	8515	10699
1750056357.6060805	199	8529	10707
1750056362.620675	199	8539	10721
1750056367.6353335	199	8551	10730
1750056372.6516154	199	8561	10740
1750056377.6663666	201	8570	10755
1750056382.6811635	201	8575	10764
1750056387.7017856	201	8583	10780
1750056392.7169251	201	8592	10794
1750056397.7322736	203	8603	10814
1750056402.7482436	203	8616	10824
1750056407.7718697	203	8625	10839
1750056412.7931502	203	8636	10845
1750056417.8099902	203	8646	10858
1750056422.8261008	203	8656	10874
1750056427.8409085	204	8668	10890
1750056432.8599792	204	8676	10905
1750056437.8803222	204	8687	10918
1750056442.8965187	204	8696	10939
1750056447.912101	204	8701	10950
1750056452.9286351	204	8710	10962
1750056457.9488425	204	8725	10975
1750056462.969383	206	8738	10990
1750056467.984982	206	8750	11003
1750056473.0015955	206	8761	11023
1750056478.0181692	206	8770	11029
1750056483.0394573	206	8778	11047
1750056488.0620172	206	8785	11060
1750056493.0783	206	8795	11084
1750056498.092691	206	8799	11092
1750056503.1064541	206	8803	11110
1750056508.1293478	206	8816	11125
1750056513.1537304	207	8824	11140
1750056518.170094	207	8830	11152
1750056523.186289	207	8836	11164
1750056528.201585	207	8843	11174
1750056533.2202091	207	8851	11190
1750056538.246823	207	8861	11204
1750056543.263572	207	8866	11222
1750056548.2813158	207	8879	11234
1750056553.2962549	207	8890	11238
1750056558.3103175	207	8902	11249
1750056563.3364015	208	8917	11268
1750056568.3510828	208	8924	11282
1750056573.366108	208	8929	11288
1750056578.3826308	210	8947	11303
1750056583.4010885	210	8957	11315
1750056588.4178553	210	8965	11322
1750056593.4343364	210	8975	11334
1750056598.4513395	210	8987	11348
1750056603.465576	210	8996	11360
1750056608.4817388	211	9006	11371
1750056613.4994056	211	9012	11383
1750056618.514949	211	9019	11404
1750056623.5306025	211	9032	11418
1750056628.5443485	211	9050	11427
1750056633.5600052	211	9066	11435
1750056638.5754104	212	9074	11448
1750056643.596788	212	9082	11456
1750056648.6237454	213	9089	11470
1750056653.638394	214	9101	11475
1750056658.6531289	214	9108	11489
1750056663.6699815	214	9118	11501
1750056668.693667	214	9130	11511
1750056673.7199447	214	9141	11521
1750056678.7355175	215	9154	11542
1750056683.75048	215	9168	11562
1750056688.7676296	215	9178	11580
1750056693.7881036	215	9186	11596
1750056698.8121939	215	9194	11610
1750056703.8313553	215	9202	11622
1750056708.8478587	215	9214	11629
1750056713.862266	216	9223	11644
1750056718.8838968	216	9233	11652
1750056723.905605	216	9243	11667
1750056728.9243846	216	9251	11679
1750056733.9406118	216	9258	11694
1750056738.9558547	217	9266	11713
1750056743.9717078	218	9277	11721
1750056748.9887674	219	9294	11731
1750056754.004391	219	9308	11741
1750056759.0210001	219	9320	11750
1750056764.0382147	220	9331	11760
1750056769.0543413	221	9344	11774
1750056774.070398	221	9351	11790
1750056779.086748	221	9359	11809
1750056784.1063356	222	9367	11820
1750056789.1231725	223	9373	11833
1750056794.142096	223	9383	11840
1750056799.15802	223	9394	11850
1750056804.174512	224	9401	11862
1750056809.1917758	224	9411	11879
1750056814.2085872	224	9421	11890
1750056819.2249322	224	9428	11902
1750056824.2426677	224	9435	11917
1750056829.2617395	225	9449	11943
1750056834.278117	225	9468	11959
1750056839.294841	226	9475	11977
1750056844.3147433	226	9482	11993
1750056849.3353643	226	9493	12007
1750056854.3592486	226	9505	12023
1750056859.3734355	226	9512	12041
1750056864.3869193	226	9520	12062
1750056869.4014747	226	9528	12073
1750056874.4154491	226	9533	12084
1750056879.4296975	227	9548	12092
1750056884.4477086	228	9559	12106
1750056889.4640348	228	9570	12117
1750056894.486608	228	9577	12132
1750056899.501285	228	9584	12145
1750056904.5181737	228	9590	12157
1750056909.5339434	228	9596	12169
1750056914.5488195	228	9602	12186
1750056919.5639825	228	9611	12203
1750056924.5814877	228	9620	12214
1750056929.605565	229	9631	12224
1750056934.6224394	229	9637	12232
1750056939.6392815	229	9645	12243
1750056944.6562705	229	9657	12257
1750056949.6703115	229	9671	12272
1750056954.6968873	229	9682	12285
1750056959.7139406	229	9688	12300
1750056964.7286232	229	9697	12316
1750056969.745528	229	9705	12329
1750056974.7629669	229	9713	12339
1750056979.7907078	229	9727	12356
1750056984.808011	229	9734	12370
1750056989.82251	229	9741	12387
1750056994.8387866	229	9754	12400
1750056999.8592527	229	9765	12425
1750057004.8750503	230	9776	12431
1750057009.892612	230	9789	12446
1750057014.9089055	230	9802	12459
1750057019.9254627	231	9813	12474
1750057024.9410515	231	9825	12490
1750057029.957528	231	9836	12500
1750057034.973831	231	9852	12509
1750057039.9945884	231	9860	12519
1750057045.011171	231	9869	12525
1750057050.0276415	231	9885	12538
1750057055.0441244	231	9894	12558
1750057060.063625	231	9909	12574
1750057065.0885313	231	9918	12584
1750057070.1063437	231	9933	12589
1750057075.1225803	231	9942	12599
1750057080.1377633	231	9958	12609
1750057085.1581516	231	9969	12624
1750057090.1827815	232	9976	12643
1750057095.201886	232	9985	12649
1750057100.2168782	232	9995	12661
1750057105.2312398	232	10004	12672
1750057110.2558208	232	10015	12684
1750057115.2797716	232	10022	12699
1750057120.299308	232	10031	12711
1750057125.3166308	232	10036	12724
1750057130.3331637	233	10044	12737
1750057135.351269	233	10055	12746
1750057140.3776333	233	10071	12758
1750057145.398123	233	10079	12772
1750057150.4144847	233	10089	12785
1750057155.4311275	233	10100	12797
1750057160.446753	233	10113	12811
1750057165.4731736	233	10121	12823
1750057170.4928749	234	10130	12841
1750057175.5082152	234	10140	12855
1750057180.5251153	234	10146	12870
1750057185.5423818	234	10160	12880
1750057190.5637941	234	10169	12895
1750057195.5875173	235	10180	12907
1750057200.604782	235	10196	12920
1750057205.6225097	236	10203	12929
1750057210.6384609	237	10213	12946
1750057215.660177	237	10226	12961
1750057220.6820633	237	10232	12973
1750057225.6965878	237	10241	12985
1750057230.7137856	237	10252	12995
1750057235.7313435	237	10266	13009
1750057240.7490203	237	10275	13027
1750057245.7731702	238	10286	13037
1750057250.787484	238	10297	13047
1750057255.8040607	239	10306	13058
1750057260.8210628	239	10318	13067
1750057265.8406754	239	10325	13079
1750057270.8665934	240	10337	13092
1750057275.8836634	240	10347	13108
1750057280.9005263	240	10362	13123
1750057285.9177997	241	10373	13140
1750057290.9346054	241	10379	13150
1750057295.9566724	242	10393	13162
1750057300.9725766	242	10404	13173
1750057305.9890897	242	10412	13191
1750057311.0063798	242	10423	13209
1750057316.0223432	242	10439	13219
1750057321.0479054	242	10454	13231
1750057326.0658276	242	10462	13239
1750057331.081738	243	10468	13255
1750057336.0979047	243	10479	13263
1750057341.114694	243	10488	13270
1750057346.1377394	244	10495	13286
1750057351.1529412	244	10507	13297
1750057356.1688185	244	10518	13309
1750057361.1839943	245	10533	13326
1750057366.2027931	246	10541	13345
1750057371.2290623	246	10555	13353
1750057376.2438047	246	10563	13376
1750057381.259433	246	10569	13391
1750057386.2742705	246	10581	13399
1750057391.2904675	246	10588	13407
1750057396.3057945	247	10597	13420
1750057401.3206747	248	10608	13434
1750057406.3352835	248	10613	13445
1750057411.3519826	248	10620	13455
1750057416.377712	248	10628	13467
1750057421.3924005	248	10638	13477
1750057426.4094605	248	10650	13485
1750057431.4256976	250	10665	13499
1750057436.4430015	251	10672	13505
1750057441.468906	252	10681	13523
1750057446.484051	253	10693	13534
1750057451.4984567	253	10702	13544
1750057456.5144217	254	10714	13560
1750057461.5311017	254	10723	13573
1750057466.5483594	254	10729	13586
1750057471.5664227	254	10742	13599
1750057476.5826411	254	10749	13605
1750057481.5994053	254	10756	13612
1750057486.6168935	254	10770	13622
1750057491.634478	255	10776	13634
1750057496.6522384	255	10793	13647
1750057501.6693742	255	10803	13656
1750057506.6901648	255	10813	13670
1750057511.7121072	255	10821	13676
1750057516.7288978	255	10833	13687
1750057521.7461717	256	10842	13698
1750057526.7629416	257	10853	13720
1750057531.7834523	257	10865	13732
1750057536.804913	257	10875	13743
1750057541.8202155	257	10886	13759
1750057546.8344114	257	10893	13775
1750057551.850471	258	10904	13788
1750057556.8731594	258	10912	13801
1750057561.8947563	258	10930	13815
1750057566.9095817	259	10940	13833
1750057571.9263406	259	10952	13850
1750057576.9418209	259	10962	13859
1750057581.9650385	259	10979	13875
1750057586.9895005	259	10986	13888
1750057592.003957	260	10999	13902
1750057597.01869	260	11004	13917
1750057602.0337589	260	11013	13933
1750057607.0489361	260	11021	13944
1750057612.0638986	261	11042	13958
1750057617.0804818	261	11052	13977
1750057622.1060648	262	11060	13995
1750057627.1206534	262	11069	14007
1750057632.137547	262	11081	14021
1750057637.1540475	262	11089	14041
1750057642.1746104	262	11099	14053
1750057647.1896172	262	11109	14068
1750057652.2138937	262	11117	14079
1750057657.2298934	262	11125	14093
1750057662.2448957	262	11143	14105
1750057667.2696338	262	11154	14116
1750057672.284929	262	11164	14122
1750057677.3109102	263	11184	14131
1750057682.3284903	263	11191	14144
1750057687.3456678	263	11198	14160
1750057692.3674955	263	11206	14171
1750057697.3929791	263	11214	14179
1750057702.4083333	263	11224	14191
1750057707.4247804	263	11231	14206
1750057712.440739	263	11241	14220
1750057717.4601285	263	11248	14229
1750057722.4844964	263	11254	14242
1750057727.500646	263	11263	14251
1750057732.5177302	263	11273	14265
1750057737.5337534	263	11277	14277
1750057742.553593	263	11286	14286
1750057747.5793018	263	11296	14299
1750057752.5970478	263	11307	14305
1750057757.614196	263	11315	14316
1750057762.6295545	264	11330	14327
1750057767.6523736	264	11337	14341
1750057772.6764834	265	11350	14352
1750057777.697608	265	11362	14362
1750057782.713824	265	11378	14373
1750057787.7311273	265	11389	14391
1750057792.7528303	266	11396	14403
1750057797.776113	266	11402	14410
1750057802.7947044	266	11414	14422
1750057807.809199	266	11421	14436
1750057812.8258991	266	11432	14452
1750057817.8425672	266	11439	14464
1750057822.8575845	266	11449	14479
1750057827.880593	266	11457	14493
1750057832.8961473	266	11467	14507
1750057837.9136379	266	11474	14513
1750057842.9314291	266	11483	14522
1750057847.9482398	266	11491	14535
1750057852.966367	266	11502	14552
1750057857.9838483	266	11510	14562
1750057863.0082927	266	11520	14579
1750057868.0232735	266	11532	14597
1750057873.039978	266	11544	14603
1750057878.0581744	266	11556	14619
1750057883.0762312	266	11564	14628
1750057888.1015265	268	11581	14641
1750057893.1169653	268	11586	14653
1750057898.1318755	268	11597	14671
1750057903.1489382	268	11604	14686
1750057908.165982	269	11611	14702
1750057913.1828861	269	11620	14716
1750057918.201856	269	11630	14731
1750057923.2189157	269	11646	14742
1750057928.2356339	269	11660	14759
1750057933.260596	269	11666	14772
1750057938.2774837	270	11673	14783
1750057943.2978292	270	11683	14792
1750057948.313221	270	11689	14805
1750057953.329425	270	11703	14815
1750057958.3565223	270	11717	14822
1750057963.3735886	270	11728	14829
1750057968.394554	271	11735	14841
1750057973.4125748	271	11738	14855
1750057978.429027	271	11744	14871
1750057983.4528902	273	11755	14884
1750057988.4705613	273	11764	14897
1750057993.493618	273	11771	14909
1750057998.5105958	273	11786	14921
1750058003.527058	273	11798	14931
1750058008.5542567	273	11807	14945
1750058013.5714624	273	11814	14955
1750058018.5967379	273	11825	14969
1750058023.6144083	273	11842	14976
1750058028.629322	273	11852	14992
1750058033.6436992	274	11865	15008
1750058038.6597838	275	11875	15021
1750058043.6766126	275	11885	15036
1750058048.6954978	276	11894	15058
1750058053.7115607	276	11906	15069
1750058058.7266128	276	11916	15083
1750058063.743807	276	11925	15097
1750058068.7596693	276	11940	15106
1750058073.7770236	277	11949	15124
1750058078.7944155	277	11955	15136
1750058083.8144205	277	11966	15148
1750058088.828895	277	11986	15163
1750058093.8459518	277	11994	15173
1750058098.861955	277	12001	15183
1750058103.8879168	277	12015	15193
1750058108.9042158	277	12027	15205
1750058113.9196553	277	12035	15214
1750058118.9371295	277	12050	15228
1750058123.957722	277	12060	15239
1750058128.9743567	277	12071	15253
1750058133.9914842	278	12080	15272
1750058139.0089705	278	12085	15291
1750058144.0259123	278	12096	15295
1750058149.0425584	278	12103	15304
1750058154.0593812	278	12110	15318
1750058159.0771918	278	12115	15334
1750058164.1013224	279	12127	15346
1750058169.1230624	279	12138	15358
1750058174.1392128	279	12150	15368
1750058179.156405	280	12166	15379
1750058184.1753147	280	12172	15391
1750058189.1979067	280	12184	15406
1750058194.2185514	282	12200	15425
1750058199.2333527	282	12212	15435
1750058204.2504258	283	12225	15448
1750058209.2669647	283	12233	15462
1750058214.2916853	283	12238	15479
1750058219.3128245	284	12252	15494
1750058224.328298	285	12265	15508
1750058229.3444223	286	12281	15528
1750058234.3611748	286	12288	15539
1750058239.3858223	286	12299	15553
1750058244.407301	286	12307	15567
1750058249.4246945	286	12311	15585
1750058254.4409866	286	12321	15593
1750058259.4578943	286	12332	15605
1750058264.481362	286	12346	15620
1750058269.5051944	286	12351	15634
1750058274.5209098	286	12356	15647
1750058279.537896	286	12363	15660
1750058284.5549235	286	12373	15673
1750058289.578724	286	12383	15681
1750058294.6024451	286	12398	15691
1750058299.6195173	286	12413	15704
1750058304.6348388	287	12422	15719
1750058309.6497364	287	12434	15733
1750058314.6765044	287	12449	15743
1750058319.7008662	289	12457	15750
1750058324.7156956	289	12468	15762
1750058329.729973	289	12474	15784
1750058334.7465374	289	12486	15795
1750058339.7714481	289	12493	15809
1750058344.7975726	290	12501	15826
1750058349.8159158	290	12516	15835
1750058354.8340561	290	12530	15846
1750058359.8496978	291	12547	15857
1750058364.8708446	291	12555	15869
1750058369.8968625	292	12570	15882
1750058374.914126	294	12583	15899
1750058379.9313247	294	12593	15914
1750058384.9469273	294	12602	15926
1750058389.9711242	294	12608	15936
1750058394.9869738	294	12619	15948
1750058400.0029502	294	12624	15968
1750058405.020507	294	12630	15978
1750058410.0361147	296	12641	15986
1750058415.0516741	297	12653	16003
1750058420.068721	297	12659	16026
1750058425.0848756	298	12671	16037
1750058430.112486	299	12683	16053
1750058435.1279342	299	12689	16060
1750058440.1434348	299	12703	16067
1750058445.1600041	299	12714	16082
1750058450.1800048	299	12723	16096
1750058455.207105	301	12733	16108
1750058460.224255	301	12742	16122
1750058465.2410395	301	12753	16134
1750058470.2585707	301	12762	16152
1750058475.277535	301	12773	16167
1750058480.3034353	301	12788	16178
1750058485.3212447	301	12800	16188
1750058490.3372445	302	12810	16201
1750058495.3538065	302	12818	16211
1750058500.3716142	302	12837	16229
1750058505.3931413	302	12846	16242
1750058510.4107034	302	12851	16253
1750058515.4275467	302	12860	16264
1750058520.4429967	302	12870	16276
1750058525.4594986	302	12879	16282
1750058530.482572	302	12891	16298
1750058535.5010924	302	12901	16312
1750058540.5173032	302	12911	16330
1750058545.532287	302	12917	16340
1750058550.5495875	302	12921	16350
1750058555.5716884	302	12932	16359
1750058560.5919042	302	12945	16373
1750058565.6093335	302	12956	16386
1750058570.6248434	302	12970	16400
1750058575.6401489	303	12979	16414
1750058580.6598566	304	12990	16424
1750058585.6812265	304	13003	16437
1750058590.6987147	304	13013	16451
1750058595.7159054	304	13020	16470
1750058600.7323096	304	13029	16481
1750058605.7486002	304	13037	16497
1750058610.7711337	304	13046	16510
1750058615.7875855	304	13061	16520
1750058620.8047993	305	13072	16532
1750058625.8211849	305	13081	16539
1750058630.8375025	305	13090	16549
1750058635.8586757	305	13098	16566
1750058640.8767142	305	13109	16577
1750058645.8938704	307	13123	16594
1750058650.9086506	307	13137	16604
1750058655.9276571	307	13147	16623
1750058660.9518495	308	13161	16634
1750058665.9665327	309	13174	16649
1750058670.9819577	309	13185	16654
1750058675.998449	309	13195	16668
1750058681.0177646	309	13202	16694
1750058686.0418005	309	13213	16705
1750058691.0597265	309	13223	16721
1750058696.0770648	309	13234	16730
1750058701.0946038	309	13245	16745
1750058706.11256	309	13255	16767
1750058711.1347435	309	13271	16775
1750058716.1505973	309	13278	16790
1750058721.166896	309	13285	16807
1750058726.1836581	309	13294	16814
1750058731.2004118	309	13303	16826
1750058736.2237408	309	13317	16843
1750058741.2388613	309	13328	16852
1750058746.2548246	309	13338	16871
1750058751.2718852	309	13345	16883
1750058756.2886684	310	13353	16898
1750058761.3158371	310	13364	16912
1750058766.331498	310	13379	16931
1750058771.3488488	310	13391	16945
1750058776.3659816	311	13405	16956
1750058781.383017	311	13413	16966
1750058786.4088037	312	13434	16981
1750058791.4252892	313	13445	16997
1750058796.4418776	313	13457	17005
1750058801.459192	313	13464	17025
1750058806.475933	313	13471	17034
1750058811.5013225	313	13481	17051
1750058816.5188477	313	13489	17064
1750058821.5346494	313	13497	17075
1750058826.5514774	313	13512	17090
1750058831.5688696	313	13522	17100
1750058836.595484	315	13533	17110
1750058841.6123762	315	13543	17128
1750058846.6277554	315	13554	17144
1750058851.6451576	315	13562	17151
1750058856.6626134	315	13571	17164
1750058861.6795552	315	13579	17177
1750058866.6960595	315	13590	17187
1750058871.7116778	316	13604	17199
1750058876.7276537	316	13610	17218
1750058881.74566	316	13619	17234
1750058886.7631135	316	13627	17251
1750058891.790828	316	13631	17254
1750058896.8076453	317	13646	17265
1750058901.8225453	317	13655	17279
1750058906.838195	317	13669	17290
1750058911.8545587	317	13679	17302
1750058916.8723629	317	13687	17313
1750058921.8896596	318	13696	17331
1750058926.9111476	319	13708	17342
1750058931.9277112	319	13717	17352
1750058936.9457228	319	13734	17363
1750058941.962057	319	13742	17392
1750058946.9870486	319	13746	17405
1750058952.0091224	319	13753	17416
1750058957.0265143	319	13761	17424
1750058962.0449004	319	13777	17438
1750058967.0628061	320	13785	17448
1750058972.0800104	320	13793	17459
1750058977.1008716	321	13806	17467
1750058982.1187305	322	13812	17479
1750058987.1360204	322	13818	17491
1750058992.153311	322	13827	17503
1750058997.1704383	323	13833	17511
1750059002.1944454	323	13841	17525
1750059007.2110388	323	13845	17544
1750059012.2285175	323	13860	17560
1750059017.245757	324	13869	17576
1750059022.2662342	324	13885	17591
1750059027.2909248	324	13899	17610
1750059032.3074245	324	13903	17623
1750059037.322548	324	13914	17635
1750059042.3395863	326	13926	17646
1750059047.3574612	326	13932	17662
1750059052.3840692	326	13942	17673
1750059057.4001877	326	13953	17684
1750059062.4149463	326	13961	17696
1750059067.4298284	326	13971	17704
1750059072.4495687	326	13979	17716
1750059077.475243	326	13986	17728
1750059082.4907174	327	13996	17738
1750059087.5067105	327	14009	17751
1750059092.5246365	327	14016	17766
1750059097.5415761	328	14025	17780
1750059102.556928	328	14030	17790
1750059107.5722861	328	14043	17802
1750059112.5891495	328	14050	17815
1750059117.6052308	330	14064	17830
1750059122.6242383	330	14076	17844
1750059127.6390378	330	14085	17856
1750059132.6553984	330	14092	17872
1750059137.6768334	330	14099	17886
1750059142.6920958	330	14115	17899
1750059147.7085109	330	14127	17916
1750059152.7235284	330	14136	17928
1750059157.7427764	331	14147	17936
1750059162.7691514	332	14155	17946
1750059167.786169	332	14164	17957
1750059172.802162	333	14170	17966
1750059177.8189197	333	14178	17976
1750059182.836715	333	14187	17996
1750059187.859715	333	14194	18006
1750059192.8777015	333	14204	18025
1750059197.8923025	333	14208	18046
1750059202.9072046	333	14216	18056
1750059207.9298675	334	14226	18074
1750059212.9509065	335	14234	18097
1750059217.969974	336	14251	18107
1750059222.9875946	336	14267	18123
1750059228.0031483	336	14280	18138
1750059233.0187182	337	14290	18151
1750059238.0339022	338	14306	18168
1750059243.048998	338	14315	18178
1750059248.0637195	338	14324	18191
1750059253.086827	338	14335	18207
1750059258.1015708	338	14343	18219
1750059263.1187277	338	14354	18229
1750059268.1351411	339	14365	18244
1750059273.1524324	339	14374	18251
1750059278.1703427	340	14380	18274
1750059283.1880548	340	14387	18286
1750059288.2057955	340	14397	18296
1750059293.2217188	340	14409	18309
1750059298.2495391	340	14418	18318
1750059303.2653682	341	14432	18333
1750059308.2841315	342	14441	18343
1750059313.299575	343	14451	18357
1750059318.3157628	344	14462	18373
1750059323.3417199	344	14474	18380
1750059328.3582108	344	14480	18389
1750059333.3792307	344	14490	18404
1750059338.3958285	344	14502	18415
1750059343.4116359	344	14516	18427
1750059348.438369	344	14526	18438
1750059353.4550326	344	14541	18451
1750059358.4750857	345	14551	18472
1750059363.490904	345	14559	18479
1750059368.505999	346	14574	18495
1750059373.533292	346	14584	18515
1750059378.5489588	347	14596	18531
1750059383.5725884	347	14607	18546
1750059388.5884368	347	14622	18557
1750059393.6055079	347	14634	18570
1750059398.6300352	347	14648	18587
1750059403.645158	347	14661	18601
1750059408.6677856	347	14672	18614
1750059413.683467	347	14677	18628
1750059418.699162	347	14688	18639
1750059423.7260678	347	14702	18648
1750059428.742992	347	14710	18664
1750059433.765898	347	14721	18680
1750059438.781838	347	14730	18692
1750059443.799798	347	14738	18707
1750059448.8225024	347	14747	18719
1750059453.8497646	348	14756	18741
1750059458.8669236	349	14768	18748
1750059463.8830018	349	14772	18762
1750059468.8991055	350	14781	18775
1750059473.9190648	350	14787	18792
1750059478.9339235	350	14793	18803
1750059483.9502294	350	14802	18819
1750059488.9674163	350	14811	18831
1750059493.9853742	350	14826	18848
1750059499.0015938	350	14832	18862
1750059504.0186152	350	14843	18870
1750059509.036055	350	14849	18886
1750059514.054592	350	14857	18895
1750059519.069367	350	14866	18912
1750059524.0866282	350	14871	18923
1750059529.1022906	350	14879	18935
1750059534.1195402	351	14891	18956
1750059539.136943	351	14896	18976
1750059544.1523316	351	14907	18992
1750059549.1700683	351	14917	18999
1750059554.1930313	351	14928	19008
1750059559.213719	351	14940	19021
1750059564.2315795	351	14950	19034
1750059569.248875	351	14961	19048
1750059574.2699819	352	14971	19059
1750059579.291179	352	14981	19070
1750059584.3124151	352	14991	19082
1750059589.331489	352	15002	19096
1750059594.348075	352	15010	19113
1750059599.3652718	352	15029	19135
1750059604.380476	352	15038	19143
1750059609.3951547	352	15047	19155
1750059614.4095352	352	15055	19168
1750059619.423822	352	15061	19175
1750059624.4414513	352	15071	19185
1750059629.457217	352	15081	19202
1750059634.4724035	352	15089	19216
1750059639.487217	352	15102	19230
1750059644.5021648	352	15111	19243
1750059649.5172853	353	15127	19251
1750059654.5421405	353	15140	19263
1750059659.5657792	354	15146	19279
1750059664.5807493	354	15160	19295
1750059669.596572	354	15171	19302
1750059674.6121666	354	15181	19312
1750059679.6285145	354	15192	19326
1750059684.6439617	354	15206	19336
1750059689.6598253	355	15216	19361
1750059694.6820433	355	15225	19376
1750059699.699127	355	15233	19385
1750059704.7154665	355	15246	19394
1750059709.7332478	356	15253	19407
1750059714.7486007	356	15261	19412
1750059719.764571	356	15268	19421
1750059724.785021	356	15279	19442
1750059729.8003442	356	15285	19458
1750059734.8173046	356	15300	19469
1750059739.8337936	356	15314	19486
1750059744.8489895	356	15330	19497
1750059749.8655596	356	15342	19506
1750059754.8866928	356	15355	19525
1750059759.9119282	356	15363	19536
1750059764.9278288	356	15371	19546
1750059769.943159	356	15377	19562
1750059774.9605484	356	15395	19575
1750059779.9836693	357	15405	19585
1750059785.008255	357	15416	19599
1750059790.0228302	357	15434	19609
1750059795.039839	357	15446	19623
1750059800.0575824	358	15453	19637
1750059805.0790787	358	15463	19649
1750059810.106301	358	15475	19660
1750059815.1214504	358	15488	19675
1750059820.1375957	358	15500	19684
1750059825.1551077	358	15508	19705
1750059830.1748836	358	15516	19721
1750059835.1909704	358	15524	19734
1750059840.205802	358	15539	19751
1750059845.2204888	358	15554	19760
1750059850.2355912	358	15564	19776
1750059855.2517648	358	15579	19786
1750059860.2670808	358	15584	19799
1750059865.290653	358	15593	19820
1750059870.3054888	358	15602	19835
1750059875.320122	358	15614	19847
1750059880.3347957	358	15619	19860
1750059885.3576398	358	15630	19869
1750059890.3731666	358	15638	19879
1750059895.3881536	358	15650	19889
1750059900.4049392	358	15654	19905
1750059905.4270384	358	15664	19922
1750059910.4413226	359	15678	19933
1750059915.4565656	359	15688	19943
1750059920.4716136	359	15699	19951
1750059925.4880059	359	15709	19961
1750059930.5036423	359	15724	19972
1750059935.5202012	359	15734	19985
1750059940.5425541	359	15745	20006
1750059945.557149	360	15758	20015
1750059950.5743217	361	15766	20025
1750059955.5897403	361	15779	20037
1750059960.6091135	361	15788	20048
1750059965.6249561	361	15800	20062
1750059970.6404335	361	15816	20074
1750059975.656172	362	15820	20080
1750059980.6753519	364	15828	20096
1750059985.6910691	364	15842	20104
