1749521418.3333492	0	16	11
1749521423.3451295	0	34	24
1749521428.3604438	0	47	37
1749521433.3796408	0	65	48
1749521438.3923237	0	81	60
1749521443.4127808	0	94	71
1749521448.4253747	0	109	86
1749521453.4366307	0	123	98
1749521458.4495656	0	140	108
1749521463.460718	0	156	119
1749521468.4730582	0	175	132
1749521473.4862533	0	192	141
1749521478.4995215	0	209	148
1749521483.512705	0	221	158
1749521488.5253398	0	236	166
1749521493.5370338	0	250	177
1749521498.5518465	0	263	186
1749521503.5642498	0	280	206
1749521508.5754576	0	298	213
1749521513.5886142	0	319	226
1749521518.6003685	0	332	235
1749521523.6121147	0	344	245
1749521528.6277697	0	355	255
1749521533.639414	0	366	264
1749521538.655932	0	375	278
1749521543.669006	0	391	290
1749521548.682012	0	402	305
1749521553.6954372	0	418	315
1749521558.707322	0	434	320
1749521563.7239475	0	446	326
1749521568.7366972	0	466	336
1749521573.7486193	0	475	347
1749521578.7628152	0	481	355
1749521583.7769997	0	494	361
1749521588.7906775	0	517	376
1749521593.806855	0	528	389
1749521598.819835	0	539	398
1749521603.8366473	0	560	407
1749521608.8479557	0	577	425
1749521613.8650868	0	593	436
1749521618.879339	0	606	443
1749521623.9052663	0	617	456
1749521628.9156647	0	631	468
1749521633.9271338	0	648	477
1749521638.9378674	0	662	487
1749521643.9480903	0	669	495
1749521648.9656885	0	688	505
1749521654.1272721	0	699	514
1749521659.1407127	0	712	523
1749521664.15419	0	729	534
1749521669.1682491	0	738	546
1749521674.1804125	0	751	559
1749521679.1926537	0	773	570
1749521684.204906	0	792	580
1749521689.218711	0	808	597
1749521694.2310712	0	822	606
1749521699.244863	0	846	621
1749521704.259616	0	864	638
1749521709.2771347	1	878	652
1749521714.2906754	1	894	660
1749521719.3042285	1	903	674
1749521724.3183155	1	921	682
1749521729.3379304	1	944	689
1749521734.3519459	1	962	694
1749521739.365831	1	976	702
1749521744.3794646	1	995	716
1749521749.3942692	1	1008	725
1749521754.4067533	1	1019	736
1749521759.4203389	1	1031	749
1749521764.4347475	1	1050	760
1749521769.4506435	1	1064	780
1749521774.4666536	1	1075	791
1749521779.481456	1	1092	798
1749521784.4998388	1	1108	805
1749521789.5146232	1	1124	814
1749521794.5285876	1	1142	819
1749521799.543521	1	1159	832
1749521804.5581403	1	1168	838
1749521809.5722857	1	1181	853
1749521814.5840487	1	1199	866
1749521819.605938	1	1214	876
1749521824.6213822	1	1230	889
1749521829.635649	1	1250	901
1749521834.650496	1	1271	908
1749521839.6649668	1	1285	919
1749521844.679833	1	1300	932
1749521849.694937	2	1313	945
1749521854.7100062	2	1322	959
1749521859.7246864	2	1341	967
1749521864.7440047	2	1349	978
1749521869.759069	2	1365	984
1749521874.773893	2	1386	991
1749521879.787933	2	1401	1004
1749521884.8021019	2	1413	1013
1749521889.816501	2	1429	1022
1749521894.830069	2	1451	1026
1749521899.8436608	2	1469	1035
1749521904.8563366	2	1478	1047
1749521909.8780172	2	1494	1059
1749521914.8924196	2	1511	1067
1749521919.9060845	2	1531	1076
1749521924.9193635	2	1540	1089
1749521929.9334288	2	1551	1098
1749521934.9470842	2	1567	1106
1749521939.9610674	2	1578	1117
1749521944.975381	2	1593	1124
1749521949.9891315	2	1605	1133
1749521955.0031164	2	1621	1147
1749521960.015742	2	1645	1155
1749521965.0274498	2	1663	1171
1749521970.0400999	2	1679	1184
1749521975.051536	2	1699	1197
1749521980.0621517	2	1709	1204
1749521985.0760937	2	1723	1222
1749521990.0893016	2	1742	1235
1749521995.1029725	2	1748	1248
1749522000.117085	2	1759	1253
1749522005.1355	2	1772	1270
1749522010.148802	2	1777	1283
1749522015.1622744	2	1797	1293
1749522020.1757221	2	1811	1300
1749522025.1892908	3	1833	1315
1749522030.202784	3	1849	1328
1749522035.2164392	3	1859	1340
1749522040.2301965	3	1883	1344
1749522045.243252	3	1911	1354
1749522050.2571015	3	1915	1365
1749522055.2706647	3	1929	1374
1749522060.2845433	3	1940	1381
1749522065.2984257	3	1953	1395
1749522070.3164072	3	1963	1404
1749522075.3304193	3	1980	1414
1749522080.3447173	3	1990	1426
1749522085.3595328	3	2009	1436
1749522090.3735285	3	2028	1449
1749522095.3879058	3	2050	1465
1749522100.402571	3	2066	1481
1749522105.4163296	3	2085	1491
1749522110.4300666	3	2096	1500
1749522115.4437816	3	2114	1506
1749522120.4571047	3	2126	1518
1749522125.470754	3	2143	1532
1749522130.4842725	3	2154	1542
1749522135.5046196	3	2174	1548
1749522140.5183372	3	2191	1556
1749522145.532087	3	2205	1572
1749522150.5454462	3	2229	1582
1749522155.5585127	3	2247	1588
1749522160.5720644	3	2262	1603
1749522165.5861096	3	2268	1612
1749522170.5998964	3	2283	1620
1749522175.6128983	3	2296	1632
1749522180.6265283	3	2320	1645
1749522185.6401613	3	2335	1658
1749522190.6623733	3	2354	1664
1749522195.6781795	3	2368	1682
1749522200.6917536	3	2384	1694
1749522205.7024763	3	2399	1708
1749522210.715183	3	2412	1728
1749522215.7293067	3	2424	1744
1749522220.7432437	3	2441	1754
1749522225.7604723	3	2456	1763
1749522230.7730346	3	2463	1777
1749522235.7946093	3	2489	1785
1749522240.8083277	3	2507	1796
1749522245.8221862	3	2526	1807
1749522250.8363388	3	2534	1827
1749522255.8502283	3	2547	1841
1749522260.8646052	3	2565	1850
1749522265.8790014	3	2585	1865
1749522270.8931594	3	2607	1873
1749522275.906544	3	2627	1883
1749522280.9267771	3	2642	1889
1749522285.9410675	3	2652	1903
1749522290.954923	3	2665	1913
1749522295.968993	3	2679	1928
1749522300.9831321	3	2688	1935
1749522305.9974098	3	2705	1944
1749522311.0110633	3	2718	1954
1749522316.0245264	3	2729	1963
1749522321.0349984	3	2747	1975
1749522326.0478592	3	2761	1990
1749522331.061431	3	2780	2000
1749522336.0749438	3	2792	2011
1749522341.0870345	3	2813	2018
1749522346.100552	3	2824	2027
1749522351.1140685	3	2850	2039
1749522356.1282117	3	2863	2052
1749522361.1416326	3	2875	2065
1749522366.1546962	3	2886	2078
1749522371.1692076	3	2906	2088
1749522376.1833029	3	2921	2094
1749522381.1977305	3	2940	2104
1749522386.2137978	3	2958	2110
1749522391.227711	3	2969	2120
1749522396.2421515	3	2984	2129
1749522401.2560444	3	3006	2141
1749522406.268834	3	3025	2148
1749522411.282622	3	3041	2158
1749522416.2952695	3	3060	2169
1749522421.3111548	3	3077	2178
1749522426.3247943	3	3098	2183
1749522431.3389907	3	3114	2194
1749522436.3535495	3	3134	2202
1749522441.375364	3	3152	2218
1749522446.389334	3	3162	2235
1749522451.4038715	3	3176	2248
1749522456.4170024	3	3188	2257
1749522461.4307556	3	3196	2270
1749522466.4445207	3	3209	2287
1749522471.4581988	3	3233	2300
1749522476.4691553	3	3251	2310
1749522481.4829137	3	3259	2321
1749522486.4966304	3	3267	2329
1749522491.5104167	3	3280	2337
1749522496.5247827	3	3295	2350
1749522501.5390155	3	3313	2359
1749522506.5579033	3	3327	2366
1749522511.5725338	3	3339	2371
1749522516.5870996	3	3351	2381
1749522521.5995002	3	3361	2392
1749522526.6135943	3	3373	2401
1749522531.6272163	3	3388	2412
1749522536.6407516	3	3399	2422
1749522541.654848	3	3420	2433
1749522546.6685667	3	3432	2445
1749522551.6826193	3	3442	2458
1749522556.6975434	3	3458	2467
1749522561.7116675	3	3471	2481
1749522566.72535	3	3482	2497
1749522571.7472513	3	3499	2510
1749522576.7604387	3	3507	2520
1749522581.774204	3	3522	2540
1749522586.785261	3	3534	2544
1749522591.7992897	3	3545	2552
1749522596.812361	3	3561	2564
1749522601.8261988	3	3577	2578
1749522606.8401663	3	3591	2589
1749522611.8523283	3	3603	2597
1749522616.865579	3	3616	2606
1749522621.8804262	3	3633	2610
1749522626.8941433	3	3652	2622
1749522631.9081523	3	3669	2633
1749522636.9290764	3	3688	2642
1749522641.9425828	3	3704	2655
1749522646.9570973	3	3715	2666
1749522651.971006	3	3726	2679
1749522656.9844432	3	3736	2683
1749522662.0068257	3	3753	2692
1749522667.0208673	3	3761	2706
1749522672.0347574	3	3770	2720
1749522677.0478172	3	3786	2738
1749522682.0613878	3	3799	2749
1749522687.0753033	3	3813	2765
1749522692.088125	3	3827	2775
1749522697.1027765	3	3847	2786
1749522702.116089	3	3859	2795
1749522707.1301367	3	3876	2809
1749522712.1438346	3	3890	2824
1749522717.1642206	3	3905	2843
1749522722.178025	3	3917	2860
1749522727.1917255	3	3935	2872
1749522732.2058117	3	3951	2883
1749522737.2195315	3	3969	2894
1749522742.2426448	3	3977	2905
1749522747.256914	3	3986	2921
1749522752.2712917	3	4002	2933
1749522757.2848809	3	4017	2944
1749522762.2981946	3	4027	2950
1749522767.3119338	3	4035	2968
1749522772.325445	3	4053	2980
1749522777.3388622	3	4068	2987
1749522782.3519893	3	4080	2999
1749522787.365986	3	4092	3014
1749522792.3791866	3	4108	3025
1749522797.3979397	3	4128	3039
1749522802.411152	3	4142	3054
1749522807.4247806	3	4159	3066
1749522812.4386034	3	4172	3075
1749522817.4523656	3	4188	3085
1749522822.465568	3	4202	3091
1749522827.47957	3	4220	3096
1749522832.5005178	3	4233	3103
1749522837.5142617	3	4249	3117
1749522842.5286512	3	4270	3131
1749522847.5416691	3	4285	3143
1749522852.5553112	3	4298	3159
1749522857.5741212	3	4322	3172
1749522862.587715	4	4329	3184
1749522867.6055562	4	4341	3191
1749522872.6179535	4	4356	3198
1749522877.6328042	4	4368	3205
1749522882.646507	4	4388	3218
1749522887.6597116	4	4410	3232
1749522892.673084	4	4425	3238
1749522897.6867206	4	4448	3249
1749522902.7001638	4	4461	3253
1749522907.713683	4	4479	3264
1749522912.7349322	4	4493	3278
1749522917.749044	4	4508	3283
1749522922.76276	4	4523	3295
1749522927.7767859	4	4534	3307
1749522932.7912767	4	4556	3316
1749522937.8064132	4	4576	3323
1749522942.8196123	4	4595	3339
1749522947.8364494	4	4605	3356
1749522952.8506038	4	4621	3370
1749522957.8632412	4	4638	3381
1749522962.8768833	4	4649	3391
1749522967.890256	4	4664	3401
1749522972.904938	4	4679	3413
1749522977.91967	4	4697	3427
1749522982.9316869	4	4709	3436
1749522987.945136	4	4732	3451
1749522992.9631925	4	4745	3465
1749522997.977301	4	4768	3481
1749523002.9904468	4	4783	3493
1749523008.0036376	4	4800	3504
1749523013.0143702	4	4819	3518
1749523018.0274165	4	4829	3533
1749523023.0409706	4	4841	3546
1749523028.0551598	4	4851	3558
1749523033.0668237	4	4870	3570
1749523038.0799422	4	4886	3578
1749523043.0941813	4	4896	3588
1749523048.107922	4	4907	3605
1749523053.1215453	4	4924	3621
1749523058.1402001	4	4934	3636
1749523063.152012	4	4949	3652
1749523068.1655438	4	4966	3664
1749523073.1796184	4	4986	3674
1749523078.1925411	4	5005	3685
1749523083.2057135	4	5019	3695
1749523088.2193918	4	5038	3707
1749523093.233003	4	5056	3716
1749523098.2468805	4	5071	3730
1749523103.260273	4	5086	3742
1749523108.2736864	4	5102	3751
1749523113.2873704	4	5118	3757
1749523118.3005	4	5131	3771
1749523123.322724	4	5148	3782
1749523128.3361535	4	5163	3790
1749523133.3503554	4	5177	3801
1749523138.3638282	4	5193	3810
1749523143.3782847	4	5202	3814
1749523148.3986163	4	5221	3826
1749523153.4124658	4	5240	3834
1749523158.4322205	4	5257	3851
1749523163.4462874	4	5275	3863
1749523168.4590309	4	5292	3868
1749523173.4697945	4	5299	3883
1749523178.4833488	4	5315	3896
1749523183.4977665	4	5340	3909
1749523188.5123117	4	5358	3925
1749523193.5231214	4	5373	3937
1749523198.5365686	4	5388	3950
1749523203.548792	4	5403	3961
1749523208.5623868	4	5422	3973
1749523213.5757244	4	5440	3979
1749523218.5888088	4	5457	3986
1749523223.6081226	4	5472	3998
1749523228.62213	4	5485	4009
1749523233.6364002	4	5506	4017
1749523238.650692	4	5519	4032
1749523243.663696	4	5536	4044
1749523248.6774218	4	5553	4052
1749523253.6910462	4	5575	4057
1749523258.7044587	4	5594	4069
1749523263.7187867	4	5611	4077
1749523268.73958	4	5622	4087
1749523273.753741	4	5636	4096
1749523278.7681758	4	5654	4108
1749523283.78214	4	5666	4118
1749523288.795918	4	5681	4123
1749523293.809065	4	5695	4134
1749523298.8229702	4	5709	4147
1749523303.8369875	4	5717	4163
1749523308.8502438	4	5739	4181
1749523313.864254	4	5751	4193
1749523318.8779793	4	5770	4207
1749523323.899948	4	5784	4216
1749523328.9160054	4	5799	4221
1749523333.9297404	4	5811	4234
1749523338.9434988	4	5825	4244
1749523343.958176	4	5833	4251
1749523348.971963	4	5847	4259
1749523353.984573	4	5869	4272
1749523359.000549	4	5881	4283
1749523364.014738	4	5896	4290
1749523369.0343542	4	5917	4301
1749523374.0492032	4	5931	4308
1749523379.06334	4	5948	4320
1749523384.077415	4	5965	4329
1749523389.0911758	4	5992	4337
1749523394.105517	4	6008	4354
1749523399.119283	4	6024	4365
1749523404.1322584	4	6039	4378
1749523409.146182	4	6054	4389
1749523414.1658938	4	6073	4399
1749523419.1796794	4	6092	4413
1749523424.1940708	4	6104	4423
1749523429.2085032	4	6128	4435
1749523434.2225626	4	6146	4448
1749523439.2434738	4	6163	4456
1749523444.2570858	4	6179	4463
1749523449.274255	4	6189	4469
1749523454.2876747	4	6197	4484
1749523459.3024805	4	6213	4493
1749523464.3159196	4	6230	4501
1749523469.3296223	5	6247	4515
1749523474.3434708	5	6268	4536
1749523479.3566644	5	6282	4546
1749523484.3696513	5	6301	4557
1749523489.3832183	5	6311	4568
1749523494.4030278	5	6324	4577
1749523499.4170806	5	6341	4591
1749523504.4301717	5	6361	4605
1749523509.444028	5	6380	4610
1749523514.4555233	5	6404	4623
1749523519.4688196	5	6419	4641
1749523524.4823668	5	6434	4655
1749523529.4962633	5	6460	4666
1749523534.510766	5	6470	4673
1749523539.5244765	5	6491	4687
1749523544.537405	5	6504	4697
1749523549.551889	5	6515	4706
1749523554.564711	5	6523	4722
1749523559.5842423	5	6548	4728
1749523564.5972297	5	6568	4737
1749523569.6115382	5	6590	4752
1749523574.625208	5	6604	4763
1749523579.6394	5	6617	4774
1749523584.653432	5	6633	4787
1749523589.6674562	5	6656	4801
1749523594.681611	5	6671	4811
1749523599.695245	5	6690	4827
1749523604.7088203	5	6705	4838
1749523609.7231884	5	6721	4851
1749523614.7446465	5	6734	4859
1749523619.7616408	5	6751	4869
1749523624.7742562	5	6765	4877
1749523629.7882133	5	6773	4889
1749523634.8010845	5	6791	4899
1749523639.8146641	5	6799	4911
1749523644.8285005	5	6816	4925
1749523649.8430843	5	6831	4933
1749523654.8572652	5	6852	4945
1749523659.873738	5	6865	4960
1749523664.887915	5	6874	4970
1749523669.9021852	5	6887	4983
1749523674.9135027	5	6911	4994
1749523679.9272652	5	6924	5007
1749523684.9414015	5	6941	5021
1749523689.9553866	5	6963	5032
1749523694.9697175	5	6985	5040
1749523699.9810107	5	7001	5051
1749523704.9942453	5	7018	5060
1749523710.0081432	5	7035	5072
1749523715.0213182	5	7052	5081
1749523720.035339	5	7074	5092
1749523725.050957	5	7096	5108
1749523730.0653398	5	7112	5116
1749523735.0798223	6	7128	5125
1749523740.0919828	6	7145	5139
1749523745.104911	6	7158	5150
1749523750.119375	6	7173	5164
1749523755.133275	6	7190	5182
1749523760.148005	6	7208	5191
1749523765.162491	6	7221	5210
1749523770.1818385	6	7247	5228
1749523775.1959455	6	7260	5244
1749523780.2100039	6	7276	5253
1749523785.2234879	6	7295	5266
1749523790.2373395	6	7316	5277
1749523795.2503986	6	7331	5291
1749523800.2634134	6	7341	5307
1749523805.2755117	6	7353	5316
1749523810.2865381	6	7362	5331
1749523815.29886	6	7385	5340
1749523820.3116148	6	7394	5345
1749523825.3244703	6	7403	5358
1749523830.3353043	6	7414	5374
1749523835.3455708	6	7427	5385
1749523840.3565388	6	7442	5401
1749523845.3703966	6	7459	5413
1749523850.3818982	6	7475	5427
1749523855.393184	6	7487	5436
1749523860.4060876	6	7503	5450
1749523865.4177377	6	7514	5467
1749523870.4294264	6	7538	5479
1749523875.441273	6	7550	5493
1749523880.4528968	6	7564	5502
1749523885.4633021	6	7576	5510
1749523890.4746442	6	7592	5521
1749523895.486902	6	7611	5529
1749523900.4975963	6	7633	5536
1749523905.5101783	6	7654	5550
1749523910.5232584	6	7670	5558
1749523915.5364125	6	7687	5574
1749523920.5502472	6	7702	5584
1749523925.5656278	6	7716	5593
1749523930.5783942	6	7732	5599
1749523935.597719	6	7747	5608
1749523940.6099608	6	7765	5616
1749523945.6229322	6	7783	5637
1749523950.6361263	6	7800	5648
1749523955.6502461	6	7815	5660
1749523960.6639948	6	7835	5669
1749523965.67794	6	7850	5675
1749523970.691753	6	7868	5692
1749523975.706376	6	7886	5711
1749523980.7231762	6	7915	5724
1749523985.7374103	6	7934	5731
1749523990.7518272	6	7943	5745
1749523995.765869	6	7956	5753
1749524000.7792556	6	7972	5765
1749524005.7974272	6	7990	5782
1749524010.8090045	6	8004	5795
1749524015.829349	6	8024	5805
1749524020.8432589	6	8047	5816
1749524025.857122	6	8062	5822
1749524030.8712995	6	8069	5830
1749524035.8850033	6	8083	5837
1749524040.9002693	6	8096	5847
1749524045.9137213	6	8116	5859
1749524050.9351463	6	8130	5867
1749524055.9538665	6	8147	5880
1749524060.9676213	6	8169	5893
1749524065.98164	6	8183	5907
1749524070.9928186	6	8195	5913
1749524076.0056849	6	8213	5924
1749524081.0162792	6	8226	5932
1749524086.0358539	6	8248	5940
1749524091.0499787	7	8273	5957
1749524096.0669682	7	8287	5964
1749524101.080487	7	8300	5974
1749524106.0938861	7	8316	5989
1749524111.1078615	7	8335	5997
1749524116.121353	7	8347	6008
1749524121.1351056	7	8362	6014
1749524126.148992	7	8377	6021
1749524131.1626992	7	8393	6028
1749524136.1765938	7	8410	6045
1749524141.190276	7	8424	6054
1749524146.2041798	7	8438	6063
1749524151.2186441	7	8461	6073
1749524156.2301848	7	8477	6081
1749524161.2503242	7	8496	6096
1749524166.2641602	7	8508	6113
1749524171.277572	7	8524	6125
1749524176.2906768	7	8537	6142
1749524181.302624	7	8562	6156
1749524186.316648	7	8579	6168
1749524191.3311124	7	8592	6180
1749524196.3426542	7	8608	6194
1749524201.356312	7	8627	6213
1749524206.367016	7	8645	6219
1749524211.3800292	7	8659	6236
1749524216.3984244	7	8666	6245
1749524221.4129598	7	8680	6262
1749524226.4332724	7	8700	6270
1749524231.445428	7	8713	6284
1749524236.4607666	7	8729	6293
1749524241.474159	7	8747	6303
1749524246.48727	7	8760	6313
1749524251.500479	7	8775	6324
1749524256.5117595	7	8795	6333
1749524261.5241392	7	8817	6342
1749524266.5380738	7	8827	6357
1749524271.5517843	7	8844	6370
1749524276.5652642	7	8863	6381
1749524281.5836415	7	8887	6391
1749524286.5971317	7	8900	6399
1749524291.6108356	7	8911	6413
1749524296.6244493	7	8921	6423
1749524301.638865	7	8935	6432
1749524306.651584	7	8956	6443
1749524311.6667843	7	8972	6453
1749524316.6804945	7	8993	6464
1749524321.6943827	7	9008	6474
1749524326.708278	7	9023	6496
1749524331.7215254	7	9036	6504
1749524336.7349977	7	9052	6509
1749524341.7488084	7	9067	6523
1749524346.7656112	7	9078	6535
1749524351.779174	7	9092	6551
1749524356.7929337	7	9103	6557
1749524361.8071535	7	9116	6572
1749524366.8209574	7	9128	6588
1749524371.8354824	7	9148	6598
1749524376.8501527	7	9159	6609
1749524381.8639483	7	9173	6613
1749524386.8778117	7	9189	6619
1749524391.8927286	7	9209	6632
1749524396.9066484	7	9221	6647
1749524401.9206722	7	9238	6666
1749524406.931747	7	9252	6679
1749524411.9478674	7	9260	6692
1749524416.962187	7	9273	6706
1749524421.975942	7	9289	6715
1749524426.9893866	7	9301	6724
1749524432.0029786	7	9316	6737
1749524437.0165877	7	9328	6747
1749524442.0327063	7	9348	6752
1749524447.0465484	7	9367	6764
1749524452.0647228	7	9377	6777
1749524457.0781722	7	9386	6788
1749524462.0948794	7	9401	6799
1749524467.1067183	7	9421	6813
1749524472.1204655	7	9436	6828
1749524477.1345634	7	9460	6838
1749524482.1483042	7	9472	6855
1749524487.1622994	7	9483	6869
1749524492.1763108	7	9498	6879
1749524497.1981587	7	9513	6892
1749524502.2120807	7	9526	6903
1749524507.226	7	9538	6918
1749524512.239132	7	9546	6929
1749524517.2501085	7	9557	6940
1749524522.2637165	7	9574	6953
1749524527.2784314	7	9591	6962
1749524532.2923002	7	9605	6977
1749524537.3059177	7	9610	6986
1749524542.3192883	7	9626	6998
1749524547.3330388	7	9639	7014
1749524552.3468828	7	9654	7025
1749524557.3593814	7	9670	7038
1749524562.3728602	7	9683	7052
1749524567.3837671	7	9701	7065
1749524572.4012616	7	9713	7074
1749524577.4150424	7	9734	7083
1749524582.4277246	7	9746	7093
1749524587.4411712	7	9763	7107
1749524592.4529192	7	9784	7121
1749524597.4664094	7	9802	7127
1749524602.484416	7	9825	7140
1749524607.498501	7	9838	7146
1749524612.5125735	7	9856	7157
1749524617.5259955	7	9867	7170
1749524622.5401623	7	9874	7182
1749524627.5543044	7	9898	7193
1749524632.5685022	7	9918	7213
1749524637.582401	7	9935	7219
1749524642.5954928	7	9955	7227
1749524647.6098177	7	9964	7244
1749524652.6239831	7	9979	7255
1749524657.6380012	7	9986	7263
1749524662.651583	7	9995	7274
1749524667.6681006	7	10006	7280
1749524672.6824877	7	10021	7289
1749524677.6978393	7	10039	7302
1749524682.7129614	7	10058	7313
1749524687.7290764	7	10071	7328
1749524692.7428536	7	10087	7340
1749524697.7569282	7	10106	7349
1749524702.7727091	7	10115	7360
1749524707.7862196	7	10130	7366
1749524712.7988255	7	10147	7384
1749524717.8105845	7	10165	7394
1749524722.8226066	7	10179	7408
1749524727.8346868	7	10192	7418
1749524732.8465643	7	10208	7429
1749524737.859332	7	10224	7443
1749524742.8735332	7	10241	7451
1749524747.8862915	7	10257	7460
1749524752.8985918	7	10275	7467
1749524757.9107919	7	10292	7487
1749524762.9233937	7	10310	7494
1749524767.9354777	7	10322	7502
1749524772.947548	7	10335	7514
1749524777.9658165	7	10347	7524
1749524782.978026	7	10361	7537
1749524787.9907198	7	10379	7545
1749524793.0026238	7	10401	7550
1749524798.0144572	7	10424	7561
1749524803.0263317	7	10446	7572
1749524808.043001	7	10461	7586
1749524813.0554316	8	10479	7598
1749524818.0700405	8	10493	7611
1749524823.0832355	8	10508	7621
1749524828.0962415	8	10522	7629
1749524833.109635	8	10536	7641
1749524838.1212687	8	10556	7650
1749524843.1339402	8	10571	7664
1749524848.1461277	8	10587	7680
1749524853.1578023	8	10613	7691
1749524858.1763494	8	10629	7704
1749524863.189552	8	10646	7715
1749524868.2026596	8	10658	7729
1749524873.2152383	8	10675	7738
1749524878.2271686	8	10691	7750
1749524883.2410753	8	10714	7761
1749524888.2536747	8	10728	7771
1749524893.266331	8	10740	7778
1749524898.28179	8	10757	7791
1749524903.2948472	8	10777	7800
1749524908.307168	8	10793	7812
1749524913.3238695	8	10806	7821
1749524918.3371878	8	10819	7830
1749524923.3507495	8	10829	7838
1749524928.3639295	8	10843	7851
1749524933.3776	8	10857	7857
1749524938.3908942	8	10873	7866
1749524943.4086747	8	10892	7875
1749524948.4221933	8	10901	7887
1749524953.4435844	8	10917	7901
1749524958.457854	8	10933	7913
1749524963.473464	8	10947	7929
1749524968.487888	8	10960	7939
1749524973.5026126	8	10983	7958
1749524978.5174644	8	10997	7968
1749524983.5313833	8	11007	7977
1749524988.5449462	8	11017	7993
1749524993.5583127	8	11031	8007
1749524998.571875	8	11045	8019
1749525003.5860963	8	11061	8034
1749525008.6054108	8	11074	8046
1749525013.6196754	8	11080	8061
1749525018.633816	9	11100	8072
1749525023.6479027	9	11111	8083
1749525028.6700919	9	11124	8093
1749525033.68426	9	11145	8107
1749525038.696296	9	11164	8117
1749525043.7102323	9	11185	8131
1749525048.7247121	9	11206	8145
1749525053.7385354	9	11212	8157
1749525058.752163	9	11230	8169
1749525063.7664487	9	11246	8180
1749525068.7803247	9	11258	8188
1749525073.7956254	9	11274	8201
1749525078.809056	9	11285	8211
1749525083.823398	9	11305	8226
1749525088.8377345	9	11329	8242
1749525093.853018	9	11348	8254
1749525098.8670778	9	11361	8272
1749525103.882953	9	11372	8290
1749525108.8964863	9	11391	8299
1749525113.910885	9	11402	8307
1749525118.9249225	9	11420	8324
1749525123.9396548	9	11434	8333
1749525128.953679	9	11453	8348
1749525133.9681408	9	11466	8362
1749525138.9839664	9	11486	8380
1749525143.9986584	9	11501	8395
1749525149.0129952	9	11515	8404
1749525154.027443	9	11535	8416
1749525159.041528	9	11553	8423
1749525164.0557	9	11576	8430
1749525169.0713565	9	11587	8437
1749525174.0861347	9	11597	8449
1749525179.1019647	9	11609	8458
1749525184.1162171	9	11624	8466
1749525189.1302598	9	11643	8477
1749525194.1444314	9	11658	8488
1749525199.1583092	9	11674	8499
1749525204.175799	9	11693	8506
1749525209.1907692	9	11711	8518
1749525214.2057247	9	11724	8533
1749525219.2193177	9	11737	8539
1749525224.2317421	9	11750	8550
1749525229.2457747	9	11766	8560
1749525234.2606528	9	11785	8574
1749525239.275225	9	11799	8584
1749525244.2939827	9	11815	8597
1749525249.3062906	9	11831	8608
1749525254.3224869	9	11844	8620
1749525259.335912	9	11861	8632
1749525264.3499165	9	11885	8641
1749525269.3645754	10	11907	8653
1749525274.3790646	10	11929	8664
1749525279.3935115	10	11945	8674
1749525284.4090166	10	11962	8684
1749525289.4316652	10	11973	8701
1749525294.4465063	10	11989	8713
1749525299.4619155	10	12012	8725
1749525304.4775002	10	12026	8737
1749525309.4930358	10	12037	8751
1749525314.5098858	10	12051	8760
1749525319.5255547	10	12059	8774
1749525324.5400345	10	12069	8784
1749525329.5545423	10	12088	8791
1749525334.5696213	10	12105	8800
1749525339.5851595	10	12113	8808
1749525344.6006575	10	12133	8815
1749525349.6162534	10	12153	8826
1749525354.6376436	10	12169	8835
1749525359.652643	10	12194	8844
1749525364.668233	10	12207	8856
1749525369.6838238	10	12225	8866
1749525374.6992183	10	12237	8874
1749525379.714953	10	12253	8891
1749525384.730844	10	12266	8904
1749525389.746126	10	12289	8920
1749525394.761333	10	12299	8933
1749525399.7764714	10	12316	8944
1749525404.791226	10	12339	8959
1749525409.8059864	10	12356	8974
1749525414.8216622	10	12367	8987
1749525419.8365383	10	12385	8995
1749525424.852022	10	12398	9004
1749525429.8678682	10	12410	9015
1749525434.8828187	10	12421	9028
1749525439.8964727	10	12434	9037
1749525444.9112144	10	12453	9054
1749525449.933894	10	12467	9067
1749525454.9490821	10	12480	9077
1749525459.9630148	10	12493	9084
1749525464.978276	10	12504	9095
1749525469.9927995	10	12523	9106
1749525475.0071766	10	12540	9119
1749525480.0237246	10	12561	9130
1749525485.0392036	10	12580	9139
1749525490.0548823	10	12596	9149
1749525495.0703673	10	12612	9162
1749525500.0862114	10	12627	9171
1749525505.1015003	10	12644	9185
1749525510.116159	10	12660	9200
1749525515.1316912	10	12679	9217
1749525520.1471837	10	12694	9226
1749525525.1622639	10	12706	9242
1749525530.1785128	10	12715	9251
1749525535.1955383	10	12733	9261
1749525540.2108889	10	12754	9277
1749525545.2271001	10	12771	9287
1749525550.2427866	10	12788	9296
1749525555.2585404	10	12807	9310
1749525560.274158	10	12821	9323
1749525565.2895694	10	12835	9342
1749525570.3037298	10	12847	9361
1749525575.3187792	10	12866	9370
1749525580.3338678	10	12881	9384
1749525585.3488643	10	12896	9397
1749525590.3635085	10	12912	9409
1749525595.378385	10	12932	9420
1749525600.39854	11	12946	9435
1749525605.4134707	11	12960	9443
1749525610.428836	11	12983	9455
1749525615.4431798	11	12996	9467
1749525620.4584773	11	13015	9473
1749525625.4742627	11	13024	9482
1749525630.4900773	11	13040	9490
1749525635.5051348	11	13053	9504
1749525640.5201483	11	13071	9518
1749525645.5404394	11	13081	9527
1749525650.5560157	11	13103	9537
1749525655.5710602	11	13114	9545
1749525660.586749	11	13131	9557
1749525665.6019921	11	13144	9568
1749525670.6178355	11	13158	9577
1749525675.6331952	11	13174	9591
1749525680.6469378	11	13190	9607
1749525685.6619685	11	13206	9614
1749525690.6775057	11	13225	9619
1749525695.6923752	11	13236	9630
1749525700.7073884	11	13255	9641
1749525705.7212038	11	13269	9651
1749525710.7355123	11	13291	9658
1749525715.7506442	11	13312	9664
1749525720.765207	11	13324	9682
1749525725.7804081	11	13336	9700
1749525730.8001003	11	13350	9723
1749525735.814454	11	13368	9738
1749525740.8301196	11	13383	9751
1749525745.8453257	11	13395	9762
1749525750.860116	11	13417	9780
1749525755.8748336	11	13433	9794
1749525760.8892891	11	13441	9803
1749525765.9044876	11	13452	9813
1749525770.9202435	11	13470	9824
1749525775.9423158	11	13488	9833
1749525780.95793	11	13507	9846
1749525785.9722884	11	13516	9854
1749525790.9874356	11	13531	9860
1749525796.0029585	11	13545	9870
1749525801.0218537	11	13557	9880
1749525806.0365229	11	13572	9891
1749525811.0579417	11	13583	9905
1749525816.0715487	11	13594	9916
1749525821.0864384	11	13608	9928
1749525826.102053	11	13621	9939
1749525831.1172955	11	13645	9949
1749525836.1330485	11	13656	9959
1749525841.1478763	11	13672	9972
1749525846.1630802	11	13691	9981
1749525851.1781883	11	13702	9991
1749525856.193494	11	13713	10006
1749525861.2094877	11	13726	10016
1749525866.223233	11	13742	10028
1749525871.238592	11	13756	10037
1749525876.2613997	11	13768	10050
1749525881.2762585	11	13792	10069
1749525886.289948	11	13804	10084
1749525891.3053706	11	13819	10095
1749525896.3209991	11	13840	10103
1749525901.3362405	11	13849	10111
1749525906.3526638	11	13867	10117
1749525911.368747	11	13879	10130
1749525916.3838902	11	13894	10147
1749525921.4056847	11	13916	10159
1749525926.4196064	11	13935	10166
1749525931.433919	11	13955	10176
1749525936.4497616	11	13973	10193
1749525941.4677227	11	13983	10205
1749525946.4836662	11	14001	10214
1749525951.4993238	11	14015	10231
1749525956.5151255	11	14032	10238
1749525961.531565	11	14053	10245
1749525966.547697	11	14071	10255
1749525971.563355	11	14084	10272
1749525976.5787637	11	14101	10284
1749525981.5949404	11	14116	10291
1749525986.6180744	11	14136	10302
1749525991.6345026	11	14156	10314
1749525996.6504042	11	14175	10323
1749526001.666387	11	14190	10334
1749526006.6827612	11	14212	10344
1749526011.701433	11	14229	10355
1749526016.7180936	11	14247	10368
1749526021.7413206	12	14259	10382
1749526026.7580786	12	14287	10386
1749526031.774241	12	14301	10395
1749526036.7904706	12	14321	10408
1749526041.8057866	12	14338	10428
1749526046.8215206	13	14351	10446
1749526051.8367352	13	14369	10458
1749526056.852921	13	14379	10469
1749526061.8688893	13	14388	10476
1749526066.8929722	13	14404	10484
1749526071.9090722	13	14423	10493
1749526076.9255836	13	14441	10508
1749526081.9410987	13	14465	10523
1749526086.9571078	13	14474	10534
1749526091.9778714	13	14496	10541
1749526096.9938867	13	14509	10550
1749526102.0126293	13	14524	10557
1749526107.0290475	13	14551	10568
1749526112.044588	13	14561	10577
1749526117.0607328	14	14572	10583
1749526122.076695	14	14589	10593
1749526127.092711	14	14607	10603
1749526132.1087022	14	14622	10612
1749526137.1240408	14	14640	10627
1749526142.1401029	14	14653	10644
1749526147.156304	14	14673	10651
1749526152.1722791	14	14695	10669
1749526157.188092	14	14719	10673
1749526162.2041297	14	14732	10686
1749526167.2251265	14	14749	10693
1749526172.2397213	14	14766	10701
1749526177.2551892	14	14785	10719
1749526182.270945	14	14804	10723
1749526187.2863173	14	14818	10732
1749526192.3026466	14	14832	10740
1749526197.3183868	14	14849	10756
1749526202.3339539	14	14866	10764
1749526207.350327	14	14879	10773
1749526212.3735209	14	14896	10785
1749526217.3896322	14	14917	10794
1749526222.405285	14	14933	10808
1749526227.4213939	14	14946	10818
1749526232.4369376	14	14959	10831
1749526237.4518816	14	14971	10842
1749526242.467722	14	14985	10846
1749526247.4838784	14	14997	10857
1749526252.4998395	14	15016	10876
1749526257.5159576	14	15029	10886
1749526262.5318656	14	15040	10895
1749526267.553778	14	15058	10899
1749526272.573025	14	15071	10911
1749526277.5888278	14	15082	10922
1749526282.6054	14	15095	10927
1749526287.6210845	14	15111	10941
1749526292.6364667	14	15125	10955
1749526297.652843	14	15140	10967
1749526302.6691933	14	15156	10984
1749526307.6857276	14	15169	10992
1749526312.7044048	14	15182	11002
1749526317.7195215	14	15198	11012
1749526322.7374835	14	15211	11028
1749526327.753344	14	15229	11040
1749526332.770145	14	15246	11054
1749526337.7862093	14	15261	11063
1749526342.8023574	14	15276	11079
1749526347.8162642	14	15293	11091
1749526352.8321133	14	15312	11098
1749526357.8484313	14	15324	11110
1749526362.8639212	14	15336	11127
1749526367.8808925	14	15353	11142
1749526372.8965805	14	15370	11153
1749526377.9190428	14	15383	11160
1749526382.9356122	14	15397	11166
1749526387.9514961	14	15415	11178
1749526392.9671266	14	15423	11187
1749526397.9826512	14	15440	11203
1749526402.9985209	14	15462	11223
1749526408.0142694	14	15475	11228
1749526413.0300329	14	15488	11234
1749526418.045074	14	15503	11244
1749526423.061069	14	15515	11256
1749526428.0769658	14	15532	11270
1749526433.0925102	14	15543	11282
1749526438.1086292	14	15558	11296
1749526443.1330647	14	15573	11306
1749526448.1488757	14	15590	11312
1749526453.1651871	15	15603	11325
1749526458.1808758	15	15619	11341
1749526463.196719	15	15638	11353
1749526468.2128139	15	15653	11364
1749526473.2285151	15	15667	11369
1749526478.251177	15	15674	11388
1749526483.2705352	15	15690	11410
1749526488.2865913	15	15709	11419
1749526493.3015618	15	15728	11435
1749526498.31781	15	15740	11450
1749526503.333497	15	15752	11462
1749526508.3482158	15	15771	11471
1749526513.3703458	15	15778	11478
1749526518.3857791	15	15797	11487
1749526523.408879	15	15818	11506
1749526528.4249134	15	15837	11517
1749526533.4391057	15	15857	11531
1749526538.4544275	15	15871	11544
1749526543.4707046	15	15884	11553
1749526548.4865289	15	15898	11564
1749526553.5020697	15	15918	11574
1749526558.5158064	15	15937	11585
1749526563.531442	15	15949	11595
1749526568.5471082	15	15967	11608
1749526573.5631204	15	15978	11623
1749526578.5795455	15	15989	11634
1749526583.5959918	15	16001	11649
1749526588.614787	15	16019	11666
1749526593.6311421	15	16030	11679
1749526598.6471484	15	16048	11688
1749526603.6627748	15	16058	11702
1749526608.679262	15	16078	11708
1749526613.6949134	15	16093	11717
1749526618.7102695	15	16107	11725
1749526623.7246578	15	16128	11738
1749526628.7403822	15	16144	11750
1749526633.7641325	15	16165	11764
1749526638.7803712	16	16183	11774
1749526643.7949522	16	16197	11779
1749526648.8100278	16	16213	11793
1749526653.8257985	16	16229	11809
1749526658.8479457	16	16249	11821
1749526663.8644962	16	16263	11826
1749526668.882405	16	16282	11837
1749526673.8985524	16	16294	11850
1749526678.91444	16	16313	11861
1749526683.9303071	16	16325	11873
1749526688.9464521	16	16346	11888
1749526693.9623587	16	16362	11899
1749526698.9786944	16	16374	11905
1749526703.9931338	16	16385	11920
1749526709.0085945	16	16398	11926
1749526714.023069	16	16414	11937
1749526719.0378938	16	16426	11954
1749526724.0540826	16	16447	11963
1749526729.070128	16	16462	11980
1749526734.0909276	16	16474	11989
1749526739.1066399	16	16488	12003
1749526744.1226892	16	16505	12018
1749526749.1387136	16	16520	12028
1749526754.1537316	16	16533	12045
1749526759.1689038	16	16551	12056
1749526764.1836746	16	16571	12062
1749526769.1984286	16	16592	12073
1749526774.214003	16	16608	12088
1749526779.2293427	16	16622	12100
1749526784.2450886	16	16637	12108
1749526789.2611113	16	16656	12123
1749526794.2769778	16	16666	12134
1749526799.2928846	16	16677	12149
1749526804.306835	16	16689	12160
1749526809.321957	16	16703	12167
1749526814.3384635	16	16714	12176
1749526819.3555691	16	16719	12193
1749526824.3715134	16	16743	12205
1749526829.3879478	16	16760	12217
1749526834.405041	16	16771	12223
1749526839.4203796	16	16791	12235
1749526844.4367611	16	16806	12244
1749526849.4529727	16	16827	12255
1749526854.469588	16	16838	12270
1749526859.4849315	16	16853	12286
1749526864.500704	16	16864	12301
1749526869.517181	16	16878	12309
1749526874.5400307	16	16896	12319
1749526879.555281	16	16916	12327
1749526884.571417	16	16928	12337
1749526889.5866072	16	16940	12347
1749526894.6023178	16	16962	12356
1749526899.6183057	16	16981	12369
1749526904.6348054	16	16994	12374
1749526909.6503193	16	17010	12389
1749526914.6647456	16	17023	12399
1749526919.680507	16	17044	12412
1749526924.6966648	16	17058	12424
1749526929.7129116	16	17080	12434
1749526934.7287452	16	17093	12445
1749526939.748846	16	17108	12459
1749526944.764292	16	17126	12471
1749526949.7797856	16	17138	12484
1749526954.7950203	16	17155	12498
1749526959.811515	16	17169	12515
1749526964.8271067	16	17180	12527
1749526969.8433733	16	17201	12539
1749526974.8591406	16	17220	12546
1749526979.8750045	16	17237	12564
1749526984.8909962	16	17251	12572
1749526989.9067512	16	17262	12593
1749526994.923135	16	17283	12602
1749526999.9393547	16	17296	12614
1749527004.958546	16	17310	12620
1749527009.9746752	16	17328	12635
1749527014.9901416	16	17341	12645
1749527020.0062144	16	17356	12658
1749527025.0223525	16	17378	12664
1749527030.0449667	16	17387	12674
1749527035.0607116	16	17391	12686
1749527040.0765388	16	17406	12695
1749527045.0919793	16	17431	12708
1749527050.1078672	16	17444	12718
1749527055.1236053	16	17466	12730
1749527060.1392558	16	17478	12739
1749527065.1579118	16	17493	12748
1749527070.173318	16	17518	12758
1749527075.1891413	16	17530	12772
1749527080.2054055	16	17553	12782
1749527085.22083	16	17569	12799
1749527090.236423	16	17588	12808
1749527095.2537427	16	17600	12818
1749527100.2698805	16	17611	12832
1749527105.28711	16	17617	12844
1749527110.3031619	16	17627	12857
1749527115.3192086	16	17646	12872
1749527120.3330228	16	17662	12878
1749527125.3474092	16	17674	12889
1749527130.3630571	16	17692	12904
1749527135.378882	16	17707	12919
1749527140.3942728	16	17720	12933
1749527145.4102583	16	17740	12947
1749527150.4343746	16	17754	12967
1749527155.450241	16	17769	12983
1749527160.4661453	16	17782	13004
1749527165.4818482	16	17795	13014
1749527170.4979823	16	17807	13025
1749527175.5218644	16	17830	13038
1749527180.5379229	16	17845	13051
1749527185.5541139	16	17862	13063
1749527190.570741	16	17871	13074
1749527195.5872316	16	17894	13087
1749527200.6032736	16	17906	13096
1749527205.6188388	16	17917	13099
1749527210.633909	16	17940	13107
1749527215.6496718	16	17954	13114
1749527220.6663036	16	17969	13125
1749527225.6828485	16	17984	13134
1749527230.704197	16	17997	13145
1749527235.7190785	16	18013	13154
1749527240.7344415	16	18028	13168
1749527245.7502913	16	18046	13181
1749527250.7667675	16	18063	13191
1749527255.791045	16	18078	13201
1749527260.806697	16	18088	13212
1749527265.8224037	16	18104	13220
1749527270.8384063	16	18119	13228
1749527275.8543446	16	18135	13238
1749527280.8707697	16	18152	13250
1749527285.884691	16	18165	13269
1749527290.902879	16	18189	13277
1749527295.9192827	16	18203	13292
1749527300.941245	16	18226	13296
1749527305.956738	16	18238	13308
1749527310.9719274	16	18251	13322
1749527315.9875066	16	18272	13339
1749527321.0033283	16	18281	13351
1749527326.0186517	16	18301	13363
1749527331.0348454	16	18317	13373
1749527336.050632	16	18330	13383
1749527341.0666094	16	18347	13398
1749527346.0897577	16	18363	13410
1749527351.1062534	16	18385	13412
1749527356.1220608	16	18404	13421
1749527361.137932	16	18418	13436
1749527366.1541088	16	18434	13449
1749527371.1728315	16	18449	13464
1749527376.1890407	16	18463	13481
1749527381.2113934	16	18473	13492
1749527386.2261798	16	18484	13505
1749527391.2404494	16	18499	13514
1749527396.2545207	16	18515	13525
1749527401.2695203	16	18526	13544
1749527406.2853272	16	18546	13556
1749527411.3009298	17	18561	13568
1749527416.316882	17	18579	13580
1749527421.3313475	17	18592	13597
1749527426.3464258	17	18612	13605
1749527431.361777	17	18635	13616
1749527436.3778434	17	18652	13622
1749527441.393865	17	18665	13635
1749527446.4122908	17	18682	13640
1749527451.428188	17	18692	13653
1749527456.4434092	17	18705	13665
1749527461.459634	17	18728	13672
1749527466.4747803	17	18740	13683
1749527471.4912179	17	18755	13690
1749527476.5067995	17	18775	13701
1749527481.5225663	17	18792	13707
1749527486.538225	17	18807	13717
1749527491.5565834	17	18824	13732
1749527496.5719976	17	18837	13744
1749527501.5880985	17	18853	13751
1749527506.603484	17	18862	13765
1749527511.6196454	17	18877	13775
1749527516.6393824	17	18893	13786
1749527521.6558013	17	18913	13800
1749527526.6730149	17	18933	13811
1749527531.6882794	17	18947	13816
1749527536.704384	17	18955	13824
1749527541.7206163	17	18962	13836
1749527546.735979	17	18973	13850
1749527551.7511554	17	18986	13861
1749527556.7673724	17	19005	13874
1749527561.7827876	17	19019	13886
1749527566.7975774	17	19032	13893
1749527571.8192725	17	19046	13900
1749527576.8353508	17	19064	13913
1749527581.850741	17	19083	13921
1749527586.8657997	17	19099	13931
1749527591.8817344	17	19111	13943
1749527596.8977602	17	19122	13952
1749527601.9137383	17	19140	13964
1749527606.9379575	17	19152	13975
1749527611.953343	17	19169	13985
1749527616.968888	17	19182	13996
1749527621.985172	17	19204	14008
1749527627.001032	17	19221	14018
1749527632.0178146	17	19242	14037
1749527637.0340986	17	19253	14048
1749527642.0494478	17	19272	14064
1749527647.0652566	17	19291	14080
1749527652.090118	17	19303	14091
1749527657.1041317	17	19315	14100
1749527662.1197002	17	19338	14112
1749527667.1354043	17	19352	14123
1749527672.1514077	17	19361	14139
1749527677.1676624	17	19376	14145
1749527682.1815171	18	19391	14154
1749527687.1965685	18	19402	14157
1749527692.210777	18	19412	14164
1749527697.2266252	18	19427	14181
1749527702.2415612	18	19436	14189
1749527707.2556245	18	19451	14196
1749527712.2724938	18	19462	14206
1749527717.29635	18	19473	14220
1749527722.3119428	18	19495	14236
1749527727.327769	18	19509	14244
1749527732.3424451	18	19528	14253
1749527737.3593793	18	19540	14264
1749527742.3754494	18	19552	14277
1749527747.3915896	18	19566	14291
1749527752.4068058	18	19587	14298
1749527757.4228292	18	19604	14307
1749527762.4386683	18	19623	14318
1749527767.4524477	18	19638	14331
1749527772.4679232	18	19651	14352
1749527777.4842181	18	19661	14362
1749527782.5048354	18	19676	14376
1749527787.5214238	18	19697	14383
1749527792.5352132	18	19709	14395
1749527797.5504844	18	19725	14407
1749527802.5669699	18	19733	14416
1749527807.5913534	18	19747	14425
1749527812.608185	18	19763	14436
1749527817.6241891	18	19782	14446
1749527822.6399262	18	19800	14457
1749527827.6536875	18	19821	14468
1749527832.6694694	18	19838	14480
1749527837.684303	18	19852	14493
1749527842.7021537	18	19866	14506
1749527847.7178586	18	19883	14514
1749527852.7321842	18	19898	14522
1749527857.7473078	18	19912	14539
1749527862.7632785	18	19935	14552
1749527867.7788463	18	19950	14561
1749527872.7953234	18	19969	14567
1749527877.8103936	18	19986	14573
1749527882.8286808	18	20010	14587
1749527887.8446207	18	20020	14604
1749527892.8615131	18	20038	14618
1749527897.8770626	18	20053	14629
1749527902.8932238	18	20069	14639
1749527907.909527	18	20083	14653
1749527912.926013	18	20103	14666
1749527917.9413676	19	20125	14675
1749527922.9582746	19	20137	14690
1749527927.9777606	19	20154	14697
1749527932.9933093	19	20163	14708
1749527938.009159	19	20177	14715
1749527943.0252016	19	20187	14727
1749527948.041256	19	20205	14738
1749527953.0571067	19	20223	14742
1749527958.071532	19	20237	14755
1749527963.0870585	19	20256	14764
1749527968.1022887	19	20272	14773
1749527973.117894	19	20291	14782
1749527978.1337628	19	20310	14797
1749527983.150312	19	20324	14810
1749527988.166544	19	20337	14819
1749527993.1860905	19	20351	14835
1749527998.1992307	19	20365	14849
1749528003.2127888	19	20381	14857
1749528008.2261841	19	20396	14872
1749528013.24688	19	20409	14881
1749528018.2611954	19	20421	14890
1749528023.2745	19	20437	14907
1749528028.288114	19	20452	14922
1749528033.302916	19	20470	14929
1749528038.318911	19	20488	14945
1749528043.333319	19	20504	14952
1749528048.3483794	19	20521	14970
1749528053.3636396	19	20537	14980
1749528058.3796842	19	20549	14996
1749528063.3945816	19	20562	15005
1749528068.410593	19	20588	15019
1749528073.42628	19	20598	15033
1749528078.442134	19	20610	15045
1749528083.4579828	19	20626	15059
1749528088.482309	19	20646	15067
1749528093.498387	19	20662	15077
1749528098.5137098	19	20684	15094
1749528103.5285504	19	20708	15106
1749528108.5447047	19	20723	15123
1749528113.56072	19	20744	15129
1749528118.576631	19	20759	15143
1749528123.5980327	19	20772	15156
1749528128.6145568	19	20795	15164
1749528133.6311038	19	20808	15173
1749528138.647189	19	20823	15183
1749528143.6624737	19	20839	15199
1749528148.6783965	19	20848	15214
1749528153.693582	19	20868	15226
1749528158.714985	19	20883	15235
1749528163.730831	19	20903	15250
1749528168.7462115	19	20913	15262
1749528173.762007	19	20929	15268
1749528178.7773564	19	20946	15276
1749528183.7933602	19	20962	15288
1749528188.8087747	19	20975	15300
1749528193.8327198	19	20999	15313
1749528198.850979	19	21012	15319
1749528203.8665736	19	21026	15330
1749528208.8828475	19	21039	15335
1749528213.8982306	19	21056	15343
1749528218.914369	19	21070	15356
1749528223.9301825	19	21098	15364
1749528228.9447408	19	21118	15374
1749528233.960603	19	21136	15386
1749528238.979293	19	21160	15397
1749528243.994926	19	21181	15407
1749528249.009611	19	21196	15417
1749528254.025875	19	21213	15429
1749528259.0417988	19	21224	15437
1749528264.0577877	19	21241	15450
1749528269.073801	19	21254	15465
1749528274.08787	19	21267	15476
1749528279.1043487	19	21281	15483
1749528284.1236374	19	21294	15499
1749528289.1396503	19	21304	15511
1749528294.1558223	19	21323	15520
1749528299.1696286	19	21347	15527
1749528304.185261	19	21371	15537
1749528309.2101314	19	21382	15549
1749528314.2258909	19	21392	15560
1749528319.2421865	19	21405	15575
1749528324.2574196	19	21417	15583
1749528329.2735975	19	21427	15591
1749528334.2892735	19	21445	15599
1749528339.3043911	19	21458	15612
1749528344.3201408	19	21471	15617
1749528349.334688	19	21488	15636
1749528354.349312	19	21504	15649
1749528359.3653028	19	21522	15668
1749528364.3830004	19	21533	15681
1749528369.3980002	19	21546	15696
1749528374.413603	19	21559	15706
1749528379.4293392	19	21574	15722
1749528384.4459517	19	21599	15736
1749528389.4614055	19	21619	15748
1749528394.4768941	19	21630	15761
1749528399.4992354	19	21644	15769
1749528404.514825	19	21662	15781
1749528409.5312238	19	21681	15791
1749528414.545873	19	21701	15798
1749528419.560622	19	21713	15809
1749528424.5766196	19	21727	15822
1749528429.592147	19	21737	15834
1749528434.607276	19	21753	15846
1749528439.6228848	19	21768	15857
1749528444.6447613	19	21787	15868
1749528449.6609228	19	21804	15883
1749528454.6772134	19	21821	15895
1749528459.6934764	19	21838	15907
1749528464.7097914	19	21856	15921
1749528469.7260296	19	21878	15932
1749528474.7419517	19	21894	15943
1749528479.7631266	19	21913	15952
1749528484.7772045	19	21933	15966
1749528489.79241	19	21950	15980
1749528494.8083508	19	21963	15997
1749528499.826526	19	21980	16004
1749528504.8419478	19	21992	16017
1749528509.8558002	19	22009	16031
1749528514.8708272	19	22037	16048
1749528519.8870964	19	22059	16059
1749528524.90318	19	22078	16069
1749528529.9195962	19	22096	16073
1749528534.9333837	19	22113	16087
1749528539.9479187	19	22129	16103
1749528544.9638197	19	22142	16117
1749528549.9797199	19	22156	16122
1749528554.9951499	19	22171	16136
1749528560.0103445	19	22187	16146
1749528565.0307128	19	22203	16156
1749528570.052338	19	22219	16172
1749528575.068633	19	22235	16187
1749528580.0907974	19	22247	16198
1749528585.1068625	19	22261	16214
1749528590.122929	19	22280	16223
1749528595.1386678	19	22298	16235
1749528600.1539748	19	22305	16247
1749528605.169642	19	22317	16259
1749528610.184924	19	22333	16275
1749528615.200572	19	22342	16287
1749528620.2165985	19	22360	16297
1749528625.2411046	19	22378	16309
1749528630.2567892	19	22389	16316
1749528635.272193	19	22400	16333
1749528640.2879956	19	22410	16343
1749528645.302698	19	22417	16354
1749528650.3250465	19	22436	16367
1749528655.3412323	19	22448	16378
1749528660.3596706	19	22459	16390
1749528665.3739235	19	22480	16403
1749528670.39042	19	22494	16416
1749528675.4046266	19	22512	16427
1749528680.418459	19	22534	16435
1749528685.4340308	19	22555	16446
1749528690.4480507	19	22579	16455
1749528695.4618466	19	22597	16462
1749528700.4758556	19	22609	16472
1749528705.4893703	19	22618	16487
1749528710.5038528	19	22635	16496
1749528715.5265682	19	22658	16513
1749528720.540778	19	22673	16526
1749528725.554763	19	22690	16538
1749528730.56777	19	22702	16549
1749528735.5829976	19	22713	16566
1749528740.5974572	19	22722	16575
1749528745.6198533	19	22740	16583
1749528750.6355963	19	22753	16590
1749528755.652213	19	22772	16595
1749528760.6679475	19	22783	16601
1749528765.6833646	19	22802	16613
1749528770.6991355	19	22813	16618
1749528775.7149117	19	22826	16625
1749528780.730361	19	22838	16638
1749528785.7459552	19	22853	16655
1749528790.7618008	19	22869	16673
1749528795.7782247	19	22882	16685
1749528800.8004992	19	22898	16698
1749528805.8165643	19	22910	16702
1749528810.8335257	19	22917	16710
1749528815.849162	19	22935	16717
1749528820.8650675	19	22956	16732
1749528825.8810437	19	22973	16747
1749528830.896163	19	22991	16761
1749528835.915833	19	23006	16771
1749528840.9325979	19	23017	16789
1749528845.9482152	19	23031	16801
1749528850.963843	19	23047	16815
1749528855.978561	19	23066	16827
1749528861.0019422	19	23084	16840
1749528866.0183308	19	23096	16850
1749528871.0399146	19	23111	16865
1749528876.0563648	19	23127	16879
1749528881.0711117	19	23143	16890
1749528886.088106	19	23162	16901
1749528891.1043768	19	23173	16909
1749528896.1204944	19	23191	16920
1749528901.136759	19	23205	16927
1749528906.1574593	19	23216	16938
1749528911.1772075	19	23234	16953
1749528916.1930485	19	23251	16969
1749528921.209102	19	23267	16981
1749528926.223962	19	23282	16992
1749528931.2472177	19	23294	17002
1749528936.2633405	19	23315	17015
1749528941.2780697	19	23337	17024
1749528946.2941527	19	23350	17038
1749528951.309617	19	23364	17052
1749528956.3252778	19	23383	17064
1749528961.3417609	19	23399	17079
1749528966.356809	19	23410	17085
1749528971.3740742	19	23430	17098
1749528976.3882196	19	23449	17112
1749528981.4040809	19	23466	17125
1749528986.4201818	19	23482	17139
1749528991.435703	19	23498	17153
1749528996.4567957	19	23514	17162
1749529001.4722557	19	23539	17168
1749529006.4886928	19	23556	17179
1749529011.5050457	19	23571	17188
1749529016.5202873	19	23589	17198
1749529021.5366266	19	23606	17204
1749529026.5526564	19	23628	17217
1749529031.576191	19	23651	17232
1749529036.5916538	19	23673	17244
1749529041.607149	19	23683	17254
1749529046.6235902	19	23694	17274
1749529051.6393373	19	23708	17284
1749529056.6548207	19	23718	17295
1749529061.6709113	19	23738	17308
1749529066.6865036	19	23754	17327
1749529071.7022514	19	23772	17344
1749529076.7226236	19	23788	17350
1749529081.7380826	19	23808	17359
1749529086.7533693	19	23824	17372
1749529091.7693305	19	23839	17388
1749529096.785305	19	23846	17398
1749529101.8009057	19	23858	17407
1749529106.8160706	19	23877	17420
1749529111.831906	19	23896	17434
1749529116.8472912	19	23910	17442
1749529121.8634882	19	23925	17458
1749529126.8795004	19	23939	17473
1749529131.8984272	19	23954	17488
1749529136.9186816	19	23972	17498
1749529141.9342737	19	23982	17505
1749529146.9504688	19	23997	17516
1749529151.966486	19	24009	17528
1749529156.9884973	19	24024	17531
1749529162.0042708	19	24044	17541
1749529167.0201206	19	24061	17550
1749529172.036229	19	24074	17560
1749529177.0522234	19	24090	17568
1749529182.0682201	19	24104	17581
1749529187.0836728	20	24120	17595
1749529192.1028569	20	24138	17609
1749529197.118258	20	24154	17624
1749529202.1346757	20	24170	17634
1749529207.1503181	20	24189	17647
1749529212.1645083	20	24198	17666
1749529217.1803946	20	24217	17675
1749529222.1960833	20	24229	17686
1749529227.2114282	20	24245	17703
1749529232.2276251	20	24261	17710
1749529237.243807	20	24271	17719
1749529242.2594945	20	24284	17728
1749529247.281234	20	24305	17737
1749529252.29872	20	24324	17747
1749529257.3148317	20	24340	17761
1749529262.3303232	20	24353	17770
1749529267.3471074	20	24359	17781
1749529272.362739	20	24371	17795
1749529277.3800943	20	24380	17809
1749529282.395686	20	24395	17818
1749529287.4115777	20	24403	17823
1749529292.4317083	20	24417	17829
1749529297.4471936	20	24428	17840
1749529302.4618294	20	24447	17852
1749529307.4768775	20	24464	17867
1749529312.492956	20	24489	17875
1749529317.507911	20	24507	17883
1749529322.5220764	20	24519	17896
1749529327.5360816	20	24538	17903
1749529332.5496082	20	24550	17920
1749529337.5637035	20	24567	17929
1749529342.577489	20	24586	17939
1749529347.591603	20	24599	17947
1749529352.6055384	20	24610	17965
1749529357.6197777	20	24633	17978
1749529362.6347308	20	24646	17990
1749529367.6487193	20	24658	17999
1749529372.6635451	20	24674	18012
1749529377.686503	20	24691	18026
1749529382.700991	20	24710	18037
1749529387.7185688	20	24724	18051
1749529392.733751	20	24734	18063
1749529397.748097	20	24749	18074
1749529402.7641597	20	24771	18086
1749529407.7797816	20	24790	18100
1749529412.796413	20	24809	18116
1749529417.8125038	20	24823	18127
1749529422.8280532	20	24833	18143
1749529427.8436854	20	24842	18154
1749529432.8661563	20	24861	18165
1749529437.882401	20	24874	18173
1749529442.8978782	20	24891	18183
1749529447.913427	20	24906	18192
1749529452.9290085	20	24921	18202
1749529457.9509194	20	24940	18214
1749529462.9675465	20	24949	18225
1749529467.9826536	20	24961	18232
1749529472.9966223	20	24978	18247
1749529478.0095983	20	24983	18262
1749529483.0246537	20	24997	18271
1749529488.0400343	20	25014	18281
1749529493.0579515	20	25025	18290
1749529498.0724905	20	25037	18306
1749529503.0881479	20	25046	18319
1749529508.1040843	20	25056	18328
1749529513.1244597	20	25072	18342
1749529518.1391103	20	25087	18352
1749529523.1541798	20	25104	18367
1749529528.1701603	20	25118	18376
1749529533.1859336	21	25137	18385
1749529538.2024925	21	25158	18404
1749529543.219136	21	25169	18415
1749529548.2427962	21	25186	18426
1749529553.2590528	21	25201	18434
1749529558.2747757	21	25219	18441
1749529563.2901354	21	25244	18451
1749529568.305796	21	25257	18457
1749529573.327308	21	25274	18474
1749529578.3430877	21	25290	18490
1749529583.3607621	21	25304	18502
1749529588.3763194	21	25313	18516
1749529593.3951154	21	25323	18530
1749529598.411495	21	25333	18538
1749529603.4265947	21	25349	18551
1749529608.4428673	21	25368	18561
1749529613.4586635	21	25392	18570
1749529618.474189	21	25404	18582
1749529623.4900236	21	25420	18595
1749529628.5064838	21	25435	18611
1749529633.5229943	21	25450	18626
1749529638.5388434	21	25468	18637
1749529643.5556388	21	25483	18646
1749529648.5724525	22	25498	18654
1749529653.5879014	22	25507	18670
1749529658.6043148	22	25522	18685
1749529663.6205804	22	25540	18694
1749529668.6370234	22	25553	18705
1749529673.6526563	22	25569	18716
1749529678.6689627	22	25587	18727
1749529683.6853602	22	25601	18736
1749529688.7013435	22	25622	18752
1749529693.718802	22	25639	18764
1749529698.734222	22	25656	18776
1749529703.7502182	22	25670	18784
1749529708.7661192	22	25681	18795
1749529713.7822795	22	25696	18810
1749529718.8024945	22	25710	18822
1749529723.818618	22	25728	18830
1749529728.834928	22	25744	18843
1749529733.8513112	22	25763	18853
1749529738.8672392	22	25775	18871
1749529743.883455	22	25792	18882
1749529748.8997436	22	25805	18895
1749529753.9158273	22	25823	18901
1749529758.9314857	22	25832	18918
1749529763.9543996	22	25849	18931
1749529768.9742851	22	25861	18942
1749529773.9904864	22	25874	18952
1749529779.0068433	22	25886	18964
1749529784.0227885	22	25904	18971
1749529789.04485	22	25917	18983
1749529794.0594869	22	25928	18997
1749529799.0741925	22	25939	19010
1749529804.090062	22	25953	19024
1749529809.1053734	22	25971	19038
1749529814.1217313	22	25987	19050
1749529819.138124	22	26005	19059
1749529824.1543448	22	26018	19075
1749529829.170379	22	26031	19088
1749529834.186037	22	26044	19096
1749529839.2025268	22	26058	19108
1749529844.220473	22	26072	19118
1749529849.2422493	22	26091	19125
1749529854.2578752	22	26108	19133
1749529859.2796328	22	26119	19145
1749529864.2957947	22	26136	19160
1749529869.3115897	22	26148	19172
1749529874.3272576	22	26162	19180
1749529879.3437488	22	26177	19192
1749529884.3585863	22	26194	19204
1749529889.373622	22	26209	19213
1749529894.397564	22	26226	19228
1749529899.4160132	22	26238	19236
1749529904.4316506	22	26255	19245
1749529909.4463665	22	26272	19258
1749529914.461622	22	26289	19268
1749529919.4776495	22	26307	19275
1749529924.4940143	22	26317	19284
1749529929.5085843	22	26335	19296
1749529934.5233462	22	26354	19311
1749529939.5412982	22	26371	19323
1749529944.5569117	22	26386	19331
1749529949.5720613	22	26403	19347
1749529954.5858603	22	26424	19359
1749529959.599707	22	26444	19365
1749529964.614299	22	26460	19371
1749529969.628864	22	26473	19379
1749529974.6426196	22	26489	19392
1749529979.6561506	22	26504	19403
1749529984.670059	22	26525	19416
1749529989.6843324	22	26537	19426
1749529994.6988924	22	26555	19434
1749529999.7129686	22	26574	19444
1749530004.726572	22	26592	19445
1749530009.740527	22	26613	19456
1749530014.756581	22	26624	19466
1749530019.7715485	22	26643	19477
1749530024.787137	22	26660	19490
1749530029.8022842	22	26673	19506
1749530034.8260126	22	26682	19514
1749530039.8413136	22	26702	19520
1749530044.856792	22	26717	19537
1749530049.8728316	22	26739	19545
1749530054.8881738	22	26758	19553
1749530059.9055636	22	26770	19564
1749530064.9213898	22	26787	19578
1749530069.943925	22	26804	19591
1749530074.9591208	22	26822	19599
1749530079.975478	22	26836	19615
1749530084.9913247	22	26856	19627
1749530090.0073044	22	26880	19640
1749530095.0217137	22	26894	19654
1749530100.0354974	22	26910	19664
1749530105.0511065	22	26927	19678
1749530110.0665843	22	26937	19688
1749530115.0868888	22	26947	19698
1749530120.1027298	22	26962	19705
1749530125.1184967	22	26971	19721
1749530130.134074	22	26984	19728
1749530135.1500266	22	27002	19744
1749530140.1685345	22	27016	19761
1749530145.1847308	22	27036	19774
1749530150.2005982	22	27051	19785
1749530155.215958	22	27064	19797
1749530160.2318203	22	27078	19813
1749530165.2473924	22	27097	19834
1749530170.2632973	22	27108	19851
1749530175.2794125	22	27126	19866
1749530180.2930803	22	27139	19875
1749530185.30871	22	27151	19882
1749530190.3249357	22	27172	19896
1749530195.3453445	22	27185	19905
1749530200.3609626	22	27203	19918
1749530205.375936	22	27218	19926
1749530210.3913302	22	27235	19945
1749530215.4065843	22	27247	19959
1749530220.4288151	22	27263	19968
1749530225.4446158	22	27279	19975
1749530230.4607506	22	27291	19990
1749530235.4762201	22	27303	19994
1749530240.4914322	22	27319	19997
1749530245.516021	22	27335	20007
1749530250.529753	22	27354	20014
1749530255.5447843	22	27367	20021
1749530260.5610301	22	27389	20031
1749530265.5748377	22	27401	20038
1749530270.5975335	22	27421	20049
1749530275.6129556	22	27436	20059
1749530280.6281438	22	27451	20071
1749530285.6439419	22	27464	20085
1749530290.6638227	22	27479	20096
1749530295.6795032	22	27496	20107
1749530300.6951518	22	27511	20114
1749530305.7117524	23	27525	20126
1749530310.7272344	23	27536	20136
1749530315.7506626	23	27556	20143
1749530320.7683942	23	27572	20156
1749530325.7839897	23	27587	20167
1749530330.799621	23	27604	20177
1749530335.8153367	23	27617	20193
1749530340.8383503	23	27625	20206
1749530345.8538418	23	27644	20215
1749530350.8686569	23	27661	20225
1749530355.8843684	23	27676	20234
1749530360.9000936	24	27700	20243
1749530365.9160454	24	27720	20252
1749530370.9321442	24	27737	20267
1749530375.956112	24	27753	20285
1749530380.97169	24	27772	20297
1749530385.987264	24	27786	20308
1749530391.003636	24	27799	20321
1749530396.0186923	24	27809	20337
1749530401.0336082	24	27818	20347
1749530406.048747	24	27844	20356
1749530411.0642266	24	27857	20369
1749530416.0800192	24	27871	20375
1749530421.10238	24	27881	20385
1749530426.1186953	24	27896	20395
1749530431.134187	24	27915	20408
1749530436.1495512	24	27930	20417
1749530441.1652632	24	27948	20428
1749530446.1890574	24	27966	20437
1749530451.204947	24	27984	20447
1749530456.2206836	24	27998	20461
1749530461.2363467	24	28016	20468
1749530466.251911	24	28032	20474
1749530471.2676716	24	28046	20487
1749530476.2842445	24	28057	20500
1749530481.2994955	24	28071	20509
1749530486.3138397	24	28091	20524
1749530491.3313177	24	28102	20537
1749530496.347519	24	28115	20545
1749530501.36317	24	28139	20553
1749530506.3792157	24	28148	20561
1749530511.3943288	24	28167	20574
1749530516.4101653	24	28185	20596
1749530521.42651	24	28203	20606
1749530526.4483383	24	28220	20622
1749530531.4661324	24	28233	20638
1749530536.482422	24	28249	20660
1749530541.4981623	24	28266	20668
1749530546.5136542	24	28280	20685
1749530551.5291464	24	28297	20701
1749530556.543946	24	28316	20715
1749530561.5603993	24	28328	20720
1749530566.5759897	24	28338	20730
1749530571.5952706	24	28357	20743
1749530576.6110177	24	28371	20751
1749530581.6276248	24	28385	20764
1749530586.6436043	24	28407	20781
1749530591.6598108	24	28416	20791
1749530596.675264	24	28433	20800
1749530601.6912467	24	28442	20810
1749530606.7075024	24	28452	20819
1749530611.7237089	24	28467	20831
1749530616.7442894	24	28480	20840
1749530621.7589781	24	28494	20850
1749530626.7739444	24	28506	20861
1749530631.789931	24	28519	20878
1749530636.8061905	24	28541	20893
1749530641.8302321	24	28560	20904
1749530646.8455684	24	28569	20915
1749530651.862946	24	28587	20930
1749530656.8787825	24	28596	20944
1749530661.8945055	24	28615	20961
1749530666.910023	24	28630	20983
1749530671.925383	24	28648	20992
1749530676.9413238	24	28672	21010
1749530681.9559734	24	28682	21024
1749530686.971492	24	28696	21030
1749530691.9871578	24	28712	21042
1749530697.009209	24	28732	21053
1749530702.0242813	24	28750	21061
1749530707.0402648	24	28769	21070
1749530712.0555067	24	28788	21084
1749530717.0714822	24	28800	21096
1749530722.0865874	24	28817	21109
1749530727.1020148	24	28841	21117
1749530732.1159968	24	28859	21127
1749530737.130339	24	28869	21135
1749530742.1458647	24	28881	21142
1749530747.1620865	24	28893	21154
1749530752.1848936	24	28913	21163
1749530757.2025998	24	28927	21176
1749530762.218101	24	28948	21183
1749530767.233226	24	28962	21195
1749530772.2483866	24	28981	21206
1749530777.2690935	24	28999	21214
1749530782.285114	24	29009	21228
1749530787.3010213	24	29024	21242
1749530792.3171165	24	29042	21253
1749530797.3333104	24	29059	21264
1749530802.3567421	24	29070	21277
1749530807.3747172	24	29087	21289
1749530812.3899896	24	29104	21305
1749530817.4054577	24	29119	21318
1749530822.4213457	24	29137	21330
1749530827.437121	24	29156	21344
1749530832.4529076	24	29166	21356
1749530837.4685192	24	29181	21364
1749530842.4842145	24	29201	21371
1749530847.5010824	24	29218	21384
1749530852.517072	24	29236	21395
1749530857.533501	24	29259	21406
1749530862.5493453	24	29282	21413
1749530867.565359	24	29304	21423
1749530872.580744	24	29319	21430
1749530877.5967767	24	29331	21445
1749530882.6190796	24	29342	21456
1749530887.6385372	24	29358	21463
1749530892.6546793	24	29374	21477
1749530897.6699288	24	29385	21490
1749530902.6864653	24	29403	21500
1749530907.7102938	24	29413	21511
1749530912.726867	24	29425	21519
1749530917.7431037	24	29440	21530
1749530922.7586863	24	29459	21539
1749530927.775168	24	29480	21543
1749530932.7940702	24	29489	21561
1749530937.8098702	24	29502	21573
1749530942.8246686	24	29519	21581
1749530947.8398418	24	29529	21597
1749530952.853848	24	29540	21607
1749530957.8692222	24	29559	21621
1749530962.8854268	24	29576	21636
1749530967.9017835	24	29590	21645
1749530972.9186938	24	29614	21655
1749530977.9326806	24	29631	21661
1749530982.9482527	24	29653	21677
1749530987.9691782	24	29667	21689
1749530992.9857244	24	29676	21698
1749530998.0011227	24	29691	21712
1749531003.0150003	24	29706	21733
1749531008.0301547	24	29732	21744
1749531013.0460773	24	29748	21754
1749531018.0622082	24	29763	21765
1749531023.0866964	24	29779	21778
1749531028.1015432	24	29797	21786
1749531033.1178603	24	29812	21803
1749531038.1332648	24	29823	21810
1749531043.1486888	24	29846	21823
1749531048.167581	24	29863	21835
1749531053.1829524	24	29878	21843
1749531058.1990318	24	29894	21856
1749531063.2155576	24	29903	21862
1749531068.2374063	24	29915	21875
1749531073.2533684	25	29927	21885
1749531078.2694876	25	29950	21903
1749531083.285081	25	29960	21911
1749531088.3021576	25	29976	21921
1749531093.3185782	25	29987	21929
1749531098.3344626	25	30005	21941
1749531103.3526304	25	30026	21951
1749531108.3686972	25	30044	21961
1749531113.3851922	25	30059	21971
1749531118.4010162	25	30076	21981
1749531123.4167356	25	30096	21988
1749531128.4404864	25	30111	21996
1749531133.4569862	25	30126	22010
1749531138.4759393	25	30147	22020
1749531143.492375	25	30161	22030
1749531148.5085871	25	30182	22042
1749531153.5245564	25	30195	22054
1749531158.5400717	25	30220	22065
1749531163.5556507	25	30236	22080
1749531168.5712194	25	30254	22090
1749531173.5869324	25	30267	22104
1749531178.603069	25	30282	22114
1749531183.6271658	25	30304	22121
1749531188.641199	25	30318	22134
1749531193.65667	25	30335	22149
1749531198.6724164	25	30350	22166
1749531203.688096	25	30364	22176
1749531208.7024171	25	30381	22193
1749531213.7176404	25	30404	22207
1749531218.733087	25	30419	22218
1749531223.748569	25	30437	22223
1749531228.7648773	25	30456	22232
1749531233.780593	25	30467	22240
1749531238.7964807	25	30478	22252
1749531243.8121705	25	30492	22266
1749531248.8302789	25	30507	22280
1749531253.8466766	25	30523	22296
1749531258.8625262	25	30551	22303
1749531263.8783715	26	30566	22314
1749531268.8939183	26	30576	22322
1749531273.913559	26	30590	22332
1749531278.9289286	26	30605	22340
1749531283.9475858	26	30624	22350
1749531288.962877	26	30640	22360
1749531293.9823184	26	30653	22378
1749531298.9984696	26	30670	22382
1749531304.014515	26	30688	22399
1749531309.0298245	26	30707	22412
1749531314.0462272	26	30723	22422
1749531319.070842	26	30734	22430
1749531324.0910962	26	30740	22446
1749531329.1073937	26	30758	22458
1749531334.1212947	26	30770	22469
1749531339.13781	26	30784	22479
1749531344.1608512	26	30796	22488
1749531349.1763973	26	30813	22503
1749531354.1915917	26	30828	22516
1749531359.2069001	26	30846	22526
1749531364.2225614	26	30865	22538
1749531369.2372835	26	30879	22548
1749531374.252725	26	30892	22561
1749531379.2761178	26	30905	22572
1749531384.2917862	26	30920	22587
1749531389.3073144	26	30930	22595
1749531394.3226283	26	30941	22605
1749531399.3387933	26	30954	22615
1749531404.360161	26	30964	22623
1749531409.376537	26	30982	22629
1749531414.395758	26	30998	22643
1749531419.4108608	26	31021	22654
1749531424.4264762	26	31045	22665
1749531429.4407325	26	31054	22677
1749531434.4562888	26	31069	22683
1749531439.4715028	26	31082	22699
1749531444.4865732	26	31098	22715
1749531449.5100417	26	31111	22722
1749531454.528599	26	31125	22733
1749531459.5442944	26	31142	22745
1749531464.5605688	26	31164	22758
1749531469.5744765	26	31180	22763
1749531474.5975885	26	31198	22774
1749531479.612803	26	31213	22778
1749531484.6279762	26	31227	22790
1749531489.6435802	26	31251	22800
1749531494.6596658	26	31267	22811
1749531499.6828902	26	31280	22821
1749531504.698958	26	31299	22833
1749531509.7149136	26	31311	22845
1749531514.7314246	26	31320	22858
1749531519.747354	26	31334	22872
1749531524.7709298	26	31341	22884
1749531529.7873096	26	31353	22894
1749531534.8041756	26	31373	22905
1749531539.820008	26	31389	22915
1749531544.8363354	26	31400	22927
1749531549.8521354	26	31415	22938
1749531554.8680243	26	31434	22944
1749531559.8847096	26	31460	22953
1749531564.9001582	26	31479	22964
1749531569.916149	26	31493	22976
1749531574.9318116	26	31515	22990
1749531579.9483547	26	31533	23010
1749531584.9638922	26	31544	23021
1749531589.9787416	26	31567	23034
1749531594.9945283	26	31582	23047
1749531600.010066	26	31594	23059
1749531605.0274217	26	31599	23074
1749531610.0439847	26	31616	23085
1749531615.0609956	26	31630	23099
1749531620.0767505	26	31642	23110
1749531625.0925715	26	31660	23121
1749531630.1103203	27	31675	23133
1749531635.125812	27	31693	23148
1749531640.1424925	27	31710	23157
1749531645.159328	27	31733	23166
1749531650.17556	27	31750	23174
1749531655.1916645	27	31767	23187
1749531660.2080796	27	31781	23195
1749531665.2242467	27	31797	23209
1749531670.2395499	27	31815	23230
1749531675.262228	27	31826	23243
1749531680.2850792	27	31842	23255
1749531685.301437	27	31854	23263
1749531690.320538	27	31871	23271
1749531695.336425	27	31885	23276
1749531700.35233	27	31902	23287
1749531705.3679073	27	31921	23300
1749531710.3838809	27	31943	23310
1749531715.3992095	27	31958	23326
1749531720.4139602	27	31972	23330
1749531725.431052	27	31986	23344
1749531730.450311	27	32003	23353
1749531735.4656012	27	32025	23367
1749531740.4802961	27	32046	23376
1749531745.4973068	27	32064	23385
1749531750.5174537	27	32081	23402
1749531755.5334132	27	32094	23413
1749531760.5493965	27	32104	23426
1749531765.5633988	27	32123	23434
1749531770.577642	27	32141	23449
1749531775.5917094	27	32156	23463
1749531780.6075668	27	32166	23476
1749531785.6241238	27	32177	23489
1749531790.6398554	27	32190	23502
1749531795.6558084	27	32203	23510
1749531800.6718867	27	32213	23520
1749531805.6902344	27	32227	23527
1749531810.7088587	27	32254	23541
1749531815.723641	27	32266	23549
1749531820.7390137	27	32279	23557
1749531825.7554836	27	32289	23571
1749531830.775701	27	32305	23584
1749531835.7924101	27	32324	23596
1749531840.8080742	27	32340	23607
1749531845.823406	27	32353	23615
1749531850.8398905	27	32369	23623
1749531855.860626	27	32387	23635
1749531860.876432	27	32402	23642
1749531865.8920028	27	32424	23654
1749531870.9076324	27	32443	23665
1749531875.923836	27	32461	23681
1749531880.940117	27	32481	23695
1749531885.9559662	27	32493	23709
1749531890.971691	27	32510	23716
1749531895.9875176	27	32525	23725
1749531901.0038812	27	32545	23739
1749531906.0192769	27	32559	23752
1749531911.0352855	27	32579	23764
1749531916.051465	27	32588	23778
1749531921.0653138	27	32609	23793
1749531926.080487	27	32618	23809
1749531931.096029	27	32638	23816
1749531936.117968	27	32652	23825
1749531941.135627	27	32668	23834
1749531946.1519432	27	32690	23848
1749531951.1673675	27	32708	23855
1749531956.1835895	27	32719	23864
1749531961.2034101	27	32735	23878
1749531966.2194426	27	32753	23890
1749531971.2357962	27	32771	23904
1749531976.2508476	27	32785	23916
1749531981.2656	27	32798	23923
1749531986.2880085	27	32815	23932
1749531991.302907	27	32829	23938
1749531996.3173792	27	32845	23946
1749532001.331174	27	32864	23962
1749532006.3444378	27	32882	23975
1749532011.3578427	27	32892	23986
1749532016.3730502	27	32908	24002
1749532021.3920436	27	32922	24014
1749532026.4059544	27	32936	24026
1749532031.4202254	27	32954	24030
1749532036.4340816	27	32968	24039
1749532041.4571328	27	32984	24047
1749532046.470749	27	32995	24062
1749532051.4863234	27	33008	24073
1749532056.501279	27	33023	24089
1749532061.5162654	27	33046	24103
1749532066.5317738	27	33064	24118
1749532071.5458279	27	33083	24128
1749532076.5618384	27	33101	24137
1749532081.5770836	27	33112	24141
1749532086.5924425	27	33129	24153
1749532091.6077409	27	33146	24163
1749532096.6280553	27	33162	24173
1749532101.6488495	27	33181	24180
1749532106.6625419	27	33200	24189
1749532111.676079	27	33215	24198
1749532116.6900795	27	33230	24208
1749532121.7039244	27	33248	24220
1749532126.7182677	27	33264	24232
1749532131.7386274	27	33276	24242
1749532136.7521553	27	33290	24255
1749532141.7701032	27	33302	24259
1749532146.7855432	27	33311	24266
1749532151.80021	27	33329	24278
1749532156.8155336	27	33346	24293
1749532161.8314555	27	33364	24305
1749532166.8501177	27	33376	24316
1749532171.8658311	27	33395	24334
1749532176.8822885	27	33414	24348
1749532181.8981547	27	33427	24364
1749532186.9193082	27	33449	24370
1749532191.934269	27	33472	24378
1749532196.9478922	27	33490	24388
1749532201.9622746	27	33509	24396
1749532206.977671	27	33525	24411
1749532211.9935658	27	33538	24419
1749532217.0095093	27	33558	24427
1749532222.0304646	27	33583	24436
1749532227.0466971	27	33594	24445
1749532232.0620131	27	33606	24455
1749532237.0774424	27	33625	24467
1749532242.0934381	27	33641	24475
1749532247.11083	27	33657	24488
1749532252.127108	27	33666	24509
1749532257.14625	27	33687	24516
1749532262.162054	27	33702	24520
1749532267.1778588	27	33723	24535
1749532272.19329	27	33740	24545
1749532277.2090237	27	33751	24558
1749532282.2249718	27	33768	24571
1749532287.2405837	28	33783	24578
1749532292.2640998	28	33800	24595
1749532297.2828095	28	33823	24603
1749532302.299258	28	33842	24618
1749532307.3135204	28	33855	24628
1749532312.330182	28	33871	24640
1749532317.351654	28	33885	24655
1749532322.3679876	28	33902	24668
1749532327.3830528	28	33910	24686
1749532332.3984554	28	33928	24693
1749532337.4139695	28	33936	24704
1749532342.430319	28	33949	24715
1749532347.446213	28	33960	24728
1749532352.4669476	28	33971	24743
1749532357.4821105	28	33981	24755
1749532362.4979618	28	34006	24766
1749532367.5141284	28	34023	24779
1749532372.5301614	28	34037	24788
1749532377.54635	28	34063	24801
1749532382.5611827	28	34079	24811
1749532387.5767071	28	34095	24834
1749532392.5932395	28	34119	24842
1749532397.6164966	28	34135	24857
1749532402.632948	28	34159	24868
1749532407.6489158	28	34176	24882
1749532412.664921	28	34192	24894
1749532417.6804848	28	34210	24906
1749532422.6965027	28	34231	24918
1749532427.712807	28	34244	24926
1749532432.7351098	28	34256	24934
1749532437.7515943	28	34271	24942
1749532442.7683253	28	34288	24954
1749532447.7835054	28	34303	24964
1749532452.79859	28	34316	24980
1749532457.8198745	29	34337	24997
1749532462.8359454	29	34362	25009
1749532467.857682	29	34381	25019
1749532472.8738933	29	34395	25032
1749532477.889841	29	34412	25045
1749532482.9064934	29	34435	25055
1749532487.9220262	29	34451	25065
1749532492.9379997	29	34466	25078
1749532497.9535754	29	34478	25085
1749532502.969763	29	34488	25090
1749532507.9857273	29	34501	25104
1749532512.999619	29	34519	25119
1749532518.0131714	29	34538	25129
1749532523.028895	29	34554	25142
1749532528.0455513	29	34572	25152
1749532533.0646966	29	34590	25160
1749532538.0807295	29	34610	25170
1749532543.095698	29	34625	25179
1749532548.1120713	29	34641	25190
1749532553.1289797	29	34655	25197
1749532558.1445806	29	34668	25209
1749532563.1601965	29	34682	25227
1749532568.1745331	29	34696	25236
1749532573.1896975	29	34715	25250
1749532578.2122943	29	34733	25260
1749532583.2290123	29	34750	25272
1749532588.2458198	29	34769	25284
1749532593.2606792	29	34784	25288
1749532598.2759526	29	34794	25304
1749532603.2955134	29	34810	25315
1749532608.3118212	29	34826	25326
1749532613.3288946	29	34839	25342
1749532618.3458967	29	34852	25354
1749532623.3621306	29	34862	25367
1749532628.3785174	29	34877	25378
1749532633.3947675	29	34896	25390
1749532638.4092906	29	34918	25402
1749532643.424763	29	34930	25410
1749532648.4400706	29	34945	25421
1749532653.4564588	29	34965	25437
1749532658.4775245	29	34979	25453
1749532663.491627	29	34993	25463
1749532668.5061328	29	35010	25473
1749532673.5201063	29	35025	25484
1749532678.5353627	29	35039	25494
1749532683.5491416	29	35056	25507
1749532688.5644429	29	35074	25513
1749532693.5783217	29	35088	25524
1749532698.5920591	29	35110	25538
1749532703.6064787	29	35137	25544
1749532708.6202385	29	35150	25561
1749532713.633797	29	35163	25568
1749532718.6480665	29	35177	25582
1749532723.6621099	29	35197	25598
1749532728.6813629	29	35211	25612
1749532733.7016318	29	35225	25622
1749532738.7155948	29	35238	25632
1749532743.7290628	29	35252	25639
1749532748.743159	29	35262	25649
1749532753.758414	29	35277	25655
1749532758.775115	29	35299	25666
1749532763.7954853	29	35318	25674
1749532768.8120658	29	35331	25690
1749532773.8286076	29	35348	25697
1749532778.8446445	29	35359	25708
1749532783.859943	29	35377	25723
1749532788.8755932	29	35389	25730
1749532793.891667	29	35408	25742
1749532798.9075582	29	35427	25753
1749532803.9230444	29	35440	25777
1749532808.9391305	29	35454	25790
1749532813.9543414	29	35470	25803
1749532818.9750683	29	35486	25809
1749532823.9908128	29	35502	25819
1749532829.0065973	29	35519	25836
1749532834.0222735	29	35532	25845
1749532839.0365994	29	35542	25854
1749532844.0516841	29	35562	25863
1749532849.0670834	29	35579	25871
1749532854.0900564	29	35594	25882
1749532859.106741	29	35609	25894
1749532864.1212575	29	35620	25907
1749532869.1370583	29	35635	25917
1749532874.1533835	29	35648	25929
1749532879.1722016	29	35670	25940
1749532884.1882763	29	35694	25951
1749532889.2046018	29	35706	25963
1749532894.2206059	29	35721	25974
1749532899.2416456	29	35734	25984
1749532904.2576005	29	35752	25999
1749532909.2736497	29	35768	26004
1749532914.2894008	29	35785	26017
1749532919.30526	29	35800	26024
1749532924.3274415	29	35817	26032
1749532929.347222	29	35839	26051
1749532934.36282	29	35862	26060
1749532939.3786414	29	35879	26070
1749532944.3943255	29	35894	26076
1749532949.4164007	29	35911	26086
1749532954.4319613	29	35925	26100
1749532959.4472518	29	35937	26105
1749532964.4624004	29	35954	26111
1749532969.478182	29	35964	26124
1749532974.4935153	29	35983	26130
1749532979.5088603	29	36002	26137
1749532984.5325708	29	36012	26149
1749532989.548873	29	36029	26159
1749532994.5641835	29	36045	26170
1749532999.5799077	29	36056	26179
1749533004.5953531	29	36069	26188
1749533009.6108007	29	36087	26196
1749533014.6264617	29	36104	26210
1749533019.642317	29	36118	26224
1749533024.6570735	29	36131	26236
1749533029.6721032	29	36144	26251
1749533034.686559	29	36162	26262
1749533039.7056618	29	36182	26275
1749533044.7210152	29	36197	26291
1749533049.738532	29	36211	26297
1749533054.7530706	29	36233	26304
1749533059.767457	29	36248	26316
1749533064.7827795	29	36263	26323
1749533069.79852	29	36280	26329
1749533074.8145444	29	36296	26338
1749533079.8304706	29	36316	26342
1749533084.8444388	29	36332	26350
1749533089.8597918	29	36349	26360
1749533094.8758206	29	36363	26376
1749533099.8920388	29	36378	26388
1749533104.9071991	29	36390	26400
1749533109.9225395	29	36404	26409
1749533114.9399486	29	36418	26425
1749533119.955685	29	36430	26438
1749533124.9700346	29	36445	26448
1749533129.9862742	29	36456	26465
1749533135.0019915	29	36479	26478
1749533140.017337	29	36497	26489
1749533145.0333962	29	36510	26500
1749533150.049023	29	36531	26509
1749533155.0651808	29	36552	26524
1749533160.081224	29	36572	26530
1749533165.096835	29	36594	26546
1749533170.1132102	29	36616	26560
1749533175.1289413	29	36636	26572
1749533180.1450636	29	36647	26581
1749533185.168094	29	36659	26592
1749533190.1829371	29	36674	26606
1749533195.20023	29	36690	26616
1749533200.2160804	29	36704	26626
1749533205.2325783	29	36722	26634
1749533210.2475996	29	36733	26649
1749533215.2631402	29	36752	26658
1749533220.2825153	29	36770	26667
1749533225.298392	29	36787	26679
1749533230.3140194	29	36796	26688
1749533235.3293748	29	36808	26704
1749533240.3455496	29	36827	26714
1749533245.3594816	29	36843	26721
1749533250.3743324	29	36863	26726
1749533255.3905025	29	36877	26738
1749533260.4070811	29	36890	26750
1749533265.422838	29	36901	26763
1749533270.4374728	29	36918	26776
1749533275.4523628	29	36930	26783
1749533280.4693599	29	36946	26797
1749533285.485223	29	36959	26808
1749533290.5016227	29	36978	26812
1749533295.5174496	29	36993	26828
1749533300.533359	29	37010	26837
1749533305.55619	29	37021	26847
1749533310.5720458	29	37033	26860
1749533315.5880916	29	37051	26874
1749533320.6044424	29	37065	26884
1749533325.6200094	29	37082	26892
1749533330.6414733	29	37098	26906
1749533335.6569743	29	37113	26917
1749533340.6728785	29	37132	26925
1749533345.688754	29	37146	26940
1749533350.7039928	29	37156	26946
1749533355.7200558	29	37170	26957
1749533360.7360275	29	37189	26966
1749533365.751109	29	37199	26980
1749533370.7657795	29	37212	26990
1749533375.780275	29	37235	26997
1749533380.7960696	29	37252	27006
1749533385.8162434	29	37268	27012
1749533390.8303082	29	37285	27021
1749533395.8442357	29	37301	27028
1749533400.8582094	29	37316	27039
1749533405.8719018	29	37326	27050
1749533410.885595	29	37334	27063
1749533415.8993137	29	37349	27082
1749533420.9133463	29	37360	27100
1749533425.9274049	29	37375	27113
1749533430.94166	29	37388	27121
1749533435.9553056	29	37399	27128
1749533440.9694333	29	37409	27143
1749533445.9836807	29	37438	27156
1749533450.9991748	29	37452	27168
1749533456.0159419	29	37470	27183
1749533461.0303564	29	37486	27193
1749533466.0468397	29	37506	27204
1749533471.065056	29	37521	27214
1749533476.080979	29	37538	27221
1749533481.0959473	29	37548	27236
1749533486.1098778	29	37563	27246
1749533491.1255121	29	37580	27251
1749533496.1412466	29	37595	27266
1749533501.1567078	29	37610	27277
1749533506.171228	29	37633	27288
1749533511.1867402	29	37646	27300
1749533516.2073298	29	37657	27307
1749533521.2231967	29	37676	27315
1749533526.2384758	29	37696	27333
1749533531.2524388	30	37712	27345
1749533536.2674904	30	37735	27359
1749533541.2832391	30	37752	27373
1749533546.2991076	30	37763	27386
1749533551.3147013	30	37776	27397
1749533556.3285797	30	37793	27414
1749533561.3434346	30	37812	27421
1749533566.357362	30	37825	27431
1749533571.371751	30	37840	27439
1749533576.387164	30	37850	27450
1749533581.4032373	30	37861	27460
1749533586.4181912	30	37879	27468
1749533591.4330966	30	37893	27483
1749533596.4483263	30	37915	27494
1749533601.4681187	30	37936	27511
1749533606.483818	30	37950	27530
1749533611.4999182	30	37975	27544
1749533616.5144024	30	37981	27558
1749533621.529667	30	37998	27570
1749533626.546121	30	38016	27575
1749533631.562843	30	38027	27583
1749533636.5791333	30	38038	27592
1749533641.594379	30	38051	27602
1749533646.6152272	30	38071	27616
1749533651.6311004	30	38085	27625
1749533656.6468556	30	38098	27637
1749533661.6631167	31	38110	27649
1749533666.6803472	32	38141	27657
1749533671.7015097	32	38156	27667
1749533676.717507	32	38175	27675
1749533681.7387466	32	38189	27680
1749533686.7540157	32	38206	27692
1749533691.7692862	32	38226	27705
1749533696.7844398	32	38242	27717
1749533701.7980115	32	38260	27726
1749533706.8138576	32	38274	27734
1749533711.8298256	32	38293	27740
1749533716.8462899	32	38314	27751
1749533721.8620133	32	38332	27761
1749533726.8845966	32	38344	27774
1749533731.898294	32	38369	27788
1749533736.9133868	32	38392	27805
1749533741.9283671	32	38406	27820
1749533746.9437046	32	38423	27827
1749533751.9599462	32	38433	27839
1749533756.9753463	32	38455	27845
1749533761.9918694	32	38471	27858
1749533767.0069885	32	38490	27869
1749533772.0226352	32	38510	27879
1749533777.0387588	32	38521	27885
1749533782.054234	32	38540	27899
1749533787.0696027	32	38550	27914
1749533792.0906456	32	38560	27917
1749533797.1069064	32	38570	27928
1749533802.1217952	32	38588	27943
1749533807.137827	32	38602	27951
1749533812.154353	32	38623	27957
1749533817.1775799	32	38644	27965
1749533822.194177	32	38661	27971
1749533827.2143033	32	38676	27986
1749533832.2296362	32	38696	27997
1749533837.246385	32	38717	28005
1749533842.262146	32	38735	28018
1749533847.2781053	32	38750	28035
1749533852.2948332	32	38762	28050
1749533857.3110378	32	38778	28055
1749533862.3257244	32	38795	28065
1749533867.340994	32	38811	28077
1749533872.356058	32	38827	28089
1749533877.3715029	32	38837	28097
1749533882.3876588	32	38851	28110
1749533887.403723	32	38863	28130
1749533892.4254515	32	38875	28141
1749533897.4423332	32	38883	28155
1749533902.4585602	32	38898	28166
1749533907.475356	32	38913	28176
1749533912.491957	32	38924	28181
1749533917.5076303	32	38938	28190
1749533922.5237193	32	38954	28204
1749533927.5396776	32	38967	28220
1749533932.555563	32	38980	28234
1749533937.5769346	32	38993	28247
1749533942.5927458	32	39005	28257
1749533947.6071918	32	39029	28269
1749533952.6213148	32	39057	28280
1749533957.6352627	32	39079	28288
1749533962.6489038	32	39096	28294
1749533967.6647575	32	39116	28310
