1750401435.7075124	0	6	4
1750401440.716832	1	18	13
1750401445.7263975	1	33	23
1750401450.7360313	1	44	33
1750401455.7453082	1	54	44
1750401460.7545857	2	68	52
1750401465.7642105	2	84	62
1750401470.7743263	2	100	67
1750401475.784238	3	117	82
1750401480.7943552	3	125	91
1750401485.8042684	3	132	97
1750401490.8155506	3	145	112
1750401495.826405	3	160	120
1750401500.8368967	3	176	129
1750401505.8473523	3	185	143
1750401510.8586779	3	196	155
1750401515.8689039	3	213	165
1750401520.8791542	5	229	175
1750401525.8895717	5	243	182
1750401530.900091	6	257	188
1750401535.9130907	7	272	198
1750401540.92341	7	285	209
1750401545.9340386	7	309	220
1750401550.9448094	7	324	232
1750401555.9554076	8	334	238
1750401560.9682639	8	359	247
1750401565.9786708	8	373	252
1750401570.9889696	8	385	259
1750401575.998971	8	400	267
1750401581.0095966	8	416	278
1750401586.0216947	8	428	287
1750401591.0323575	9	436	298
1750401596.0425096	10	449	310
1750401601.0527875	10	461	317
1750401606.0628362	10	476	330
1750401611.0772688	10	492	341
1750401616.0877302	11	506	353
1750401621.0979657	11	524	366
1750401626.1084049	11	536	369
1750401631.1182735	11	549	379
1750401636.1362293	11	569	383
1750401641.1463337	11	579	394
1750401646.156594	11	589	404
1750401651.1670575	12	605	415
1750401656.1777449	13	619	431
1750401661.1966262	13	630	440
1750401666.207101	14	640	454
1750401671.2180107	14	655	462
1750401676.2286937	14	673	470
1750401681.2391772	14	688	482
1750401686.2580137	15	702	496
1750401691.2687016	15	712	504
1750401696.2788582	16	722	515
1750401701.2893412	16	737	526
1750401706.301898	17	748	534
1750401711.3204935	18	757	550
1750401716.3336349	18	768	560
1750401721.3435307	18	787	569
1750401726.354258	18	794	579
1750401731.36813	19	804	593
1750401736.3848388	20	819	608
1750401741.3984988	20	833	622
1750401746.409023	20	846	630
1750401751.419467	20	857	639
1750401756.4295783	20	866	648
1750401761.4485066	20	877	654
1750401766.4615586	20	886	659
1750401771.4717052	20	899	672
1750401776.481638	20	910	683
1750401781.4934208	20	921	695
1750401786.5127933	20	930	703
1750401791.527643	20	942	715
1750401796.5386872	20	960	729
1750401801.5503414	20	968	738
1750401806.5635004	20	975	750
1750401811.5759087	20	992	755
1750401816.5911198	20	1004	768
1750401821.6037095	20	1011	781
1750401826.61802	20	1023	788
1750401831.6316686	20	1041	796
1750401836.6451795	21	1056	811
1750401841.6604028	21	1066	820
1750401846.6731296	21	1078	830
1750401851.6852314	21	1089	842
1750401856.7003343	21	1103	855
1750401861.7150328	21	1117	864
1750401866.7286198	21	1127	873
1750401871.7416105	21	1146	882
1750401876.7554615	21	1159	890
1750401881.7707329	22	1168	896
1750401886.7849927	22	1185	909
1750401891.8000438	22	1196	926
1750401896.821802	22	1210	932
1750401901.845066	22	1220	941
1750401906.8600702	22	1228	956
1750401911.8760448	22	1239	961
1750401916.8909142	22	1250	976
1750401921.9052484	22	1264	987
1750401926.919491	22	1272	998
1750401931.9346466	22	1290	1006
1750401936.959762	22	1300	1012
1750401941.9801197	22	1318	1021
1750401946.993697	23	1334	1036
1750401952.0089183	23	1347	1044
1750401957.0238006	24	1360	1054
1750401962.0387247	24	1366	1060
1750401967.054592	24	1376	1074
1750401972.07969	24	1386	1086
1750401977.1005635	24	1393	1102
1750401982.115969	24	1405	1113
1750401987.1302385	24	1418	1121
1750401992.14389	24	1430	1131
1750401997.1572607	24	1442	1138
1750402002.1725564	24	1453	1162
1750402007.1876032	24	1468	1172
1750402012.2014558	24	1474	1178
1750402017.216059	24	1481	1184
1750402022.2311983	25	1502	1200
1750402027.2463908	25	1521	1205
1750402032.2616892	25	1540	1213
1750402037.2768986	25	1551	1220
1750402042.2930505	25	1568	1230
1750402047.306447	25	1579	1240
1750402052.320874	25	1586	1244
1750402057.3373158	25	1594	1253
1750402062.3517094	25	1607	1259
1750402067.3664622	25	1620	1265
1750402072.3801556	25	1632	1277
1750402077.394802	28	1653	1286
1750402082.410643	28	1664	1297
1750402087.425094	28	1675	1306
1750402092.440217	28	1688	1318
1750402097.4541147	28	1699	1325
1750402102.4675806	28	1713	1335
1750402107.4822488	28	1731	1342
1750402112.4950924	29	1743	1353
1750402117.5076642	29	1759	1365
1750402122.5226293	29	1775	1371
1750402127.5365307	30	1788	1386
1750402132.5551732	30	1801	1397
1750402137.5702276	30	1816	1400
1750402142.5853755	30	1830	1409
1750402147.6009588	30	1840	1419
1750402152.6164737	30	1854	1428
1750402157.6314986	30	1867	1437
1750402162.6461918	30	1886	1445
1750402167.661197	31	1899	1455
1750402172.675932	32	1909	1462
1750402177.6914775	32	1928	1471
1750402182.705405	33	1939	1484
1750402187.7208674	33	1948	1495
1750402192.7361095	33	1955	1499
1750402197.7509491	33	1970	1515
1750402202.7661505	33	1980	1527
1750402207.7804084	33	1990	1537
1750402212.7948377	33	1999	1545
1750402217.8100593	33	2011	1554
1750402222.8240254	33	2023	1564
1750402227.8393943	33	2035	1571
1750402232.8586311	33	2045	1581
1750402237.8732495	33	2058	1591
1750402242.886549	33	2072	1602
1750402247.901788	33	2084	1616
1750402252.914922	33	2095	1628
1750402257.9320676	33	2109	1643
1750402262.9467983	33	2120	1654
1750402267.9602458	34	2131	1668
1750402272.9740918	34	2144	1676
1750402277.9885266	34	2156	1685
1750402283.0105467	34	2162	1695
1750402288.0251596	34	2172	1699
1750402293.03862	34	2185	1710
1750402298.0519493	34	2201	1717
1750402303.0676742	34	2216	1725
1750402308.083779	34	2227	1733
1750402313.0984807	34	2236	1742
1750402318.1135957	34	2251	1749
1750402323.1289124	35	2267	1768
1750402328.143008	35	2282	1778
1750402333.1596677	35	2298	1787
1750402338.172813	35	2308	1803
1750402343.1855104	35	2320	1812
1750402348.1982837	36	2337	1823
1750402353.2127702	36	2348	1833
1750402358.2261956	36	2366	1842
1750402363.2404122	36	2376	1848
1750402368.253312	36	2397	1857
1750402373.2681618	36	2410	1867
1750402378.2877576	37	2425	1878
1750402383.3021548	37	2438	1885
1750402388.3154874	37	2454	1899
1750402393.33015	37	2464	1913
1750402398.3454406	37	2480	1920
1750402403.3618836	37	2494	1934
1750402408.3764215	37	2504	1940
1750402413.3916285	37	2515	1956
1750402418.4073572	37	2532	1962
1750402423.4235747	37	2544	1968
1750402428.4376338	37	2556	1978
1750402433.4529107	37	2572	1985
1750402438.4681275	38	2590	1996
1750402443.4828176	38	2605	2006
1750402448.4986088	39	2616	2014
1750402453.5113704	39	2627	2020
1750402458.5244637	39	2636	2030
1750402463.539011	39	2643	2039
1750402468.554583	40	2656	2059
1750402473.5687845	40	2666	2074
1750402478.5828357	41	2676	2084
1750402483.598659	41	2690	2095
1750402488.6119409	41	2700	2104
1750402493.6272721	41	2713	2115
1750402498.6427333	41	2725	2125
1750402503.656555	41	2734	2141
1750402508.6716585	41	2744	2157
1750402513.688476	41	2757	2168
1750402518.7029216	41	2769	2180
1750402523.7175696	41	2783	2192
1750402528.7319613	42	2797	2202
1750402533.7475948	42	2807	2207
1750402538.7644248	42	2818	2218
1750402543.779624	42	2837	2229
1750402548.795351	42	2850	2238
1750402553.809296	43	2861	2249
1750402558.8330255	43	2871	2262
1750402563.8480291	43	2886	2273
1750402568.863285	43	2904	2284
1750402573.8786035	43	2920	2295
1750402578.8916383	43	2935	2313
1750402583.9083893	43	2943	2327
1750402588.9246252	43	2962	2338
1750402593.9394836	43	2978	2354
1750402598.9542313	44	2986	2364
1750402603.9693487	44	2996	2375
1750402608.986177	44	3014	2386
1750402613.999996	44	3030	2395
1750402619.0135672	44	3038	2407
1750402624.028858	45	3052	2421
1750402629.0440524	45	3065	2436
1750402634.066468	45	3080	2446
1750402639.081408	45	3093	2459
1750402644.096429	45	3108	2471
1750402649.1119764	45	3130	2480
1750402654.1275396	46	3148	2492
1750402659.148246	46	3168	2497
1750402664.1660578	46	3189	2506
1750402669.1793494	46	3202	2512
1750402674.1922467	46	3212	2517
1750402679.208714	46	3223	2528
1750402684.2313893	46	3236	2536
1750402689.24686	46	3250	2549
1750402694.2611566	46	3268	2560
1750402699.2759595	46	3279	2568
1750402704.289219	46	3288	2581
1750402709.3035557	46	3296	2596
1750402714.3205652	46	3310	2612
1750402719.3343158	46	3318	2623
1750402724.349591	46	3332	2626
1750402729.366356	46	3346	2636
1750402734.3795297	46	3361	2649
1750402739.3977895	46	3372	2660
1750402744.4132595	46	3387	2673
1750402749.4295237	46	3407	2682
1750402754.444854	46	3416	2689
1750402759.4602778	46	3425	2706
1750402764.4756422	46	3434	2715
1750402769.4910169	46	3451	2729
1750402774.5067668	46	3461	2739
1750402779.5227895	46	3471	2747
1750402784.5369368	46	3481	2761
1750402789.5501437	46	3497	2770
1750402794.563655	46	3515	2783
1750402799.5804043	46	3536	2794
1750402804.5940855	46	3557	2804
1750402809.6090763	46	3572	2812
1750402814.6250484	46	3587	2818
1750402819.6399775	46	3606	2827
1750402824.6555736	46	3621	2836
1750402829.6680913	46	3634	2845
1750402834.6829088	46	3643	2856
1750402839.7008796	48	3663	2866
1750402844.7171512	48	3677	2877
1750402849.7321982	48	3691	2887
1750402854.7453406	48	3707	2898
1750402859.7599847	48	3729	2914
1750402864.7791462	48	3739	2921
1750402869.7941785	48	3749	2932
1750402874.8069694	48	3754	2939
1750402879.820758	48	3769	2950
1750402884.836079	48	3782	2965
1750402889.8579922	48	3791	2971
1750402894.8731601	48	3799	2981
1750402899.885887	48	3814	2989
1750402904.8985019	48	3829	2994
1750402909.9130826	48	3849	3002
1750402914.9374003	48	3863	3018
1750402919.9521165	48	3878	3027
1750402924.9675193	48	3896	3045
1750402929.982257	48	3910	3054
1750402934.997732	48	3917	3064
1750402940.0134268	49	3931	3075
1750402945.028276	49	3946	3080
1750402950.0437248	49	3971	3095
1750402955.0578265	50	3986	3109
1750402960.071933	51	4005	3117
1750402965.0945675	51	4017	3129
1750402970.1100364	51	4033	3138
1750402975.123464	51	4049	3149
1750402980.1361957	51	4067	3157
1750402985.1503403	51	4090	3167
1750402990.1725016	51	4102	3180
1750402995.188366	51	4115	3197
1750403000.202383	51	4129	3205
1750403005.218439	51	4137	3219
1750403010.2336009	51	4152	3231
1750403015.24927	51	4163	3240
1750403020.2643507	51	4176	3250
1750403025.2778404	51	4181	3260
1750403030.2918086	51	4196	3272
1750403035.3072343	52	4207	3283
1750403040.3223803	54	4226	3294
1750403045.3378892	54	4244	3308
1750403050.3512857	54	4257	3318
1750403055.365419	54	4262	3328
1750403060.381356	54	4271	3339
1750403065.3989024	54	4287	3349
1750403070.412563	54	4301	3360
1750403075.4258332	54	4321	3368
1750403080.4404278	54	4338	3373
1750403085.4543965	54	4347	3381
1750403090.4684322	54	4356	3391
1750403095.4834392	54	4370	3399
1750403100.4970858	54	4382	3411
1750403105.5118835	54	4390	3424
1750403110.5271318	54	4408	3435
1750403115.5447865	54	4419	3441
1750403120.5603285	54	4427	3453
1750403125.577478	54	4447	3466
1750403130.5934334	55	4462	3482
1750403135.6084938	55	4471	3488
1750403140.623538	55	4492	3492
1750403145.6390498	55	4502	3501
1750403150.6624796	55	4514	3512
1750403155.6847432	55	4530	3523
1750403160.697651	55	4546	3535
1750403165.7128787	55	4560	3547
1750403170.7264636	55	4572	3556
1750403175.7416308	55	4587	3570
1750403180.7614424	55	4600	3583
1750403185.7757711	55	4616	3596
1750403190.789179	55	4634	3605
1750403195.803048	56	4651	3617
1750403200.8180513	58	4666	3630
1750403205.8353376	58	4675	3638
1750403210.8507917	58	4681	3656
1750403215.8640642	58	4695	3666
1750403220.8787975	58	4704	3672
1750403225.8939586	58	4717	3681
1750403230.9161432	58	4727	3692
1750403235.9313412	59	4744	3703
1750403240.9447675	59	4753	3716
1750403245.95923	60	4766	3730
1750403250.9740152	60	4779	3737
1750403255.996427	61	4795	3746
1750403261.012067	61	4804	3755
1750403266.027459	61	4813	3767
1750403271.0413194	61	4828	3776
1750403276.0558174	61	4839	3786
1750403281.0744586	61	4848	3798
1750403286.0890934	61	4856	3810
1750403291.1033907	61	4869	3814
1750403296.1173072	61	4884	3825
1750403301.1297889	61	4898	3829
1750403306.1497285	61	4914	3837
1750403311.1641586	61	4928	3850
1750403316.1812782	61	4944	3858
1750403321.1949668	62	4964	3872
1750403326.209802	62	4971	3883
1750403331.22703	63	4993	3894
1750403336.2422388	63	5002	3905
1750403341.2571354	63	5016	3921
1750403346.270161	63	5030	3934
1750403351.2851937	63	5034	3948
1750403356.306063	63	5044	3957
1750403361.318768	63	5053	3963
1750403366.3320317	63	5070	3977
1750403371.345788	63	5081	3991
1750403376.3598783	63	5090	3997
1750403381.3729508	63	5100	4005
1750403386.3895023	63	5114	4015
1750403391.402113	63	5128	4026
1750403396.4150486	63	5150	4039
1750403401.4381354	63	5162	4045
1750403406.4510922	63	5175	4054
1750403411.4689784	63	5189	4066
1750403416.4818244	63	5201	4075
1750403421.4944308	63	5218	4090
1750403426.513355	63	5230	4107
1750403431.526019	63	5237	4114
1750403436.543413	63	5251	4122
1750403441.5557086	63	5266	4135
1750403446.5680265	64	5283	4140
1750403451.5897396	64	5292	4149
1750403456.6027699	64	5302	4163
1750403461.6183639	64	5320	4177
1750403466.6318076	64	5327	4187
1750403471.6462457	64	5344	4195
1750403476.6641939	64	5354	4210
1750403481.6769137	64	5369	4225
1750403486.695629	64	5384	4240
1750403491.7092388	65	5401	4253
1750403496.7233794	65	5419	4264
1750403501.742782	65	5433	4270
1750403506.755585	66	5448	4279
1750403511.7734773	66	5464	4289
1750403516.7869442	66	5475	4304
1750403521.8001683	66	5482	4314
1750403526.8191128	67	5491	4328
1750403531.832319	67	5500	4340
1750403536.85263	68	5520	4351
1750403541.8664265	68	5532	4358
1750403546.8794863	68	5546	4372
1750403551.8974066	68	5554	4384
1750403556.9112952	68	5576	4389
1750403561.931474	68	5588	4402
1750403566.944561	68	5603	4412
1750403571.9573889	68	5621	4420
1750403576.9748375	68	5635	4430
1750403581.9982388	68	5648	4440
1750403587.012618	68	5666	4448
1750403592.0276906	70	5684	4454
1750403597.0412846	71	5700	4465
1750403602.0548654	71	5715	4474
1750403607.0778303	71	5723	4477
1750403612.0949218	71	5744	4489
1750403617.111483	71	5764	4495
1750403622.1240869	71	5777	4502
1750403627.1380923	71	5796	4509
1750403632.1557999	71	5807	4516
1750403637.1712708	71	5817	4528
1750403642.184631	71	5825	4537
1750403647.1976023	71	5840	4542
1750403652.2144074	72	5855	4554
1750403657.2353137	72	5869	4562
1750403662.2513494	72	5878	4572
1750403667.2640212	72	5895	4579
1750403672.2773614	72	5906	4588
1750403677.2897885	72	5928	4601
1750403682.3020093	72	5941	4613
1750403687.3140135	72	5959	4626
1750403692.3260834	72	5972	4637
1750403697.3483262	72	5989	4643
1750403702.3619785	72	6002	4649
1750403707.3751369	72	6020	4658
1750403712.3890445	72	6037	4667
1750403717.4035132	72	6053	4678
1750403722.4161448	72	6069	4690
1750403727.4345	73	6081	4699
1750403732.4471114	73	6099	4706
1750403737.4594588	73	6114	4716
1750403742.4725606	73	6127	4722
1750403747.4855087	73	6140	4735
1750403752.499018	73	6158	4747
1750403757.5183394	75	6175	4759
1750403762.5399072	75	6194	4768
1750403767.5526989	75	6202	4773
1750403772.5653825	75	6218	4788
1750403777.5786843	75	6229	4803
1750403782.5922709	75	6235	4811
1750403787.6052217	75	6246	4821
1750403792.6182647	75	6258	4826
1750403797.6374428	75	6268	4833
1750403802.650602	75	6280	4849
1750403807.6646395	75	6294	4857
1750403812.679301	76	6304	4874
1750403817.6928117	76	6315	4886
1750403822.7079096	78	6330	4898
1750403827.725166	78	6342	4910
1750403832.7383301	78	6351	4919
1750403837.750885	78	6365	4927
1750403842.7633352	78	6379	4934
1750403847.7755723	78	6394	4942
1750403852.7883072	78	6406	4950
1750403857.8029895	79	6414	4963
1750403862.8237817	79	6421	4977
1750403867.8367646	79	6428	4988
1750403872.8508925	79	6445	5001
1750403877.8641684	80	6458	5010
1750403882.8777833	80	6467	5021
1750403887.8997924	80	6488	5038
1750403892.9127498	80	6502	5045
1750403897.9251552	80	6515	5054
1750403902.9394805	81	6527	5063
1750403907.9548166	81	6537	5073
1750403912.9775376	81	6551	5088
1750403917.991185	81	6562	5095
1750403923.0039127	81	6577	5102
1750403928.017942	81	6590	5112
1750403933.031767	81	6603	5123
1750403938.0511167	82	6610	5132
1750403943.0648212	82	6619	5142
1750403948.0795584	83	6640	5150
1750403953.095952	83	6658	5163
1750403958.1086223	84	6671	5171
1750403963.123587	84	6685	5185
1750403968.1364467	84	6699	5199
1750403973.1492188	84	6717	5208
1750403978.1643791	84	6723	5219
1750403983.179037	85	6738	5229
1750403988.197825	85	6750	5239
1750403993.212393	85	6762	5250
1750403998.225713	85	6771	5265
1750404003.238341	85	6784	5280
1750404008.2526517	85	6799	5283
1750404013.2682447	85	6814	5290
1750404018.2828257	85	6825	5299
1750404023.2981653	85	6837	5309
1750404028.3130157	85	6852	5318
1750404033.3279364	85	6866	5329
1750404038.3431838	85	6886	5340
1750404043.3585963	85	6897	5348
1750404048.3720663	85	6909	5355
1750404053.386694	85	6926	5364
1750404058.402896	86	6936	5377
1750404063.4178855	86	6948	5385
1750404068.4325643	86	6957	5392
1750404073.4483747	86	6970	5407
1750404078.4638762	86	6984	5421
1750404083.4795122	87	7004	5430
1750404088.4971678	88	7016	5445
1750404093.5105839	89	7031	5454
1750404098.5227766	89	7043	5465
1750404103.535069	89	7051	5476
1750404108.5495517	91	7058	5484
1750404113.5724266	91	7064	5498
1750404118.5872314	91	7085	5507
1750404123.6019151	91	7097	5517
1750404128.6162872	91	7114	5526
1750404133.6321008	91	7132	5534
1750404138.6525145	92	7145	5541
1750404143.6672401	92	7160	5556
1750404148.6832013	92	7172	5569
1750404153.6971931	92	7188	5586
1750404158.7113066	92	7208	5594
1750404163.7321656	92	7220	5602
1750404168.7472286	92	7235	5613
1750404173.7622244	92	7249	5622
1750404178.774667	92	7265	5637
1750404183.7888901	92	7282	5647
1750404188.8082263	92	7297	5660
1750404193.8228638	92	7320	5669
1750404198.8379538	92	7327	5678
1750404203.851403	92	7340	5689
1750404208.8662114	93	7353	5708
1750404213.8856587	93	7371	5723
1750404218.9002001	94	7382	5730
1750404223.9157481	95	7393	5739
1750404228.9295466	95	7397	5751
1750404233.9456606	95	7412	5764
1750404238.9666083	95	7423	5777
1750404243.9816995	95	7442	5789
1750404248.9973927	95	7456	5794
1750404254.011888	95	7469	5802
1750404259.0274177	95	7480	5817
1750404264.045549	95	7496	5824
1750404269.0613854	95	7511	5833
1750404274.0766304	95	7527	5842
1750404279.0902183	95	7540	5857
1750404284.1051717	95	7558	5866
1750404289.129433	95	7570	5875
1750404294.1453106	95	7579	5886
1750404299.1605492	96	7590	5899
1750404304.1753657	97	7603	5908
1750404309.191321	98	7615	5918
1750404314.2128282	98	7628	5928
1750404319.2284708	98	7644	5941
1750404324.2433672	98	7656	5951
1750404329.2591965	98	7670	5964
1750404334.2753398	100	7685	5977
1750404339.2940512	100	7698	5980
1750404344.311527	100	7712	5988
1750404349.3284843	101	7718	6003
1750404354.3447793	101	7733	6017
1750404359.3609648	102	7745	6027
1750404364.3821666	102	7761	6041
1750404369.39898	103	7780	6057
1750404374.413086	103	7793	6064
1750404379.4265273	104	7805	6081
1750404384.4421015	104	7819	6087
1750404389.4668512	104	7831	6099
1750404394.4845374	104	7849	6105
1750404399.5011275	105	7871	6114
1750404404.5150394	105	7887	6129
1750404409.5307035	105	7903	6137
1750404414.5512187	105	7918	6142
1750404419.5726824	105	7929	6148
1750404424.5894067	105	7938	6156
1750404429.6041317	105	7949	6169
1750404434.6214273	105	7961	6185
1750404439.639254	105	7976	6193
1750404444.6623347	105	7984	6199
1750404449.676981	107	8001	6210
1750404454.6948183	107	8018	6219
1750404459.7102969	107	8032	6233
1750404464.7266493	108	8045	6241
1750404469.749234	108	8063	6249
1750404474.7658799	108	8075	6262
1750404479.7807217	109	8087	6273
1750404484.7956643	109	8105	6280
1750404489.8115618	109	8115	6286
1750404494.836844	109	8124	6301
1750404499.8518424	109	8134	6314
1750404504.8677547	109	8139	6318
1750404509.883893	109	8142	6324
1750404514.898411	109	8152	6334
1750404519.9240205	109	8167	6343
1750404524.9393888	109	8180	6354
1750404529.955645	109	8193	6366
1750404534.9725926	109	8207	6373
1750404539.988045	109	8224	6380
1750404545.0105283	110	8238	6392
1750404550.026868	110	8251	6405
1750404555.0434282	110	8268	6409
1750404560.0609884	110	8285	6416
1750404565.0786014	110	8291	6424
1750404570.0945642	111	8305	6427
1750404575.1107423	112	8311	6451
1750404580.1267276	112	8322	6461
1750404585.1419284	112	8336	6474
1750404590.1560948	112	8346	6479
1750404595.1738775	112	8363	6491
1750404600.1877353	112	8377	6506
1750404605.2017388	113	8391	6518
1750404610.217087	113	8401	6528
1750404615.23263	114	8418	6538
1750404620.2555637	114	8434	6548
1750404625.2723277	115	8448	6562
1750404630.2867799	115	8461	6579
1750404635.3004887	115	8471	6593
1750404640.3135717	115	8483	6605
1750404645.3369844	115	8497	6618
1750404650.3508573	115	8510	6632
1750404655.3641868	115	8519	6640
1750404660.3777385	115	8533	6650
1750404665.392656	115	8544	6666
1750404670.4063442	115	8551	6669
1750404675.4203699	115	8566	6680
1750404680.4346592	115	8582	6692
1750404685.4527187	115	8596	6699
1750404690.4776213	115	8609	6707
1750404695.4914465	115	8623	6718
1750404700.5053408	115	8640	6732
1750404705.518715	115	8655	6740
1750404710.5332427	116	8666	6759
1750404715.5518603	116	8676	6766
1750404720.5666966	116	8690	6778
1750404725.5875924	116	8701	6785
1750404730.6012013	117	8715	6799
1750404735.616811	117	8731	6810
1750404740.6420782	117	8743	6816
1750404745.6564302	117	8755	6824
1750404750.6743844	118	8771	6833
1750404755.6893163	119	8782	6844
1750404760.7062418	120	8796	6855
1750404765.7265687	120	8811	6866
1750404770.7408204	120	8832	6876
1750404775.7588685	121	8851	6884
1750404780.7771828	121	8870	6892
1750404785.7931488	121	8889	6898
1750404790.809401	121	8906	6916
1750404795.8237102	123	8921	6926
1750404800.8418772	123	8936	6934
1750404805.8571053	123	8944	6940
1750404810.8753302	123	8964	6955
1750404815.8935673	123	8982	6964
1750404820.909002	123	8997	6976
1750404825.9280074	123	9010	6993
1750404830.9448862	124	9019	7000
1750404835.9587328	124	9032	7008
1750404840.9779363	125	9050	7018
1750404845.9935899	125	9064	7024
1750404851.0160644	126	9092	7035
1750404856.0326228	127	9105	7046
1750404861.047371	127	9122	7053
1750404866.0635486	127	9136	7069
1750404871.0799935	127	9144	7082
1750404876.0994139	128	9158	7094
1750404881.1160626	128	9173	7105
1750404886.1319635	128	9185	7112
1750404891.1494396	129	9193	7124
1750404896.1763058	129	9206	7127
1750404901.190975	129	9216	7136
1750404906.2071311	129	9230	7147
1750404911.2247412	129	9244	7159
1750404916.2385554	129	9256	7168
1750404921.2602236	130	9275	7178
1750404926.275966	130	9288	7193
1750404931.2926388	130	9305	7200
1750404936.3092513	130	9315	7211
1750404941.3255546	130	9326	7226
1750404946.3433988	130	9334	7231
1750404951.3580973	130	9353	7240
1750404956.3735383	130	9368	7248
1750404961.389885	130	9386	7253
1750404966.406668	130	9393	7262
1750404971.427884	131	9413	7270
1750404976.4430366	131	9425	7283
1750404981.4584439	131	9430	7291
1750404986.4744437	131	9441	7304
1750404991.4929152	131	9458	7319
1750404996.5149424	131	9469	7327
1750405001.5317261	131	9484	7335
1750405006.5483277	131	9502	7350
1750405011.5643485	132	9515	7365
1750405016.5808082	133	9533	7375
1750405021.6026628	133	9548	7384
1750405026.6196618	133	9560	7392
1750405031.6362174	133	9576	7409
1750405036.6528826	133	9581	7420
1750405041.669062	133	9591	7436
1750405046.6924744	133	9610	7447
1750405051.710261	133	9621	7458
1750405056.725381	133	9636	7464
1750405061.7390049	134	9648	7473
1750405066.7539208	134	9655	7478
1750405071.7774801	135	9671	7493
1750405076.7979956	135	9686	7502
1750405081.8130407	135	9705	7511
1750405086.8290024	135	9724	7522
1750405091.8441052	135	9741	7529
1750405096.8663137	135	9749	7538
1750405101.8862987	135	9757	7545
1750405106.9023364	135	9775	7554
1750405111.9165378	135	9796	7565
1750405116.9304285	135	9810	7573
1750405121.9501028	135	9821	7582
1750405126.974697	136	9840	7599
1750405131.9917452	136	9859	7607
1750405137.0065475	137	9874	7616
1750405142.0225792	138	9888	7626
1750405147.0406582	138	9900	7638
1750405152.0666485	138	9916	7653
1750405157.0826848	138	9936	7664
1750405162.0977929	138	9947	7679
1750405167.114044	138	9960	7690
1750405172.131236	138	9970	7698
1750405177.150884	138	9982	7711
1750405182.1651366	138	9993	7715
1750405187.1809425	138	10014	7720
1750405192.1975086	138	10018	7727
1750405197.2136233	138	10029	7737
1750405202.2381406	138	10041	7746
1750405207.2548382	138	10060	7753
1750405212.2699316	138	10066	7762
1750405217.287099	139	10078	7778
1750405222.3059356	139	10087	7786
1750405227.3282506	139	10099	7803
1750405232.3442228	139	10109	7816
1750405237.362278	140	10123	7823
1750405242.380214	140	10139	7830
1750405247.3975837	141	10149	7840
1750405252.4195938	141	10158	7851
1750405257.433616	141	10167	7862
1750405262.4475164	141	10176	7868
1750405267.462869	141	10192	7881
1750405272.483833	141	10201	7890
1750405277.499867	141	10216	7900
1750405282.5148473	141	10226	7907
1750405287.53029	142	10242	7919
1750405292.54608	142	10255	7931
1750405297.5623538	143	10267	7939
1750405302.577227	144	10282	7946
1750405307.5924246	144	10298	7957
1750405312.6073017	145	10309	7969
1750405317.6243224	145	10319	7978
1750405322.6423888	145	10331	7988
1750405327.659553	146	10345	8001
1750405332.67599	147	10367	8019
1750405337.6942852	147	10390	8029
1750405342.7109077	147	10404	8039
1750405347.7256339	147	10415	8053
1750405352.743111	147	10428	8064
1750405357.758349	147	10451	8073
1750405362.7743642	147	10473	8086
1750405367.7892525	147	10484	8098
1750405372.8047383	148	10495	8114
1750405377.8213184	148	10508	8120
1750405382.8397884	149	10521	8133
1750405387.856512	149	10533	8138
1750405392.875768	149	10543	8147
1750405397.8905728	149	10549	8156
1750405402.9073267	149	10557	8168
1750405407.925279	149	10568	8176
1750405412.9404447	149	10581	8187
1750405417.9590101	150	10599	8193
1750405422.974973	150	10612	8210
1750405427.9927835	150	10626	8219
1750405433.00927	151	10638	8233
1750405438.0258775	152	10653	8248
1750405443.0458024	152	10659	8260
1750405448.0630279	152	10675	8269
1750405453.0788145	152	10685	8282
1750405458.0946562	152	10698	8294
1750405463.1109931	152	10707	8305
1750405468.1331565	152	10722	8314
1750405473.1509378	152	10734	8320
1750405478.1673057	152	10744	8328
1750405483.184387	152	10752	8341
1750405488.2001143	153	10765	8354
1750405493.223293	153	10782	8366
1750405498.2408097	153	10790	8378
1750405503.2576387	153	10800	8384
1750405508.2742116	154	10813	8402
1750405513.2918842	154	10827	8415
1750405518.309087	154	10843	8431
1750405523.3243167	154	10852	8439
1750405528.3398666	154	10863	8449
1750405533.3557858	154	10871	8455
1750405538.3729193	154	10883	8463
1750405543.3964384	156	10900	8475
1750405548.412022	156	10910	8480
1750405553.4269364	156	10928	8491
1750405558.4408228	157	10941	8509
1750405563.4581296	157	10956	8518
1750405568.4719093	157	10966	8530
1750405573.485721	157	10984	8540
1750405578.499266	158	11000	8548
1750405583.5129054	159	11015	8562
1750405588.526342	160	11029	8571
1750405593.5399806	160	11041	8584
1750405598.5565252	160	11053	8596
1750405603.570035	161	11059	8606
1750405608.5937996	161	11071	8618
1750405613.6073332	161	11085	8626
1750405618.6225104	161	11105	8640
1750405623.6452062	161	11113	8649
1750405628.6685486	162	11138	8659
1750405633.6868715	163	11146	8671
1750405638.7028604	163	11159	8681
1750405643.7190351	163	11171	8699
1750405648.7356677	163	11183	8702
1750405653.7600095	163	11196	8710
1750405658.775955	163	11206	8724
1750405663.7925293	163	11224	8734
1750405668.8083012	163	11234	8745
1750405673.8242314	163	11254	8756
1750405678.8452992	163	11263	8764
1750405683.8627403	164	11277	8776
1750405688.8775377	164	11285	8779
1750405693.8934226	164	11294	8786
1750405698.9114447	164	11307	8798
1750405703.9308379	164	11319	8811
1750405708.9489417	164	11336	8816
1750405713.9630325	165	11345	8827
1750405718.9800155	165	11356	8836
1750405723.996707	165	11370	8841
1750405729.0173383	165	11384	8851
1750405734.0393176	165	11390	8862
1750405739.053696	165	11410	8872
1750405744.0677998	165	11417	8887
1750405749.0844388	165	11430	8891
1750405754.1063902	165	11440	8901
1750405759.1267264	165	11455	8914
1750405764.140984	166	11468	8929
1750405769.1549911	166	11478	8937
1750405774.1714535	166	11485	8945
1750405779.1950185	166	11497	8958
1750405784.2174244	167	11514	8966
1750405789.232217	167	11525	8971
1750405794.2465732	167	11543	8984
1750405799.2626753	168	11555	8997
1750405804.2818682	168	11574	9009
1750405809.3035355	168	11587	9015
1750405814.3181589	168	11602	9031
1750405819.3351	168	11620	9040
1750405824.3515484	168	11639	9047
1750405829.3723547	168	11652	9059
1750405834.3956907	168	11664	9072
1750405839.4111388	168	11680	9083
1750405844.4274032	169	11692	9097
1750405849.4447744	170	11705	9110
1750405854.462186	171	11717	9122
1750405859.486644	171	11729	9133
1750405864.502209	171	11740	9145
1750405869.5188327	172	11750	9154
1750405874.5361695	172	11760	9165
1750405879.5522702	172	11771	9177
1750405884.580411	172	11782	9186
1750405889.5952537	172	11799	9194
1750405894.6095934	172	11810	9202
1750405899.6239765	172	11821	9212
1750405904.645239	172	11832	9222
1750405909.6593075	172	11839	9228
1750405914.6729982	172	11849	9237
1750405919.6870139	172	11858	9248
1750405924.7026615	172	11874	9263
1750405929.7169836	173	11890	9273
1750405934.7321682	173	11903	9289
1750405939.748659	174	11918	9307
1750405944.7647634	174	11936	9315
1750405949.7899323	174	11956	9324
1750405954.8050025	175	11974	9335
1750405959.820682	175	11992	9347
1750405964.8421044	175	12005	9359
1750405969.8672833	175	12016	9370
1750405974.8820512	176	12029	9386
1750405979.8965495	177	12045	9395
1750405984.913139	178	12054	9414
1750405989.9328778	178	12064	9421
1750405994.958511	178	12073	9432
1750405999.9770322	179	12087	9442
1750406004.9921122	179	12094	9449
1750406010.008641	179	12109	9462
1750406015.0262332	180	12119	9476
1750406020.0493853	180	12125	9489
1750406025.0696652	180	12138	9502
1750406030.0880501	180	12154	9509
1750406035.104931	180	12167	9518
1750406040.120111	182	12185	9532
1750406045.1453526	183	12198	9539
1750406050.1634984	183	12209	9548
1750406055.18041	184	12219	9562
1750406060.1970959	184	12232	9570
1750406065.212788	184	12243	9578
1750406070.239898	184	12257	9590
1750406075.2591705	184	12269	9600
1750406080.2753513	184	12274	9613
1750406085.2919533	184	12283	9626
1750406090.308652	184	12298	9641
1750406095.3300467	184	12312	9646
1750406100.3488567	184	12329	9651
1750406105.3649955	184	12348	9658
1750406110.3818424	184	12364	9668
1750406115.3985841	184	12375	9678
1750406120.4197023	184	12394	9685
1750406125.4398737	185	12405	9697
1750406130.4546256	186	12418	9705
1750406135.4722815	186	12434	9717
1750406140.490329	186	12447	9727
1750406145.5083706	186	12460	9735
1750406150.5302718	186	12473	9744
1750406155.5471883	186	12487	9751
1750406160.5635064	186	12500	9757
1750406165.5805988	186	12510	9769
1750406170.5963857	187	12523	9780
1750406175.6189067	187	12534	9791
1750406180.6351664	188	12546	9799
1750406185.6515267	188	12557	9808
1750406190.6680553	188	12570	9817
1750406195.6882348	189	12583	9827
1750406200.7115157	190	12601	9840
1750406205.7267716	191	12614	9849
1750406210.7428596	191	12623	9858
1750406215.7602346	191	12639	9870
1750406220.777493	191	12653	9884
1750406225.793837	191	12667	9894
1750406230.8104963	191	12682	9905
1750406235.8273885	191	12699	9910
1750406240.8445468	191	12707	9916
1750406245.8709936	191	12723	9928
1750406250.8976188	191	12737	9940
1750406255.9148235	192	12747	9952
1750406260.9324286	193	12764	9961
1750406265.9501128	193	12771	9973
1750406270.966343	193	12783	9986
1750406275.991091	193	12797	9998
1750406281.0088677	194	12806	10009
1750406286.0263674	194	12816	10020
1750406291.044061	194	12825	10029
1750406296.0614276	194	12836	10039
1750406301.0762706	194	12849	10049
1750406306.0906534	194	12865	10059
1750406311.105051	194	12878	10066
1750406316.1194727	194	12888	10081
1750406321.134508	194	12899	10090
1750406326.148852	194	12914	10097
1750406331.1645315	194	12925	10110
1750406336.1789458	194	12937	10123
1750406341.192899	196	12949	10136
1750406346.2071517	196	12964	10145
1750406351.2215278	196	12978	10153
1750406356.2356493	196	12992	10160
1750406361.258424	197	13006	10173
1750406366.275888	197	13020	10183
1750406371.2902696	197	13037	10190
1750406376.304782	198	13049	10200
1750406381.3273518	198	13066	10212
1750406386.3505294	198	13073	10225
1750406391.3708918	198	13087	10232
1750406396.3848388	198	13099	10242
1750406401.3988335	199	13113	10260
1750406406.4128354	200	13129	10271
1750406411.4269817	200	13138	10279
1750406416.4412625	200	13150	10287
1750406421.4564471	201	13167	10298
1750406426.4772725	201	13181	10310
1750406431.491264	202	13192	10317
1750406436.5053318	203	13204	10326
1750406441.519414	204	13221	10338
1750406446.5371218	204	13237	10346
1750406451.5512202	204	13250	10354
1750406456.5708008	204	13264	10366
1750406461.5848055	205	13278	10382
1750406466.5991142	205	13292	10392
1750406471.6130838	205	13309	10400
1750406476.627302	205	13326	10409
1750406481.6436992	205	13339	10421
1750406486.6602437	205	13345	10433
1750406491.6824887	205	13361	10440
1750406496.6966238	205	13378	10451
1750406501.710503	205	13392	10461
1750406506.724718	205	13403	10469
1750406511.7495558	205	13415	10478
1750406516.7706707	205	13435	10482
1750406521.7847624	205	13449	10488
1750406526.7990098	205	13460	10492
1750406531.8132088	205	13467	10500
1750406536.8346455	205	13476	10507
1750406541.8600347	207	13489	10516
1750406546.874704	207	13505	10522
1750406551.888757	208	13511	10541
1750406556.902943	208	13530	10549
1750406561.9258652	208	13546	10555
1750406566.9507117	208	13560	10565
1750406571.9680417	208	13574	10583
1750406576.9827013	209	13592	10595
1750406581.9967713	209	13603	10601
1750406587.0160313	209	13615	10607
1750406592.0408583	209	13632	10623
1750406597.0551543	209	13644	10639
1750406602.0704002	209	13656	10651
1750406607.0851777	210	13670	10660
1750406612.1052501	210	13687	10671
1750406617.1194503	210	13698	10682
1750406622.1343558	210	13722	10691
1750406627.1482599	211	13740	10703
1750406632.1626005	211	13752	10711
1750406637.1768668	211	13761	10721
1750406642.190933	211	13777	10732
1750406647.2092955	211	13792	10740
1750406652.2232077	212	13802	10754
1750406657.2476099	213	13817	10766
1750406662.262064	214	13832	10777
1750406667.2764401	214	13843	10783
1750406672.3005269	215	13859	10796
1750406677.3257306	215	13874	10809
1750406682.340817	216	13885	10819
1750406687.35519	217	13895	10832
1750406692.3693066	217	13908	10839
1750406697.3939867	217	13923	10852
1750406702.4080582	217	13931	10860
1750406707.422389	217	13939	10866
1750406712.436615	217	13952	10874
1750406717.4567502	217	13965	10887
1750406722.4709098	217	13978	10897
1750406727.4850543	217	13991	10911
1750406732.4993377	217	14001	10928
1750406737.5197968	217	14012	10936
1750406742.5338962	217	14025	10946
1750406747.5480168	217	14036	10956
1750406752.5637674	217	14051	10961
1750406757.5781474	217	14072	10971
1750406762.5925043	217	14091	10977
1750406767.6069431	217	14099	10981
1750406772.626879	219	14110	10993
1750406777.6500168	219	14128	11001
1750406782.670668	219	14144	11009
1750406787.685156	220	14158	11020
1750406792.6993024	221	14172	11028
1750406797.7135513	221	14181	11041
1750406802.7277396	221	14197	11052
1750406807.7420194	222	14203	11058
1750406812.7571785	223	14217	11074
1750406817.7716074	223	14230	11085
1750406822.7900398	224	14245	11097
1750406827.8044422	224	14255	11112
1750406832.8183749	224	14272	11119
1750406837.8325958	224	14283	11131
1750406842.8466363	224	14292	11138
1750406847.8605964	225	14302	11147
1750406852.8749185	225	14315	11157
1750406857.890288	225	14323	11164
1750406862.9060302	225	14333	11173
1750406867.9204817	225	14347	11187
1750406872.9442308	225	14361	11196
1750406877.958432	225	14368	11211
1750406882.9728174	225	14383	11227
1750406887.986805	225	14397	11237
1750406893.0009866	226	14407	11246
1750406898.0166883	226	14422	11257
1750406903.0403383	226	14434	11268
1750406908.0624583	226	14443	11279
1750406913.0765648	226	14452	11288
1750406918.0910316	226	14466	11301
1750406923.105057	226	14482	11313
1750406928.1195252	226	14488	11318
1750406933.135541	228	14505	11332
1750406938.1503773	228	14517	11350
1750406943.1742918	229	14528	11356
1750406948.1884243	229	14541	11360
1750406953.2024388	229	14553	11368
1750406958.216937	229	14566	11384
1750406963.2418334	229	14582	11395
1750406968.2565882	229	14591	11408
1750406973.2793846	229	14607	11416
1750406978.2937412	229	14614	11420
1750406983.3079262	230	14639	11432
1750406988.3219507	230	14661	11445
1750406993.3384037	230	14679	11455
1750406998.3529646	230	14688	11468
1750407003.3780012	230	14705	11479
1750407008.3923676	231	14719	11486
1750407013.4066908	231	14728	11496
1750407018.4230046	232	14739	11509
1750407023.439637	232	14749	11518
1750407028.4541128	232	14762	11528
1750407033.4684653	232	14776	11543
1750407038.4899504	232	14788	11554
1750407043.504445	232	14794	11561
1750407048.5290754	232	14803	11570
1750407053.543804	232	14816	11586
1750407058.5586405	233	14834	11593
1750407063.5726779	233	14848	11605
1750407068.5870569	233	14858	11614
1750407073.6014147	234	14866	11624
1750407078.6180902	234	14874	11637
1750407083.632374	234	14890	11646
1750407088.6461961	234	14901	11654
1750407093.6603909	235	14917	11663
1750407098.6750119	235	14933	11673
1750407103.6895785	235	14945	11686
1750407108.7038581	236	14961	11698
1750407113.7254882	237	14975	11707
1750407118.7398796	237	14988	11718
1750407123.7538495	237	15013	11725
1750407128.7680979	237	15033	11730
1750407133.7903159	237	15050	11739
1750407138.8050978	238	15072	11747
1750407143.8193808	238	15081	11758
1750407148.8334103	239	15100	11768
1750407153.8473978	239	15122	11775
1750407158.8618028	239	15135	11785
1750407163.876227	239	15145	11799
1750407168.890147	239	15160	11814
1750407173.9045944	240	15176	11824
1750407178.9186778	240	15183	11828
1750407183.9412344	240	15196	11840
1750407188.9554908	240	15210	11847
1750407193.970676	240	15224	11853
1750407198.9845974	240	15237	11868
1750407204.0059633	240	15243	11877
1750407209.0202327	240	15259	11887
1750407214.0342584	240	15275	11896
1750407219.0484831	241	15294	11910
1750407224.06246	241	15308	11918
1750407229.076823	241	15326	11924
1750407234.0910695	241	15332	11939
1750407239.1155064	241	15341	11949
1750407244.1408937	241	15354	11958
1750407249.1602614	241	15363	11966
1750407254.1742623	241	15374	11971
1750407259.1885033	241	15389	11983
1750407264.2118487	241	15402	11998
1750407269.2337945	241	15412	12005
1750407274.2519586	241	15427	12009
1750407279.2667584	241	15440	12014
1750407284.281599	241	15456	12027
1750407289.2958686	241	15467	12036
1750407294.3100345	241	15479	12045
1750407299.3240502	241	15486	12054
1750407304.3382318	242	15500	12072
1750407309.360796	242	15508	12085
1750407314.3751285	242	15524	12091
1750407319.3891451	242	15535	12101
1750407324.4030502	242	15547	12104
1750407329.4241576	242	15561	12115
1750407334.4384708	242	15567	12123
1750407339.460122	243	15582	12132
1750407344.4749355	243	15596	12141
1750407349.489023	243	15604	12154
1750407354.5031185	243	15610	12162
1750407359.5172653	243	15626	12174
1750407364.5315006	243	15636	12181
1750407369.5498686	243	15648	12188
1750407374.5722473	243	15657	12198
1750407379.5865264	243	15666	12207
1750407384.600893	243	15682	12216
1750407389.61497	244	15698	12224
1750407394.639921	245	15708	12237
1750407399.662562	245	15720	12249
1750407404.677064	245	15733	12264
1750407409.6914997	245	15746	12275
1750407414.705665	245	15755	12283
1750407419.719866	245	15774	12294
1750407424.7338996	246	15790	12306
1750407429.7480261	246	15805	12314
1750407434.7624564	246	15816	12319
1750407439.7815483	247	15825	12328
1750407444.7959735	247	15841	12341
1750407449.8100665	247	15854	12350
1750407454.8242664	247	15868	12361
1750407459.8386261	247	15883	12367
1750407464.853129	247	15900	12378
1750407469.8749862	247	15909	12389
1750407474.8890004	247	15916	12402
1750407479.9032118	247	15925	12411
1750407484.9177954	248	15941	12425
1750407489.9322195	248	15959	12430
1750407494.9463658	248	15969	12445
1750407499.960529	249	15984	12458
1750407504.9834719	249	16003	12476
1750407509.9975953	249	16015	12485
1750407515.0171018	249	16030	12496
1750407520.0315125	249	16048	12509
1750407525.045908	249	16058	12518
1750407530.069653	250	16070	12535
1750407535.0840316	250	16086	12546
1750407540.1073034	250	16095	12556
1750407545.1213675	251	16109	12563
