1750052074.4252458	0	18	18
1750052079.4355764	0	33	32
1750052084.4476492	1	51	55
1750052089.459129	1	60	67
1750052094.4695885	1	77	79
1750052099.4841218	2	92	101
1750052104.4974551	2	101	117
1750052109.5103524	3	116	129
1750052114.5213668	4	125	145
1750052119.5346415	4	141	155
1750052124.5482712	6	156	173
1750052129.5601618	6	171	198
1750052134.573582	7	190	213
1750052139.5870252	7	203	226
1750052144.5998769	7	219	238
1750052149.61133	7	241	248
1750052154.6255057	8	254	262
1750052159.640333	8	265	277
1750052164.6539576	8	289	294
1750052169.667639	9	309	309
1750052174.6800778	11	329	327
1750052179.6935198	11	342	335
1750052184.715713	13	359	352
1750052189.729742	13	368	365
1750052194.7433598	13	390	378
1750052199.756406	13	402	392
1750052204.768398	13	419	401
1750052209.779357	13	438	413
1750052214.7930646	13	451	426
1750052219.8040702	13	463	441
1750052224.8149672	13	476	452
1750052229.8287551	13	490	475
1750052234.842365	13	505	484
1750052239.856205	13	513	497
1750052244.8696053	13	527	518
1750052249.8900993	13	541	529
1750052254.90293	13	557	543
1750052259.916819	13	570	559
1750052264.930459	14	586	572
1750052269.9437609	14	600	588
1750052274.9570858	14	613	601
1750052279.9718616	15	630	617
1750052284.9854052	15	642	627
1750052289.9989574	15	655	650
1750052295.011631	15	666	663
1750052300.0249667	15	677	680
1750052305.039398	15	689	689
1750052310.052778	16	698	707
1750052315.073626	16	715	722
1750052320.0843034	16	728	734
1750052325.0974865	16	741	742
1750052330.1125364	16	756	754
1750052335.1257148	16	771	771
1750052340.1384425	17	782	791
1750052345.1519806	17	793	799
1750052350.1659691	17	805	811
1750052355.1798189	17	819	834
1750052360.194036	17	837	846
1750052365.2074115	17	851	861
1750052370.2220323	17	859	875
1750052375.2360282	17	874	886
1750052380.2567847	17	885	904
1750052385.2707508	18	895	929
1750052390.284224	19	908	945
1750052395.2979996	19	918	959
1750052400.3112297	19	931	980
1750052405.325666	20	949	1000
1750052410.339069	20	957	1009
1750052415.3539567	20	978	1026
1750052420.3680108	20	991	1047
1750052425.3826253	21	1006	1065
1750052430.396369	21	1022	1083
1750052435.4109962	21	1040	1096
1750052440.4260986	21	1051	1113
1750052445.4471772	21	1074	1124
1750052450.461702	21	1085	1136
1750052455.4742785	21	1097	1156
1750052460.486146	21	1107	1170
1750052465.5029347	21	1130	1185
1750052470.5178216	21	1153	1195
1750052475.5333548	21	1166	1211
1750052480.546239	21	1182	1227
1750052485.5604906	23	1200	1245
1750052490.5735304	23	1210	1263
1750052495.5863464	23	1231	1284
1750052500.5999444	23	1246	1294
1750052505.6131814	23	1260	1306
1750052510.6264563	23	1275	1320
1750052515.6404045	23	1293	1331
1750052520.6565652	23	1310	1347
1750052525.6707575	23	1327	1355
1750052530.6835458	23	1341	1370
1750052535.6973357	23	1358	1381
1750052540.7132883	24	1371	1398
1750052545.7272823	24	1387	1407
1750052550.7452078	24	1400	1416
1750052555.7597616	24	1416	1437
1750052560.780048	24	1428	1450
1750052565.7952209	25	1440	1468
1750052570.8092918	25	1449	1485
1750052575.8211734	25	1456	1496
1750052580.8354468	26	1466	1511
1750052585.8527806	26	1481	1525
1750052590.8670177	26	1490	1540
1750052595.8820124	26	1507	1558
1750052600.8977652	26	1524	1570
1750052605.9125798	26	1538	1582
1750052610.9270365	26	1551	1599
1750052615.9408927	26	1564	1616
1750052620.955338	26	1576	1625
1750052625.9771836	26	1584	1635
1750052630.9925773	26	1596	1645
1750052636.0073314	26	1611	1657
1750052641.0203097	26	1625	1679
1750052646.0344505	26	1632	1692
1750052651.0501292	26	1643	1703
1750052656.0645547	26	1665	1722
1750052661.0787556	26	1681	1737
1750052666.0920343	26	1694	1755
1750052671.105596	27	1707	1769
1750052676.1197126	27	1715	1787
1750052681.1358972	27	1728	1803
1750052686.1511147	27	1750	1813
1750052691.1733391	27	1759	1824
1750052696.1886883	28	1780	1840
1750052701.2032945	29	1789	1851
1750052706.2186444	29	1804	1871
1750052711.2338724	29	1821	1893
1750052716.2470355	29	1833	1902
1750052721.2616951	29	1851	1913
1750052726.276851	29	1856	1928
1750052731.2921774	29	1868	1942
1750052736.3077898	29	1877	1957
1750052741.3205554	29	1895	1973
1750052746.3329573	30	1910	1984
1750052751.3471692	30	1927	2003
1750052756.3611972	30	1939	2026
1750052761.377031	30	1954	2047
1750052766.3899603	30	1967	2064
1750052771.4035647	30	1977	2079
1750052776.4215934	31	1993	2094
1750052781.4346645	31	1999	2105
1750052786.4525645	31	2011	2118
1750052791.4655073	31	2021	2134
1750052796.4795396	32	2046	2150
1750052801.494407	32	2061	2162
1750052806.5098147	32	2074	2173
1750052811.529412	32	2089	2192
1750052816.542306	32	2105	2209
1750052821.5558872	33	2119	2222
1750052826.5698617	34	2141	2240
1750052831.5844557	34	2150	2260
1750052836.5984812	34	2161	2273
1750052841.619046	34	2178	2284
1750052846.634075	34	2194	2295
1750052851.6525338	35	2208	2318
1750052856.666897	35	2221	2333
1750052861.6811798	37	2235	2352
1750052866.6939769	37	2247	2371
1750052871.7112658	37	2255	2388
1750052876.7310808	37	2266	2404
1750052881.7439365	37	2279	2419
1750052886.756384	37	2290	2439
1750052891.7695708	37	2306	2456
1750052896.782446	37	2319	2467
1750052901.7951424	37	2329	2473
1750052906.8077455	37	2345	2484
1750052911.8218222	37	2358	2500
1750052916.835088	37	2373	2512
1750052921.848243	38	2389	2528
1750052926.860609	38	2406	2539
1750052931.8731728	38	2416	2550
1750052936.8858418	39	2430	2570
1750052941.8990629	39	2444	2589
1750052946.9117758	40	2459	2607
1750052951.9265597	40	2475	2623
1750052956.9458318	40	2485	2637
1750052961.9591634	40	2499	2652
1750052966.9732566	40	2508	2670
1750052971.986927	40	2519	2685
1750052976.9997299	40	2529	2704
1750052982.0131493	41	2542	2723
1750052987.0323646	42	2553	2741
1750052992.0472734	43	2566	2758
1750052997.0604458	43	2589	2770
1750053002.0746849	43	2604	2783
1750053007.089711	44	2615	2796
1750053012.1037576	45	2633	2810
1750053017.118304	45	2642	2820
1750053022.1330402	46	2667	2843
1750053027.1480944	46	2678	2854
1750053032.1624167	46	2688	2868
1750053037.1773572	46	2698	2886
1750053042.195436	47	2716	2908
1750053047.2100172	47	2731	2922
1750053052.2248805	47	2742	2936
1750053057.2393138	47	2758	2943
1750053062.252428	47	2776	2962
1750053067.2658246	47	2788	2977
1750053072.2803235	47	2795	2993
1750053077.2949803	48	2804	3012
1750053082.3097246	48	2825	3025
1750053087.3234093	48	2842	3045
1750053092.3370874	49	2847	3063
1750053097.3515754	49	2860	3072
1750053102.3675554	50	2877	3089
1750053107.3850343	51	2891	3104
1750053112.3976395	51	2895	3121
1750053117.411998	51	2916	3135
1750053122.4264448	51	2925	3150
1750053127.440548	51	2933	3163
1750053132.4548855	51	2948	3184
1750053137.469587	51	2959	3197
1750053142.4838192	51	2977	3211
1750053147.4982228	51	2991	3231
1750053152.5129569	51	3006	3242
1750053157.528463	51	3014	3262
1750053162.5435934	52	3037	3276
1750053167.5578654	52	3048	3291
1750053172.5789075	52	3062	3301
1750053177.5924335	52	3074	3316
1750053182.6063733	52	3078	3332
1750053187.6190276	53	3088	3346
1750053192.6312149	53	3099	3362
1750053197.6442573	54	3112	3371
1750053202.6577702	54	3128	3382
1750053207.6722493	54	3144	3397
1750053212.6862557	54	3159	3407
1750053217.700637	54	3167	3418
1750053222.7137377	54	3186	3430
1750053227.728831	54	3199	3440
1750053232.7438922	54	3206	3464
1750053237.7579508	54	3223	3476
1750053242.7728906	54	3236	3490
1750053247.7910986	55	3248	3508
1750053252.804978	55	3268	3520
1750053257.8194494	56	3275	3537
1750053262.8338811	56	3289	3554
1750053267.8489368	56	3300	3578
1750053272.8622744	56	3314	3599
1750053277.8782208	56	3323	3610
1750053282.893372	56	3331	3620
1750053287.9074798	57	3342	3632
1750053292.9224865	57	3358	3639
1750053297.9358857	57	3368	3648
1750053302.9503677	57	3387	3666
1750053307.9644244	57	3401	3686
1750053312.9847035	57	3412	3700
1750053317.9995334	58	3422	3718
1750053323.012616	58	3441	3733
1750053328.027406	58	3455	3747
1750053333.0423343	59	3470	3759
1750053338.0564466	60	3485	3769
1750053343.0755427	61	3499	3781
1750053348.0891647	61	3510	3795
1750053353.1095343	61	3522	3814
1750053358.1252277	61	3536	3830
1750053363.140005	62	3547	3842
1750053368.153077	62	3558	3854
1750053373.1676602	62	3569	3872
1750053378.1808212	62	3585	3883
1750053383.194527	62	3599	3902
1750053388.2092693	62	3611	3915
1750053393.224419	62	3620	3927
1750053398.2387264	62	3631	3945
1750053403.2514117	62	3639	3959
1750053408.2727106	62	3652	3973
1750053413.2871366	63	3666	3987
1750053418.3084073	64	3679	4005
1750053423.3235738	64	3692	4023
1750053428.339893	65	3703	4041
1750053433.3540561	65	3718	4047
1750053438.3671925	65	3736	4061
1750053443.381523	65	3749	4077
1750053448.3945792	65	3768	4087
1750053453.4083734	66	3777	4102
1750053458.4230876	66	3798	4127
1750053463.4360156	66	3808	4143
1750053468.4491735	66	3823	4157
1750053473.4652336	67	3836	4168
1750053478.478034	68	3857	4177
1750053483.4912913	68	3873	4200
1750053488.5045662	69	3882	4217
1750053493.5175881	69	3898	4233
1750053498.5308034	69	3910	4252
1750053503.5434494	69	3931	4262
1750053508.555412	69	3947	4272
1750053513.5687947	69	3960	4288
1750053518.58356	69	3969	4302
1750053523.5972304	70	3987	4314
1750053528.6104832	70	4007	4332
1750053533.6236334	70	4018	4346
1750053538.6368136	70	4033	4360
1750053543.6515682	70	4044	4371
1750053548.665395	70	4052	4393
1750053553.6821911	70	4064	4410
1750053558.6949759	70	4078	4423
1750053563.714754	70	4084	4434
1750053568.7287805	70	4091	4449
1750053573.744755	70	4101	4464
1750053578.7599783	70	4110	4482
1750053583.774958	70	4131	4491
1750053588.78823	70	4145	4502
1750053593.8030913	70	4154	4519
1750053598.8185399	70	4166	4532
1750053603.8312385	71	4177	4548
1750053608.845258	71	4186	4568
1750053613.8597054	71	4196	4582
1750053618.8735662	71	4215	4593
1750053623.8887088	71	4226	4603
1750053628.911392	72	4243	4615
1750053633.9261258	72	4258	4632
1750053638.940496	72	4268	4645
1750053643.9553752	72	4279	4663
1750053648.969588	72	4289	4678
1750053653.9841733	72	4302	4690
1750053658.9992425	72	4316	4705
1750053664.0133057	73	4328	4727
1750053669.0271754	73	4347	4739
1750053674.0414145	73	4357	4756
1750053679.0560756	73	4371	4766
1750053684.0714123	75	4389	4782
1750053689.086492	75	4405	4796
1750053694.1007707	75	4421	4812
1750053699.1147082	75	4437	4828
1750053704.1300647	75	4447	4846
1750053709.1443536	76	4459	4862
1750053714.158066	76	4476	4876
1750053719.1716719	76	4491	4890
1750053724.1908312	76	4508	4904
1750053729.2048855	77	4526	4924
1750053734.2190883	77	4540	4941
1750053739.232122	77	4556	4954
1750053744.2483356	78	4573	4973
1750053749.2685757	78	4589	4989
1750053754.2815661	78	4610	5007
1750053759.2963946	78	4627	5030
1750053764.310986	78	4641	5048
1750053769.325412	79	4651	5068
1750053774.3398068	79	4666	5084
1750053779.3592153	79	4686	5099
1750053784.3742602	79	4702	5116
1750053789.3920786	79	4711	5132
1750053794.4065945	79	4731	5150
1750053799.4209151	79	4749	5161
1750053804.4344313	79	4763	5175
1750053809.4498656	79	4779	5184
1750053814.4679463	79	4797	5206
1750053819.4816005	79	4810	5220
1750053824.4962308	79	4825	5232
1750053829.5092967	80	4844	5241
1750053834.523777	80	4854	5256
1750053839.5380194	80	4865	5266
1750053844.5554655	81	4880	5285
1750053849.5699036	81	4894	5300
1750053854.587893	82	4908	5320
1750053859.602208	82	4919	5336
1750053864.618015	82	4933	5354
1750053869.6325803	82	4947	5368
1750053874.6471698	83	4968	5385
1750053879.6613517	83	4981	5395
1750053884.6755364	84	4997	5412
1750053889.6898468	84	5011	5428
1750053894.7036598	84	5027	5444
1750053899.725761	84	5045	5456
1750053904.7388394	84	5059	5475
1750053909.753223	85	5076	5493
1750053914.7678833	85	5087	5508
1750053919.7828078	86	5091	5521
1750053924.7971506	86	5106	5536
1750053929.8101013	86	5128	5544
1750053934.8236923	86	5146	5576
1750053939.8378785	86	5156	5593
1750053944.851391	86	5166	5616
1750053949.8650496	87	5178	5627
1750053954.8791406	87	5189	5651
1750053959.8939006	87	5204	5662
1750053964.9143374	87	5211	5679
1750053969.9267545	88	5231	5690
1750053974.9413695	89	5247	5711
1750053979.9559035	89	5261	5731
1750053984.9697962	89	5277	5740
1750053989.983518	89	5288	5758
1750053994.9981852	89	5300	5780
1750054000.0122154	90	5314	5798
1750054005.0250149	90	5328	5814
1750054010.038819	90	5342	5828
1750054015.0526323	90	5356	5843
1750054020.0652876	90	5370	5858
1750054025.0794985	90	5385	5869
1750054030.0941532	90	5397	5877
1750054035.1099794	91	5411	5902
1750054040.123606	91	5429	5916
1750054045.1379247	92	5438	5930
1750054050.152892	92	5454	5946
1750054055.1668687	92	5468	5962
1750054060.1877015	92	5487	5972
1750054065.2006161	92	5494	5987
1750054070.2148633	93	5512	6004
1750054075.2297585	93	5529	6019
1750054080.244561	94	5539	6034
1750054085.2593563	95	5550	6048
1750054090.2724862	95	5564	6066
1750054095.2866309	95	5578	6084
1750054100.3013093	96	5588	6099
1750054105.3166401	96	5608	6109
1750054110.3308299	96	5625	6122
1750054115.3447835	96	5639	6133
1750054120.3587596	96	5650	6147
1750054125.3776863	96	5660	6158
1750054130.3939593	97	5681	6173
1750054135.409501	97	5696	6195
1750054140.423363	97	5704	6211
1750054145.4392507	97	5718	6230
1750054150.4612935	98	5724	6247
1750054155.4743516	99	5737	6262
1750054160.487286	99	5744	6274
1750054165.499798	99	5756	6284
1750054170.5128036	99	5769	6302
1750054175.5259893	99	5779	6318
1750054180.5455496	99	5800	6339
1750054185.5646605	99	5809	6355
1750054190.577749	99	5817	6373
1750054195.5929165	100	5832	6388
1750054200.6081865	100	5844	6408
1750054205.6234624	101	5860	6420
1750054210.6381898	101	5874	6436
1750054215.6556008	101	5888	6452
1750054220.6711462	101	5907	6464
1750054225.686277	101	5919	6475
1750054230.7022448	101	5939	6488
1750054235.717097	102	5958	6501
1750054240.732651	103	5965	6516
1750054245.7482307	103	5978	6532
1750054250.7660885	104	5996	6546
1750054255.7820387	104	6011	6560
1750054260.7970421	106	6027	6578
1750054265.8119977	106	6037	6592
1750054270.8267138	106	6051	6603
1750054275.8428385	106	6061	6617
1750054280.858014	106	6070	6636
1750054285.8735912	107	6086	6651
1750054290.8905277	108	6100	6660
1750054295.9056988	108	6113	6682
1750054300.9207518	108	6129	6694
1750054305.9354584	108	6145	6707
1750054310.95127	108	6157	6721
1750054315.96914	109	6173	6732
1750054320.9849079	110	6186	6740
1750054325.999629	110	6193	6759
1750054331.0148907	110	6205	6775
1750054336.0306044	110	6218	6796
1750054341.0446768	110	6227	6809
1750054346.0638838	110	6244	6821
1750054351.0791936	110	6259	6834
1750054356.098419	110	6271	6849
1750054361.1129115	110	6285	6863
1750054366.1281693	110	6290	6879
1750054371.1426473	110	6305	6897
1750054376.1577501	110	6320	6911
1750054381.1730394	110	6338	6924
1750054386.1890032	111	6351	6940
1750054391.2047923	112	6368	6957
1750054396.220447	112	6376	6970
1750054401.2357259	113	6395	6987
1750054406.2498481	113	6409	7002
1750054411.2644777	113	6425	7019
1750054416.280185	115	6437	7036
1750054421.3032176	115	6448	7055
1750054426.3193805	115	6455	7069
1750054431.3347783	116	6463	7081
1750054436.349054	116	6474	7092
1750054441.3641164	116	6490	7105
1750054446.379281	116	6495	7118
1750054451.3944108	116	6517	7138
1750054456.409056	116	6528	7156
1750054461.4228864	117	6548	7173
1750054466.43712	118	6561	7186
1750054471.4525366	118	6575	7201
1750054476.4696877	118	6595	7214
1750054481.4848926	118	6605	7230
1750054486.5000393	119	6626	7251
1750054491.5159795	119	6638	7268
1750054496.5405726	119	6658	7277
1750054501.5548718	119	6665	7290
1750054506.5705397	119	6677	7298
1750054511.5866787	119	6690	7314
1750054516.6021988	119	6703	7327
1750054521.6169353	119	6711	7337
1750054526.632453	120	6725	7353
1750054531.6539488	120	6738	7378
1750054536.6694264	120	6750	7392
1750054541.6834283	120	6766	7405
1750054546.699136	121	6774	7419
1750054551.715901	121	6790	7436
1750054556.7312255	121	6810	7449
1750054561.7463882	122	6824	7459
1750054566.7613933	122	6838	7471
1750054571.7758858	122	6849	7481
1750054576.791518	124	6865	7497
1750054581.8069625	124	6884	7514
1750054586.8229964	125	6899	7534
1750054591.8383534	125	6917	7557
1750054596.8580565	125	6928	7571
1750054601.874178	125	6938	7585
1750054606.8901215	126	6952	7602
1750054611.9049776	127	6968	7621
1750054616.9205592	127	6979	7633
1750054621.9424472	128	6997	7651
1750054626.9566293	128	7008	7664
1750054631.9721718	128	7024	7678
1750054636.9882207	129	7045	7701
1750054642.0110252	129	7054	7716
1750054647.0256207	129	7065	7731
1750054652.040363	129	7073	7742
1750054657.0558352	129	7086	7754
1750054662.0716054	129	7097	7771
1750054667.0876245	129	7106	7793
1750054672.1033616	129	7118	7802
1750054677.1250665	129	7128	7816
1750054682.1402311	129	7141	7829
1750054687.1555567	129	7151	7847
1750054692.171015	129	7167	7864
1750054697.186041	129	7172	7882
1750054702.199841	129	7189	7904
1750054707.2132893	129	7198	7924
1750054712.2270098	129	7215	7943
1750054717.2402437	129	7233	7959
1750054722.253929	130	7247	7968
1750054727.267324	130	7264	7988
1750054732.2807133	131	7280	8004
1750054737.2947078	131	7295	8014
1750054742.3087842	132	7307	8029
1750054747.3261104	132	7320	8048
1750054752.3472996	132	7333	8066
1750054757.3625808	132	7347	8084
1750054762.3773482	132	7361	8100
1750054767.39225	132	7369	8114
1750054772.4069464	132	7386	8132
1750054777.4207907	132	7398	8147
1750054782.4348724	132	7412	8160
1750054787.4490542	132	7428	8172
1750054792.4623888	133	7442	8188
1750054797.4752629	135	7460	8200
1750054802.4885805	136	7477	8210
1750054807.503469	136	7485	8231
1750054812.5173438	138	7500	8253
1750054817.5315812	138	7516	8277
1750054822.5457664	138	7527	8292
1750054827.5626268	138	7533	8302
1750054832.583215	138	7544	8317
1750054837.5978699	138	7557	8333
1750054842.6133587	139	7571	8351
1750054847.628619	139	7583	8362
1750054852.6437786	139	7602	8374
1750054857.6581511	139	7610	8391
1750054862.6756191	139	7627	8402
1750054867.6905048	140	7636	8420
1750054872.7071826	140	7645	8437
1750054877.723024	140	7657	8450
1750054882.739312	140	7667	8464
1750054887.7550514	140	7681	8482
1750054892.7703292	140	7697	8495
1750054897.785602	141	7712	8517
1750054902.799725	141	7725	8533
1750054907.8155558	141	7737	8553
1750054912.8302388	141	7757	8583
1750054917.8449423	141	7770	8594
1750054922.8588557	141	7782	8613
1750054927.874304	142	7790	8626
1750054932.8901598	143	7808	8636
1750054937.9071348	143	7817	8652
1750054942.923573	143	7827	8665
1750054947.9377303	144	7847	8686
1750054952.9534848	145	7861	8709
1750054957.969386	145	7873	8726
1750054962.9836915	145	7887	8746
1750054967.998979	145	7900	8762
1750054973.014642	145	7918	8767
1750054978.0303705	146	7933	8786
1750054983.04597	146	7949	8797
1750054988.0618846	146	7958	8818
1750054993.0767715	146	7971	8836
1750054998.096727	147	7986	8850
1750055003.1126351	148	8000	8862
1750055008.1276507	148	8013	8875
1750055013.1440325	149	8025	8891
1750055018.1589386	149	8034	8901
1750055023.1742494	149	8046	8909
1750055028.1897223	149	8058	8922
1750055033.2042468	149	8072	8933
1750055038.2186456	149	8086	8946
1750055043.2337313	149	8108	8964
1750055048.2497692	149	8120	8982
1750055053.2655573	149	8130	8999
1750055058.2800996	149	8143	9010
1750055063.301114	150	8154	9031
1750055068.3164873	150	8170	9042
1750055073.332014	150	8178	9053
1750055078.3488617	151	8193	9065
1750055083.3646352	151	8207	9087
1750055088.379644	151	8219	9101
1750055093.39335	151	8240	9110
1750055098.4089282	151	8251	9130
1750055103.424271	152	8269	9148
1750055108.4399831	153	8276	9166
1750055113.4532633	153	8290	9185
1750055118.4678617	153	8298	9202
1750055123.4816692	154	8313	9215
1750055128.4967248	155	8328	9230
1750055133.5105355	155	8337	9249
1750055138.525315	155	8355	9262
1750055143.541263	155	8371	9276
1750055148.5562997	155	8384	9298
1750055153.5713682	155	8399	9311
1750055158.587076	155	8411	9327
1750055163.6016507	156	8426	9343
1750055168.61818	156	8434	9361
1750055173.6328318	156	8450	9373
1750055178.6470656	156	8468	9387
1750055183.6604517	156	8479	9405
1750055188.6735063	156	8500	9417
1750055193.6871088	156	8511	9432
1750055198.7021313	156	8524	9442
1750055203.716653	156	8537	9460
1750055208.730457	157	8555	9479
1750055213.7462456	157	8568	9495
1750055218.7702708	158	8577	9513
1750055223.7850056	158	8588	9530
1750055228.8081098	158	8607	9538
1750055233.8240478	158	8623	9553
1750055238.837741	159	8642	9570
1750055243.8531244	159	8657	9585
1750055248.8694549	159	8663	9592
1750055253.8858783	160	8678	9608
1750055258.9001527	160	8690	9625
1750055263.9149244	161	8704	9638
1750055268.9302194	161	8722	9653
1750055273.9460855	161	8735	9665
1750055278.9594953	161	8752	9676
1750055283.9750073	162	8765	9690
1750055288.9900234	162	8781	9702
1750055294.0078428	162	8792	9714
1750055299.0234807	162	8801	9722
1750055304.0394776	162	8818	9733
1750055309.0539641	162	8836	9752
1750055314.0692642	162	8854	9770
1750055319.084214	162	8870	9782
1750055324.1005638	162	8881	9799
1750055329.1160278	162	8893	9814
1750055334.1307957	162	8903	9840
1750055339.1508136	162	8916	9856
1750055344.1676667	162	8932	9871
1750055349.183858	162	8945	9888
1750055354.2002668	162	8963	9901
1750055359.2167397	162	8976	9911
1750055364.2390425	162	8989	9923
1750055369.2543437	162	9002	9935
1750055374.2714798	162	9014	9954
1750055379.2865014	162	9030	9972
1750055384.301382	164	9044	9989
1750055389.3170643	164	9059	9999
1750055394.3328087	165	9077	10015
1750055399.3490262	165	9090	10026
1750055404.3660712	165	9105	10042
1750055409.3823733	165	9114	10055
1750055414.4005618	165	9125	10077
1750055419.4244485	165	9141	10091
1750055424.4406457	165	9158	10108
1750055429.4571571	165	9170	10130
1750055434.4730837	167	9190	10149
1750055439.489415	167	9209	10164
1750055444.5049202	167	9219	10182
1750055449.5199244	167	9234	10190
1750055454.5341423	167	9246	10207
1750055459.5495832	168	9266	10226
1750055464.565036	169	9286	10243
1750055469.5822139	170	9304	10265
1750055474.5982444	170	9319	10282
1750055479.6139455	170	9332	10302
1750055484.6382792	172	9344	10321
1750055489.6545863	172	9365	10333
1750055494.670429	172	9381	10342
1750055499.6860597	172	9395	10363
1750055504.7020683	172	9408	10380
1750055509.7182236	172	9427	10396
1750055514.7324214	172	9445	10409
1750055519.7478535	172	9459	10420
1750055524.762891	174	9481	10436
1750055529.7782733	175	9498	10446
1750055534.7942576	175	9512	10463
1750055539.8096588	176	9521	10476
1750055544.8269024	177	9534	10485
1750055549.8486989	177	9547	10499
1750055554.8644228	177	9556	10515
1750055559.8803213	177	9569	10531
1750055564.8975527	177	9584	10542
1750055569.9136536	177	9602	10555
1750055574.9289355	177	9614	10565
1750055579.9448144	178	9625	10581
1750055584.9605377	178	9647	10595
1750055589.9749732	178	9660	10606
1750055594.990994	178	9670	10617
1750055600.0077348	180	9685	10640
1750055605.023615	180	9696	10655
1750055610.039903	180	9712	10667
1750055615.0555172	181	9729	10676
1750055620.0707114	181	9738	10694
1750055625.0883782	181	9753	10707
1750055630.1050563	181	9770	10717
1750055635.1211731	181	9781	10736
1750055640.136604	181	9788	10753
1750055645.1527245	182	9805	10770
1750055650.1680944	183	9820	10781
1750055655.1839948	183	9834	10795
1750055660.2001326	183	9848	10803
1750055665.2150328	183	9861	10821
1750055670.230834	183	9877	10828
1750055675.2468405	183	9887	10844
1750055680.2622674	183	9898	10864
1750055685.2787504	183	9910	10884
1750055690.2998405	183	9923	10901
1750055695.3169646	185	9942	10918
1750055700.3325932	186	9961	10935
1750055705.347862	186	9977	10944
1750055710.36304	186	9988	10957
1750055715.3791943	186	10006	10972
1750055720.400383	186	10025	10990
1750055725.4173636	186	10037	11006
1750055730.4370797	187	10049	11022
1750055735.4521298	187	10059	11031
1750055740.4670584	187	10076	11042
1750055745.4828596	188	10086	11062
1750055750.499182	188	10106	11072
1750055755.515988	188	10126	11082
1750055760.5316195	188	10135	11100
1750055765.5480902	188	10150	11121
1750055770.5649204	188	10169	11133
1750055775.579839	189	10181	11153
1750055780.5965397	190	10197	11168
1750055785.6132798	190	10202	11181
1750055790.6299303	192	10224	11201
1750055795.6481798	192	10244	11217
1750055800.6640298	192	10255	11234
1750055805.6808507	192	10270	11246
1750055810.6957114	192	10284	11261
1750055815.7107675	192	10304	11274
1750055820.7271755	192	10319	11285
1750055825.7427506	192	10328	11301
1750055830.759288	192	10335	11321
1750055835.7770283	193	10353	11340
1750055840.7931242	193	10365	11354
1750055845.8091419	193	10382	11363
1750055850.8253348	195	10400	11382
1750055855.8418298	195	10405	11403
1750055860.8608382	196	10419	11420
1750055865.8769016	196	10431	11439
1750055870.8943255	196	10443	11455
1750055875.9114678	196	10450	11470
1750055880.9271953	197	10469	11483
1750055885.9438052	197	10484	11503
1750055890.9604816	197	10495	11514
1750055895.97621	197	10510	11534
1750055900.9929392	197	10528	11547
1750055906.0136316	198	10543	11566
1750055911.0300117	198	10559	11575
1750055916.047007	198	10572	11587
1750055921.0621321	198	10579	11604
1750055926.0780864	198	10590	11629
1750055931.0946848	198	10605	11647
1750055936.1112716	198	10617	11661
1750055941.1284356	199	10632	11681
1750055946.1435094	199	10651	11694
1750055951.1605375	200	10665	11709
1750055956.1780496	200	10675	11724
1750055961.194887	201	10683	11745
1750055966.2105725	201	10699	11758
1750055971.2339694	202	10715	11776
1750055976.250695	202	10731	11784
1750055981.2665892	202	10745	11794
1750055986.2838314	202	10760	11806
1750055991.301401	202	10776	11824
1750055996.3237321	202	10785	11836
1750056001.3415675	202	10800	11850
1750056006.3606436	202	10810	11871
1750056011.3746357	202	10825	11889
1750056016.3947024	202	10842	11899
1750056021.4116347	202	10856	11925
1750056026.4275548	202	10867	11936
1750056031.4435132	202	10882	11954
1750056036.459731	203	10899	11976
1750056041.476876	203	10913	11993
1750056046.49333	204	10928	12005
1750056051.509963	204	10941	12020
1750056056.5248113	204	10952	12029
1750056061.5401318	204	10966	12042
1750056066.5560644	204	10975	12051
1750056071.580089	204	10991	12062
1750056076.5963073	205	11002	12079
1750056081.6120644	205	11018	12090
1750056086.6288235	205	11032	12109
1750056091.6466935	205	11047	12118
1750056096.6624875	207	11060	12131
1750056101.67905	207	11066	12148
1750056106.6948874	207	11082	12165
1750056111.7114584	207	11093	12180
1750056116.728535	208	11107	12197
1750056121.7432063	208	11122	12213
1750056126.7595296	209	11137	12226
1750056131.7766562	209	11152	12246
1750056136.7926383	209	11169	12258
1750056141.8080862	209	11182	12272
1750056146.8250794	209	11192	12289
1750056151.841651	210	11205	12307
1750056156.8614042	210	11215	12321
1750056161.8774896	211	11230	12335
1750056166.8945668	211	11243	12352
1750056171.9116297	211	11253	12367
1750056176.9289384	211	11274	12382
1750056181.946265	212	11291	12397
1750056186.9640245	212	11303	12412
1750056191.9839132	212	11314	12429
1750056197.0004485	212	11331	12446
1750056202.017342	212	11350	12459
1750056207.0341995	214	11369	12468
1750056212.0520642	214	11377	12485
1750056217.0699441	214	11396	12504
1750056222.086637	215	11411	12517
1750056227.1032634	215	11422	12526
1750056232.1209111	217	11442	12542
1750056237.1375098	217	11453	12563
1750056242.1520174	217	11464	12575
1750056247.1679318	217	11475	12585
1750056252.183891	218	11496	12592
1750056257.201308	219	11510	12616
1750056262.2173445	219	11518	12633
1750056267.232769	219	11538	12647
1750056272.2497888	219	11555	12664
1750056277.2674701	220	11573	12685
1750056282.2836065	220	11578	12705
1750056287.3015444	220	11592	12723
1750056292.317515	220	11603	12739
1750056297.337161	220	11617	12749
1750056302.353443	221	11633	12763
1750056307.3716636	221	11649	12775
1750056312.3881216	222	11667	12789
1750056317.4032924	222	11681	12806
1750056322.4204721	223	11698	12822
1750056327.436539	223	11713	12842
1750056332.4529772	223	11726	12864
1750056337.4680645	223	11738	12871
1750056342.4826572	223	11748	12897
1750056347.498398	223	11760	12916
1750056352.521313	224	11783	12932
1750056357.5385506	224	11799	12946
1750056362.560996	224	11813	12963
1750056367.5764952	224	11828	12974
1750056372.5939085	224	11842	12985
1750056377.6090815	224	11852	13002
1750056382.6241333	224	11868	13018
1750056387.6402626	224	11882	13033
1750056392.6552408	224	11894	13046
1750056397.6706731	224	11909	13059
1750056402.6866152	224	11929	13070
1750056407.7023094	224	11945	13084
1750056412.7187393	225	11958	13090
1750056417.7396693	226	11974	13105
1750056422.7567825	226	11984	13116
1750056427.772097	226	11999	13134
1750056432.789042	226	12008	13156
1750056437.805715	227	12023	13171
1750056442.8215652	227	12032	13189
1750056447.8426692	227	12043	13207
1750056452.8599164	227	12056	13217
1750056457.8782048	228	12069	13233
1750056462.8952718	228	12080	13248
1750056467.9116278	228	12095	13263
1750056472.9279282	229	12117	13280
1750056477.94457	229	12133	13288
1750056482.9637268	230	12146	13308
1750056487.9809153	230	12159	13324
1750056492.9978068	231	12177	13334
1750056498.0139825	231	12195	13350
1750056503.0287018	232	12214	13363
1750056508.0440822	232	12230	13374
1750056513.0636792	232	12238	13381
1750056518.0812714	232	12252	13394
1750056523.1016343	232	12266	13411
1750056528.1179109	232	12280	13431
1750056533.1335022	232	12296	13447
1750056538.1493187	232	12306	13460
1750056543.1671138	233	12330	13477
1750056548.1882122	233	12340	13493
1750056553.205387	233	12349	13507
1750056558.2208617	233	12365	13523
1750056563.237173	233	12375	13540
1750056568.2532833	233	12389	13557
1750056573.2686923	233	12400	13565
1750056578.287567	233	12409	13574
1750056583.3031683	234	12430	13590
1750056588.3246098	234	12441	13610
1750056593.3409183	234	12459	13627
1750056598.3594596	234	12473	13640
1750056603.3760357	234	12481	13657
1750056608.3929045	235	12495	13663
1750056613.409775	235	12505	13671
1750056618.4254084	235	12518	13685
1750056623.4412615	235	12537	13704
1750056628.4583998	235	12552	13725
1750056633.4765797	238	12569	13749
1750056638.492121	239	12591	13763
1750056643.5078259	239	12604	13782
1750056648.5229933	240	12616	13799
1750056653.5410724	240	12636	13811
1750056658.562616	240	12646	13834
1750056663.5794778	241	12664	13851
1750056668.5955818	241	12678	13862
1750056673.610404	241	12696	13878
1750056678.6273384	241	12716	13892
1750056683.6447203	241	12732	13907
1750056688.661526	242	12749	13927
1750056693.677444	242	12764	13939
1750056698.6927805	242	12777	13952
1750056703.7165854	242	12787	13969
1750056708.7330272	242	12807	13988
1750056713.7489958	242	12825	14007
1750056718.7662811	242	12840	14021
1750056723.7821412	242	12851	14033
1750056728.7967646	243	12863	14046
1750056733.811895	243	12872	14062
1750056738.8280728	243	12884	14077
1750056743.843966	243	12897	14095
1750056748.8608444	243	12908	14112
1750056753.8766537	243	12926	14129
1750056758.89307	243	12940	14150
1750056763.909684	243	12957	14163
1750056768.9352798	243	12970	14178
1750056773.959053	243	12991	14189
1750056778.974282	244	13013	14200
1750056783.9904354	244	13024	14214
1750056789.0068886	244	13045	14231
1750056794.02411	244	13059	14242
1750056799.041255	244	13074	14257
1750056804.0578191	244	13090	14273
1750056809.07321	244	13104	14286
1750056814.089953	244	13116	14298
1750056819.105906	244	13124	14314
1750056824.1225812	244	13136	14332
1750056829.1383836	244	13149	14349
1750056834.155079	245	13168	14359
1750056839.172439	245	13187	14378
1750056844.1900163	245	13194	14392
1750056849.2059338	245	13207	14410
1750056854.2222302	245	13220	14420
1750056859.2453787	245	13237	14435
1750056864.2625954	245	13245	14442
1750056869.2786152	245	13252	14458
1750056874.2956583	245	13262	14482
1750056879.3115554	245	13284	14503
1750056884.328105	245	13297	14517
1750056889.3434317	246	13312	14535
1750056894.3598218	246	13333	14548
1750056899.3754263	246	13344	14562
1750056904.3923707	246	13357	14580
1750056909.407375	246	13370	14595
1750056914.4224358	246	13382	14614
1750056919.438188	246	13394	14631
1750056924.4537458	246	13406	14648
1750056929.468633	246	13412	14666
1750056934.4829397	246	13422	14684
1750056939.4987671	246	13435	14699
1750056944.5137928	246	13449	14712
1750056949.5290694	246	13458	14722
1750056954.5450299	246	13470	14732
1750056959.5610003	246	13480	14743
1750056964.5758083	247	13496	14762
1750056969.5908115	248	13514	14778
1750056974.6060839	249	13530	14791
1750056979.621313	249	13547	14804
1750056984.638123	249	13564	14821
1750056989.655291	249	13573	14831
1750056994.6732385	250	13589	14839
1750056999.690096	250	13602	14853
1750057004.7120092	250	13614	14863
1750057009.728703	250	13625	14876
1750057014.7451031	251	13639	14893
1750057019.7607145	251	13649	14913
1750057024.7765586	251	13664	14932
1750057029.7930095	251	13680	14942
1750057034.80966	251	13704	14958
1750057039.8267918	252	13720	14967
1750057044.8433335	252	13737	14981
1750057049.8585868	252	13754	14995
1750057054.8743029	252	13766	15016
1750057059.8898723	252	13781	15029
1750057064.9054403	252	13803	15049
1750057069.921355	252	13817	15062
1750057074.9376721	252	13827	15076
1750057079.9545765	252	13835	15089
1750057084.9705327	252	13843	15103
1750057089.9904258	252	13856	15118
1750057095.007069	252	13866	15132
1750057100.027147	252	13875	15147
1750057105.0434525	253	13891	15159
1750057110.05836	254	13902	15179
1750057115.0736718	255	13924	15195
1750057120.089031	255	13938	15209
1750057125.1060646	255	13958	15227
1750057130.1229236	255	13968	15237
1750057135.1403575	255	13981	15251
1750057140.155295	256	13998	15265
1750057145.1718602	256	14010	15274
1750057150.1884954	256	14019	15293
1750057155.20914	256	14037	15300
1750057160.2243013	256	14046	15314
1750057165.2429295	256	14059	15332
1750057170.2590363	256	14070	15346
1750057175.2748797	257	14085	15369
1750057180.2906296	257	14096	15389
1750057185.3068216	258	14109	15400
1750057190.322038	258	14126	15413
1750057195.3387418	258	14140	15428
1750057200.3559391	259	14153	15450
1750057205.371104	259	14173	15462
1750057210.3946645	259	14188	15474
1750057215.4114077	261	14208	15489
1750057220.4346762	261	14224	15510
1750057225.4493608	262	14239	15522
1750057230.4653406	262	14250	15540
1750057235.4805841	262	14268	15554
1750057240.4954717	262	14280	15566
1750057245.509793	262	14293	15580
1750057250.5259578	262	14311	15605
1750057255.5408998	262	14321	15616
1750057260.5557098	262	14333	15634
1750057265.5706842	262	14351	15649
1750057270.5917535	262	14361	15659
1750057275.6141758	262	14377	15672
1750057280.629284	262	14385	15686
1750057285.6443672	262	14401	15702
1750057290.65986	262	14413	15715
1750057295.675193	262	14425	15729
1750057300.6910093	262	14442	15744
1750057305.7090094	263	14456	15757
1750057310.725564	263	14465	15774
1750057315.741527	263	14473	15789
1750057320.7583992	263	14483	15803
1750057325.7737775	263	14500	15817
1750057330.7908947	263	14516	15834
1750057335.8084452	264	14528	15851
1750057340.823815	264	14537	15865
1750057345.8397114	264	14549	15877
1750057350.8552463	264	14562	15895
1750057355.87159	264	14569	15909
1750057360.886485	264	14582	15929
1750057365.9015806	264	14594	15947
1750057370.927548	265	14607	15964
1750057375.9425466	265	14625	15981
1750057380.9600708	265	14636	15988
1750057385.97688	265	14653	16002
1750057390.9925916	265	14661	16012
1750057396.0091002	265	14677	16026
1750057401.0256968	265	14695	16045
1750057406.044368	265	14706	16060
1750057411.0602684	267	14720	16072
1750057416.0767941	267	14739	16092
1750057421.0923991	267	14754	16106
1750057426.1080313	268	14765	16120
1750057431.124907	269	14781	16128
1750057436.1436994	269	14798	16144
1750057441.1592991	269	14808	16157
1750057446.1836662	269	14826	16180
1750057451.1985517	269	14840	16201
1750057456.2193437	269	14850	16216
1750057461.235324	269	14863	16234
1750057466.2526832	270	14886	16249
1750057471.2698398	270	14901	16262
1750057476.2848182	270	14912	16273
1750057481.3013253	270	14920	16289
1750057486.3186216	270	14935	16311
1750057491.343057	270	14958	16323
1750057496.3592255	270	14971	16341
1750057501.3757753	271	14987	16356
1750057506.3922024	271	15002	16369
1750057511.4092474	271	15019	16383
1750057516.425997	271	15030	16398
1750057521.442358	271	15052	16404
1750057526.4595397	272	15067	16422
1750057531.4757178	272	15081	16446
1750057536.4913237	272	15091	16465
1750057541.5083468	272	15104	16481
1750057546.5316522	272	15114	16489
1750057551.5521765	273	15125	16509
1750057556.5685456	273	15136	16524
1750057561.5843656	273	15152	16537
1750057566.6002674	273	15164	16553
1750057571.6168215	274	15182	16567
1750057576.6342523	274	15200	16580
1750057581.650886	275	15225	16595
1750057586.666482	275	15236	16607
1750057591.687145	275	15248	16616
1750057596.7047093	275	15262	16634
1750057601.721712	275	15277	16652
1750057606.7383099	275	15292	16673
1750057611.7533488	275	15306	16692
1750057616.769113	275	15320	16703
1750057621.7854738	276	15331	16717
1750057626.8029666	276	15342	16729
1750057631.819306	276	15355	16744
1750057636.8349895	276	15364	16756
1750057641.850734	276	15375	16775
1750057646.8717191	276	15391	16785
1750057651.8887646	276	15408	16798
1750057656.9098043	276	15425	16815
1750057661.9251537	276	15438	16836
1750057666.9439871	277	15453	16852
1750057671.9603739	278	15466	16864
1750057676.9768536	278	15483	16880
1750057681.9936707	278	15493	16895
1750057687.0098972	281	15512	16916
1750057692.026168	282	15529	16931
1750057697.0427444	282	15536	16946
1750057702.05935	282	15555	16966
1750057707.0763836	282	15570	16977
1750057712.0912495	283	15583	16993
1750057717.106937	284	15595	17006
1750057722.1298342	284	15606	17018
1750057727.144161	284	15617	17032
1750057732.1611228	285	15634	17055
1750057737.175314	285	15646	17074
1750057742.1897285	285	15654	17094
1750057747.204797	286	15666	17109
1750057752.2198496	286	15675	17132
1750057757.2357678	286	15689	17142
1750057762.2504523	287	15704	17152
1750057767.2656927	287	15719	17163
1750057772.280961	287	15740	17175
1750057777.3028135	287	15756	17198
1750057782.3188145	287	15769	17211
1750057787.3357127	287	15780	17228
1750057792.3518324	287	15792	17247
1750057797.3670495	287	15802	17261
1750057802.3828096	287	15813	17272
1750057807.401397	288	15827	17288
1750057812.4172094	288	15846	17299
1750057817.434302	288	15865	17308
1750057822.4499981	288	15881	17316
1750057827.465952	288	15898	17331
1750057832.4819446	288	15905	17341
1750057837.4999406	288	15915	17355
1750057842.5217688	288	15925	17367
1750057847.5383132	289	15943	17387
1750057852.553845	290	15958	17409
1750057857.569437	290	15968	17421
1750057862.5856364	291	15992	17436
1750057867.60119	291	16004	17454
1750057872.6249185	292	16025	17470
1750057877.6413445	292	16041	17488
1750057882.6609268	294	16056	17499
1750057887.675775	295	16064	17516
1750057892.6909683	295	16082	17530
1750057897.7062838	295	16096	17543
1750057902.7233248	296	16105	17556
1750057907.7439632	296	16113	17573
1750057912.75934	296	16127	17590
1750057917.7750568	296	16144	17606
1750057922.7904766	296	16163	17621
1750057927.8053944	296	16182	17643
1750057932.82021	296	16205	17656
1750057937.836293	297	16217	17667
1750057942.8515584	297	16231	17681
1750057947.867248	297	16241	17695
1750057952.882504	297	16259	17712
1750057957.8981085	297	16278	17731
1750057962.913146	297	16293	17740
1750057967.9286668	297	16306	17753
1750057972.945157	297	16322	17762
1750057977.9606159	297	16345	17777
1750057982.9789307	297	16357	17795
1750057987.9996257	297	16371	17812
1750057993.0152206	297	16384	17828
1750057998.03116	297	16402	17840
1750058003.0466614	297	16420	17855
1750058008.0621197	297	16435	17875
1750058013.0778522	297	16446	17890
1750058018.0992167	299	16465	17905
1750058023.1156447	299	16481	17919
1750058028.135917	299	16492	17942
1750058033.1501088	299	16498	17956
1750058038.1654718	299	16514	17975
1750058043.1809013	300	16530	17992
1750058048.2006338	300	16547	18005
1750058053.2208302	300	16558	18028
1750058058.236291	302	16574	18048
1750058063.2525644	302	16590	18059
1750058068.268002	302	16605	18086
1750058073.2823422	302	16624	18101
1750058078.2976918	304	16645	18124
1750058083.3131614	304	16658	18142
1750058088.3291817	304	16670	18158
1750058093.3445442	304	16682	18172
1750058098.359693	304	16694	18189
1750058103.3743923	304	16708	18203
1750058108.3898654	306	16723	18218
1750058113.406702	306	16734	18235
1750058118.4232354	306	16754	18253
1750058123.438669	306	16771	18272
1750058128.453687	306	16783	18293
1750058133.4755163	306	16796	18306
1750058138.4916844	306	16811	18322
1750058143.508373	307	16824	18333
1750058148.5246134	307	16837	18349
1750058153.5405214	307	16856	18366
1750058158.5559611	308	16866	18383
1750058163.574736	309	16882	18395
1750058168.5903053	309	16898	18413
1750058173.6111743	310	16912	18433
1750058178.6283035	310	16931	18446
1750058183.6446111	310	16943	18456
1750058188.660414	310	16955	18467
1750058193.6754599	311	16961	18480
1750058198.6962852	312	16975	18498
1750058203.7131765	312	16986	18512
1750058208.7289011	313	17003	18529
1750058213.7436829	314	17017	18543
1750058218.7590814	314	17026	18560
1750058223.7745428	314	17044	18578
1750058228.789986	314	17055	18597
1750058233.80592	314	17067	18616
1750058238.8214629	314	17082	18624
1750058243.8366213	315	17102	18640
1750058248.851548	315	17115	18656
1750058253.8673627	315	17134	18673
1750058258.8832192	315	17148	18686
1750058263.8980014	316	17162	18702
1750058268.9158635	316	17173	18717
1750058273.9315345	316	17187	18726
1750058278.954614	317	17205	18743
1750058283.9714227	317	17221	18759
1750058288.9879198	317	17232	18773
1750058294.0032358	317	17249	18787
1750058299.0208197	319	17270	18809
1750058304.036549	319	17284	18822
1750058309.0582364	319	17298	18845
1750058314.0743866	320	17313	18864
1750058319.0923886	320	17328	18881
1750058324.1066668	320	17348	18909
1750058329.1230175	320	17359	18931
1750058334.1392906	320	17380	18947
1750058339.1546767	320	17395	18965
1750058344.170888	320	17408	18985
1750058349.1870358	320	17424	18997
1750058354.2027502	320	17442	19010
1750058359.2191732	320	17455	19030
1750058364.2427065	320	17464	19041
1750058369.2598364	320	17481	19054
1750058374.2769086	320	17504	19073
1750058379.2931664	320	17520	19088
1750058384.3088515	320	17533	19108
1750058389.3250546	320	17546	19121
1750058394.3405263	320	17555	19137
1750058399.3556645	320	17565	19147
1750058404.3717525	320	17582	19157
1750058409.387774	320	17595	19175
1750058414.4027212	320	17604	19189
1750058419.417529	320	17620	19199
1750058424.4335341	320	17639	19211
1750058429.4569652	321	17649	19228
1750058434.4739165	321	17671	19244
1750058439.4894435	321	17682	19263
1750058444.5060751	321	17692	19278
1750058449.5222733	321	17718	19299
1750058454.539086	322	17727	19322
1750058459.5549195	322	17737	19335
1750058464.57048	322	17748	19343
1750058469.5868437	323	17759	19358
1750058474.6018746	323	17777	19376
1750058479.6171072	323	17788	19386
1750058484.6326208	323	17797	19410
1750058489.6490872	323	17811	19425
1750058494.669648	323	17823	19440
1750058499.6837466	323	17837	19455
1750058504.699431	323	17850	19469
1750058509.7153146	323	17869	19483
1750058514.7318754	324	17879	19498
1750058519.7492182	324	17897	19515
1750058524.7653458	324	17913	19535
1750058529.781185	324	17922	19551
1750058534.7966435	324	17933	19562
1750058539.8121738	325	17952	19571
1750058544.8289404	325	17972	19592
1750058549.845723	326	17984	19609
1750058554.861249	326	17999	19622
1750058559.87835	326	18013	19635
1750058564.8946874	326	18020	19653
1750058569.9093487	326	18031	19664
1750058574.9246128	326	18045	19677
1750058579.9473875	326	18059	19695
1750058584.9622881	327	18072	19704
1750058589.9778926	327	18087	19719
1750058594.993123	327	18102	19731
1750058600.0094934	327	18112	19750
1750058605.0255575	327	18118	19767
1750058610.0419319	327	18133	19787
1750058615.0589154	327	18146	19798
1750058620.0755126	328	18164	19824
1750058625.097607	328	18185	19836
1750058630.1136925	328	18200	19851
1750058635.1295354	328	18225	19865
1750058640.1456196	328	18236	19880
1750058645.1618946	328	18248	19887
1750058650.1846852	328	18265	19912
1750058655.2009268	328	18272	19930
1750058660.2246864	328	18281	19942
1750058665.2409801	328	18294	19955
1750058670.2573245	330	18308	19972
1750058675.2744057	330	18323	19990
1750058680.2900162	330	18336	20006
1750058685.3068452	330	18350	20020
1750058690.3223815	330	18360	20031
1750058695.3370078	330	18379	20042
1750058700.3523319	330	18396	20053
1750058705.3685625	331	18411	20068
1750058710.3852892	331	18424	20086
1750058715.4019232	331	18439	20098
1750058720.417429	332	18448	20122
1750058725.434011	332	18461	20140
1750058730.4501235	333	18475	20161
1750058735.4669251	334	18483	20173
1750058740.482589	334	18501	20186
1750058745.4999309	336	18520	20201
1750058750.5156105	336	18530	20213
1750058755.5338707	336	18549	20229
1750058760.551223	336	18554	20245
1750058765.56819	336	18567	20260
1750058770.5847912	336	18583	20271
1750058775.6017234	337	18597	20286
1750058780.6175723	337	18613	20301
1750058785.6329865	337	18627	20317
1750058790.649066	338	18646	20335
1750058795.6654918	338	18662	20354
1750058800.680451	339	18684	20373
1750058805.6960988	339	18701	20386
1750058810.7192132	339	18718	20408
1750058815.7348602	339	18728	20421
1750058820.754957	339	18737	20433
1750058825.771199	339	18748	20450
1750058830.7865527	339	18762	20462
1750058835.802976	339	18773	20477
1750058840.819715	339	18784	20489
1750058845.8348827	339	18793	20503
1750058850.8569043	339	18804	20519
1750058855.8721983	339	18820	20532
1750058860.8882143	340	18840	20540
1750058865.9043663	340	18850	20557
1750058870.9195635	341	18877	20577
1750058875.9364507	341	18898	20593
1750058880.952165	341	18911	20607
1750058885.971085	341	18927	20622
1750058890.9885552	341	18945	20641
1750058896.0057738	341	18958	20658
1750058901.0217435	341	18975	20670
1750058906.0374846	341	18989	20691
1750058911.0539129	341	19002	20707
1750058916.070067	341	19019	20723
1750058921.0865314	341	19027	20735
1750058926.1022458	341	19041	20759
1750058931.1262302	341	19052	20779
1750058936.1421165	341	19068	20795
1750058941.158076	341	19081	20806
1750058946.1737566	341	19095	20822
1750058951.1905048	341	19107	20840
1750058956.2077177	341	19123	20848
1750058961.2240183	341	19142	20865
1750058966.240644	341	19157	20880
1750058971.2576704	341	19173	20895
1750058976.2749264	341	19184	20908
1750058981.2919362	342	19195	20925
1750058986.3090231	342	19211	20935
1750058991.3253727	342	19220	20942
1750058996.3480258	342	19237	20952
1750059001.364117	342	19248	20964
1750059006.3807688	343	19266	20981
1750059011.3981037	343	19277	20993
1750059016.4141092	343	19287	21004
1750059021.4307795	344	19297	21013
1750059026.448328	344	19310	21033
1750059031.4644341	345	19321	21049
1750059036.4814012	345	19342	21071
1750059041.4972663	346	19360	21088
1750059046.514161	346	19369	21097
1750059051.533323	346	19383	21114
1750059056.5507782	347	19398	21127
1750059061.5658648	347	19406	21142
1750059066.5813153	347	19420	21163
1750059071.5973423	349	19435	21179
1750059076.6141746	349	19446	21200
1750059081.6304893	349	19456	21218
1750059086.648661	349	19467	21237
1750059091.664893	349	19483	21251
1750059096.6855345	349	19499	21265
1750059101.7024055	349	19510	21280
1750059106.7191901	349	19525	21295
1750059111.7357173	351	19540	21308
1750059116.75259	351	19551	21326
1750059121.7697642	351	19570	21347
1750059126.786798	351	19581	21363
1750059131.8036075	351	19597	21377
1750059136.8194618	353	19615	21388
1750059141.84259	353	19624	21408
1750059146.8577864	353	19634	21427
1750059151.875188	354	19649	21446
1750059156.8914356	354	19664	21462
1750059161.908324	354	19676	21479
1750059166.9255338	354	19689	21498
1750059171.9418046	354	19701	21518
1750059176.9578485	355	19718	21536
1750059181.9756742	355	19725	21552
1750059186.9925497	355	19741	21569
1750059192.0095918	355	19760	21593
1750059197.0271094	355	19781	21608
1750059202.0424283	355	19800	21623
1750059207.0660298	355	19809	21639
1750059212.0830164	355	19825	21649
1750059217.0989282	356	19840	21675
1750059222.1153433	356	19858	21686
1750059227.1309485	356	19867	21705
1750059232.1475153	356	19879	21720
1750059237.1638007	356	19894	21731
1750059242.1803179	356	19911	21743
1750059247.1963692	356	19926	21753
1750059252.212033	356	19944	21761
1750059257.2285855	356	19964	21777
1750059262.2463346	356	19980	21795
1750059267.2622766	356	19992	21811
1750059272.278406	356	20004	21831
1750059277.2935796	356	20017	21848
1750059282.3093133	356	20033	21863
1750059287.3254888	356	20041	21882
1750059292.3421981	357	20056	21901
1750059297.3590043	357	20071	21914
1750059302.3826041	358	20079	21932
1750059307.3996162	359	20096	21945
1750059312.4155273	359	20115	21958
1750059317.432355	359	20133	21971
1750059322.4490755	359	20146	21980
1750059327.4647772	359	20160	21994
1750059332.4814749	359	20172	22006
1750059337.5046148	361	20187	22022
1750059342.5208893	361	20199	22042
1750059347.5372834	361	20205	22057
1750059352.5537546	362	20221	22079
1750059357.5698385	362	20235	22095
1750059362.5895314	362	20249	22113
1750059367.6057298	362	20258	22130
1750059372.6215203	362	20269	22140
1750059377.6391416	362	20286	22156
1750059382.6614153	362	20305	22169
1750059387.676215	362	20317	22188
1750059392.6918952	363	20330	22202
1750059397.708014	364	20344	22214
1750059402.724615	364	20355	22224
1750059407.7414038	364	20371	22239
1750059412.7561762	364	20383	22247
1750059417.7731688	364	20401	22267
1750059422.788041	365	20413	22277
1750059427.8189194	365	20425	22296
1750059432.8359604	365	20436	22317
1750059437.851151	365	20450	22330
1750059442.8660932	365	20468	22344
1750059447.8836954	365	20478	22363
1750059452.900777	366	20488	22387
1750059457.9174063	366	20501	22401
1750059462.9325995	366	20513	22413
1750059467.948425	366	20521	22434
1750059472.9711092	367	20534	22447
1750059477.991055	367	20547	22460
1750059483.008734	368	20564	22476
1750059488.0250294	368	20578	22488
1750059493.0415468	368	20591	22502
1750059498.0571413	369	20607	22515
1750059503.0722187	369	20620	22533
1750059508.0893795	369	20628	22557
1750059513.105884	369	20648	22578
1750059518.130126	370	20663	22589
1750059523.14624	370	20677	22609
1750059528.1617763	370	20690	22622
1750059533.1773472	370	20704	22644
1750059538.194533	371	20714	22658
1750059543.2114017	371	20728	22673
1750059548.2272227	371	20741	22685
1750059553.242266	372	20750	22695
1750059558.2587473	372	20758	22707
1750059563.2747724	372	20771	22719
1750059568.291349	372	20781	22735
1750059573.3115656	372	20800	22754
1750059578.3283675	372	20815	22772
1750059583.3451254	373	20835	22786
1750059588.3623667	373	20851	22798
1750059593.3787706	374	20866	22814
1750059598.3947682	374	20878	22829
1750059603.4170012	375	20893	22846
1750059608.4337358	375	20906	22859
1750059613.4530764	376	20920	22878
1750059618.4690273	376	20929	22890
1750059623.4847713	376	20943	22907
1750059628.5024846	376	20954	22924
1750059633.5198429	376	20973	22938
1750059638.5396369	376	20995	22948
1750059643.5559492	376	21010	22965
1750059648.5716045	377	21028	22983
1750059653.588217	378	21039	22998
1750059658.6027713	378	21048	23011
1750059663.6188374	378	21057	23030
1750059668.6361294	378	21072	23044
1750059673.6521845	379	21090	23063
1750059678.6683414	379	21108	23080
1750059683.6848233	380	21123	23093
1750059688.702005	380	21138	23110
1750059693.720018	380	21153	23130
1750059698.7360032	380	21173	23142
1750059703.751438	380	21187	23156
1750059708.7666829	380	21202	23167
1750059713.7823424	380	21219	23177
1750059718.7983515	380	21234	23197
1750059723.81503	380	21246	23202
1750059728.839736	380	21265	23213
1750059733.8562596	380	21278	23229
1750059738.8728302	380	21295	23255
1750059743.8888447	380	21317	23274
1750059748.9038215	381	21328	23291
1750059753.9198325	381	21343	23306
1750059758.9358299	382	21357	23326
1750059763.9530802	383	21374	23338
1750059768.9704337	383	21393	23357
1750059773.9871309	383	21411	23376
1750059779.0030231	383	21422	23383
1750059784.02154	383	21430	23404
1750059789.038402	384	21448	23423
1750059794.0546954	384	21464	23444
1750059799.0717864	384	21477	23456
1750059804.0877397	384	21496	23472
1750059809.1044104	384	21508	23486
1750059814.126456	384	21522	23499
1750059819.1431563	384	21534	23514
1750059824.162388	384	21551	23524
1750059829.1800852	384	21559	23535
1750059834.1960928	384	21572	23547
1750059839.2124994	384	21581	23569
1750059844.2297878	384	21592	23587
1750059849.247459	384	21599	23601
1750059854.2626615	384	21611	23616
1750059859.2776356	384	21623	23621
1750059864.2921646	385	21634	23637
1750059869.307306	385	21646	23656
1750059874.3243601	385	21662	23678
1750059879.339286	385	21675	23692
1750059884.3559794	385	21690	23707
1750059889.3721547	385	21709	23721
1750059894.3887668	385	21717	23742
1750059899.404305	386	21736	23756
1750059904.4192996	386	21746	23769
1750059909.4340637	386	21758	23783
1750059914.4495647	386	21773	23808
1750059919.4646454	386	21783	23817
1750059924.4799156	387	21793	23830
1750059929.4992938	387	21818	23840
1750059934.5144658	387	21830	23854
1750059939.5303972	387	21840	23863
1750059944.5454364	388	21855	23878
1750059949.5598576	388	21865	23899
1750059954.5747437	389	21873	23920
1750059959.58954	389	21884	23936
1750059964.605934	391	21903	23946
1750059969.6206188	391	21915	23961
1750059974.6362188	391	21927	23973
1750059979.6514516	391	21943	23987
1750059984.66681	391	21955	24007
1750059989.681663	391	21972	24020
1750059994.6973033	391	21986	24032
1750059999.7119386	392	21997	24048
1750060004.7301083	392	22010	24067
1750060009.7515566	392	22021	24089
1750060014.7656863	392	22037	24105
1750060019.7803943	392	22046	24125
1750060024.7948463	392	22060	24140
1750060029.809347	393	22076	24155
1750060034.8257446	393	22093	24174
1750060039.841745	393	22102	24197
1750060044.8570373	393	22118	24210
1750060049.8730378	393	22128	24229
1750060054.8885865	393	22139	24238
1750060059.90346	393	22154	24254
1750060064.9180863	393	22168	24272
1750060069.932844	393	22179	24287
1750060074.947579	393	22190	24303
1750060079.9623284	393	22201	24317
1750060084.9783478	393	22218	24331
1750060089.9934223	394	22231	24351
1750060095.0085726	395	22248	24365
1750060100.0236602	395	22259	24380
1750060105.038397	395	22268	24398
1750060110.0536268	395	22282	24411
1750060115.0691454	395	22299	24426
1750060120.0835147	395	22319	24444
1750060125.1008656	396	22339	24455
1750060130.1158323	396	22357	24469
1750060135.133128	397	22371	24487
1750060140.1520662	397	22385	24505
1750060145.1675532	397	22400	24521
1750060150.1826618	397	22415	24531
1750060155.197898	397	22425	24546
1750060160.2138171	397	22440	24561
1750060165.2295775	397	22455	24574
1750060170.2450655	397	22465	24584
1750060175.2609758	397	22476	24598
1750060180.2777183	397	22493	24615
1750060185.2940078	398	22507	24640
1750060190.3088229	399	22515	24653
1750060195.3233223	400	22528	24664
1750060200.33847	401	22542	24676
1750060205.3542204	401	22560	24689
1750060210.368807	401	22578	24699
1750060215.3872652	401	22594	24717
1750060220.4082298	401	22608	24729
1750060225.4224844	401	22617	24742
1750060230.4372833	402	22633	24755
1750060235.451905	402	22650	24772
1750060240.4685445	405	22664	24793
1750060245.4834464	405	22677	24806
1750060250.5082972	405	22687	24818
1750060255.5235178	405	22695	24836
1750060260.5425158	405	22711	24852
1750060265.5572777	406	22724	24862
1750060270.5746374	406	22739	24879
1750060275.589698	407	22754	24894
