1750401449.2459369	0	9	5
1750401454.255285	0	21	14
1750401459.2707694	0	37	17
1750401464.2803977	0	46	29
1750401469.2900655	0	63	39
1750401474.2991095	0	77	45
1750401479.3092053	0	101	51
1750401484.3264744	0	117	52
1750401489.3362775	0	136	65
1750401494.3494866	0	149	69
1750401499.3593998	0	165	77
1750401504.3706915	0	185	85
1750401509.3803418	0	204	91
1750401514.3905716	0	217	103
1750401519.4012325	0	234	111
1750401524.4117677	0	244	119
1750401529.4222124	0	254	127
1750401534.4324396	0	270	141
1750401539.449491	0	285	147
1750401544.4603183	0	298	157
1750401549.4709787	0	316	162
1750401554.4814773	1	333	171
1750401559.4918187	1	347	180
1750401564.5099845	1	365	188
1750401569.5203302	1	375	194
1750401574.5340712	1	396	197
1750401579.5447555	1	406	206
1750401584.5549922	1	427	212
1750401589.5654805	1	451	222
1750401594.575988	1	463	231
1750401599.5865114	1	480	242
1750401604.5972037	1	502	246
1750401609.6076522	1	525	259
1750401614.6181138	1	541	268
1750401619.6345763	1	557	274
1750401624.6448805	1	566	281
1750401629.6553428	1	575	294
1750401634.6660373	1	593	300
1750401639.6765504	1	608	306
1750401644.6872003	1	630	308
1750401649.6976037	1	642	316
1750401654.7078612	1	661	321
1750401659.7182953	1	674	329
1750401664.72883	1	687	338
1750401669.739564	1	697	346
1750401674.7570238	1	714	359
1750401679.7726383	1	729	363
1750401684.7833	1	741	375
1750401689.79393	1	761	386
1750401694.8044403	1	772	394
1750401699.8220453	1	790	400
1750401704.832791	1	802	408
1750401709.8434875	1	817	414
1750401714.854113	1	835	422
1750401719.8645813	1	850	431
1750401724.8752134	1	869	438
1750401729.8855772	1	890	443
1750401734.9031868	1	915	455
1750401739.9133987	1	928	466
1750401744.9235923	1	943	477
1750401749.9341824	1	964	483
1750401754.9444387	1	975	495
1750401759.9547524	1	989	498
1750401764.9659235	1	1005	506
1750401769.9768114	1	1023	512
1750401774.987516	1	1032	523
1750401779.9997365	1	1046	534
1750401785.0143318	1	1066	539
1750401790.02831	1	1084	549
1750401795.0397966	1	1102	557
1750401800.0537724	1	1117	571
1750401805.0657473	1	1128	585
1750401810.080323	1	1145	593
1750401815.0955575	1	1154	605
1750401820.1099014	1	1166	611
1750401825.1218412	1	1181	621
1750401830.1370904	1	1201	630
1750401835.151477	1	1219	637
1750401840.165514	1	1230	642
1750401845.179748	1	1241	648
1750401850.1947176	1	1262	652
1750401855.2092912	1	1278	657
1750401860.2233317	1	1291	668
1750401865.2386246	1	1308	675
1750401870.253797	1	1313	684
1750401875.2685745	1	1328	694
1750401880.2818303	1	1341	707
1750401885.2962575	1	1354	720
1750401890.3111224	1	1368	727
1750401895.3306549	1	1386	737
1750401900.3450618	1	1399	744
1750401905.3568373	1	1413	748
1750401910.3715456	1	1428	755
1750401915.3866928	1	1440	770
1750401920.401722	1	1459	775
1750401925.4166746	1	1472	783
1750401930.4287224	1	1486	792
1750401935.451334	1	1500	803
1750401940.4652631	1	1512	813
1750401945.4802606	1	1520	823
1750401950.4921312	1	1533	829
1750401955.5049303	1	1546	839
1750401960.5197718	1	1564	843
1750401965.5343373	1	1586	848
1750401970.5485988	1	1599	856
1750401975.5718062	1	1619	864
1750401980.5867982	1	1632	869
1750401985.6021776	1	1649	875
1750401990.6265292	1	1661	887
1750401995.64144	1	1679	895
1750402000.6554494	1	1693	903
1750402005.666831	1	1712	910
1750402010.6810555	1	1725	915
1750402015.697957	1	1740	924
1750402020.7136247	1	1750	934
1750402025.7283726	1	1764	939
1750402030.7485414	1	1777	941
1750402035.768101	1	1792	950
1750402040.7827182	1	1808	956
1750402045.796997	1	1819	967
1750402050.8113863	1	1838	979
1750402055.826406	1	1855	991
1750402060.8446221	1	1864	998
1750402065.8560994	1	1875	1001
1750402070.8692749	1	1891	1008
1750402075.8830328	1	1907	1018
1750402080.8976238	1	1925	1024
1750402085.9124951	1	1942	1035
1750402090.9240215	1	1956	1044
1750402095.9411597	1	1975	1054
1750402100.9598663	1	1988	1062
1750402105.9739711	1	2007	1070
1750402110.9882133	1	2029	1080
1750402115.9994574	1	2044	1091
1750402121.0131571	1	2061	1100
1750402126.0276966	1	2085	1111
1750402131.0414634	1	2101	1119
1750402136.055558	1	2117	1125
1750402141.0688045	1	2127	1130
1750402146.082897	1	2143	1138
1750402151.0989592	1	2164	1157
1750402156.1142254	1	2186	1165
1750402161.1275194	1	2204	1173
1750402166.1403124	1	2218	1180
1750402171.1555114	1	2235	1190
1750402176.1698816	1	2243	1203
1750402181.184131	1	2265	1211
1750402186.1979723	1	2285	1224
1750402191.2116528	1	2297	1236
1750402196.225937	1	2308	1247
1750402201.2389774	1	2320	1258
1750402206.2521853	1	2333	1267
1750402211.2656667	1	2345	1278
1750402216.2805586	1	2358	1287
1750402221.2924693	1	2378	1296
1750402226.3056195	1	2398	1299
1750402231.319027	1	2414	1314
1750402236.3323572	1	2426	1322
1750402241.3447332	1	2440	1333
1750402246.3560522	1	2452	1349
1750402251.367049	1	2459	1363
1750402256.3775566	1	2474	1371
1750402261.389693	1	2490	1380
1750402266.402553	1	2501	1388
1750402271.4140532	1	2515	1399
1750402276.427486	1	2532	1402
1750402281.4384146	1	2545	1414
1750402286.4490829	1	2559	1422
1750402291.4631798	1	2575	1430
1750402296.4768229	1	2585	1444
1750402301.489447	1	2599	1454
1750402306.50526	1	2608	1461
1750402311.5252833	1	2618	1470
1750402316.5391924	1	2634	1483
1750402321.5563545	1	2650	1497
1750402326.5709343	1	2662	1508
1750402331.5838296	1	2682	1518
1750402336.5980036	1	2702	1523
1750402341.6120358	1	2725	1535
1750402346.6265469	1	2736	1540
1750402351.6376767	1	2756	1552
1750402356.6570225	1	2772	1558
1750402361.6735241	1	2783	1569
1750402366.6872404	1	2802	1577
1750402371.6999164	1	2816	1588
1750402376.7135923	1	2831	1594
1750402381.7332833	1	2845	1603
1750402386.747198	1	2863	1607
1750402391.7612987	1	2877	1621
1750402396.7749248	1	2897	1635
1750402401.785864	1	2918	1640
1750402406.8052404	1	2932	1649
1750402411.8161643	1	2940	1656
1750402416.8299654	1	2959	1667
1750402421.8425345	1	2970	1676
1750402426.855318	1	2986	1692
1750402431.8684108	1	3002	1702
1750402436.882748	1	3017	1714
1750402441.8969455	1	3039	1723
1750402446.9100924	1	3055	1731
1750402451.930055	1	3065	1739
1750402456.941672	1	3077	1754
1750402461.9549727	1	3091	1761
1750402466.9668174	1	3100	1774
1750402471.977273	1	3114	1779
1750402476.989668	1	3124	1789
1750402482.0031714	1	3138	1794
1750402487.0218961	1	3155	1800
1750402492.0337143	1	3166	1815
1750402497.045102	1	3177	1823
1750402502.0586028	1	3198	1832
1750402507.0702772	1	3216	1838
1750402512.084559	1	3228	1848
1750402517.098005	1	3244	1857
1750402522.1109262	1	3258	1864
1750402527.124608	1	3270	1872
1750402532.1390204	1	3285	1876
1750402537.1501539	1	3297	1885
1750402542.1636353	1	3318	1898
1750402547.174795	1	3333	1907
1750402552.1857946	1	3346	1922
1750402557.1977868	1	3357	1937
1750402562.2093394	1	3378	1949
1750402567.220616	1	3399	1956
1750402572.2320192	1	3412	1964
1750402577.242253	1	3425	1975
1750402582.2536454	1	3442	1977
1750402587.2654426	1	3457	1988
1750402592.2767854	1	3470	1995
1750402597.2875423	1	3489	2006
1750402602.2992196	1	3513	2014
1750402607.3120942	1	3536	2028
1750402612.326481	1	3556	2038
1750402617.3403356	1	3567	2047
1750402622.3522732	1	3581	2056
1750402627.3660045	1	3594	2065
1750402632.3795135	1	3611	2070
1750402637.393259	1	3625	2080
1750402642.406469	1	3647	2089
1750402647.4176323	1	3660	2099
1750402652.431509	1	3678	2105
1750402657.4453833	1	3691	2110
1750402662.4593768	1	3706	2120
1750402667.4815414	1	3716	2129
1750402672.4945056	1	3729	2139
1750402677.5091016	1	3741	2150
1750402682.523523	1	3754	2160
1750402687.5381565	1	3769	2163
1750402692.5522487	1	3786	2178
1750402697.565744	1	3796	2191
1750402702.5767121	1	3813	2196
1750402707.5913308	1	3828	2205
1750402712.6086388	1	3840	2209
1750402717.624059	1	3846	2219
1750402722.6382062	1	3864	2227
1750402727.6523776	1	3877	2233
1750402732.6660912	1	3893	2239
1750402737.6823566	1	3914	2248
1750402742.696313	1	3921	2260
1750402747.7095108	1	3937	2268
1750402752.7229369	1	3955	2274
1750402757.73657	1	3964	2279
1750402762.753405	1	3971	2289
1750402767.7677052	1	3989	2296
1750402772.781173	1	4006	2305
1750402777.796666	1	4020	2313
1750402782.8110437	1	4031	2320
1750402787.829003	1	4043	2326
1750402792.8411136	1	4059	2334
1750402797.8543837	1	4073	2340
1750402802.8683474	2	4093	2351
1750402807.8823438	2	4107	2361
1750402812.8969707	2	4125	2374
1750402817.9117835	2	4139	2379
1750402822.9264517	2	4152	2383
1750402827.940615	2	4170	2396
1750402832.9537377	2	4182	2411
1750402837.97536	2	4198	2416
1750402842.9885898	2	4225	2423
1750402848.003473	2	4243	2435
1750402853.0179312	2	4258	2445
1750402858.0309398	2	4272	2454
1750402863.044973	2	4295	2465
1750402868.0589042	2	4312	2471
1750402873.073421	2	4327	2484
1750402878.0920963	2	4342	2489
1750402883.1053019	2	4362	2497
1750402888.1198926	2	4376	2509
1750402893.130704	2	4389	2523
1750402898.1417055	2	4401	2532
1750402903.1517801	2	4416	2542
1750402908.1626647	2	4430	2548
1750402913.1764169	2	4450	2559
1750402918.190857	2	4465	2565
1750402923.212379	2	4479	2576
1750402928.2287154	2	4496	2587
1750402933.2415252	2	4510	2597
1750402938.2546124	2	4524	2602
1750402943.26933	2	4535	2612
1750402948.2830927	2	4552	2623
1750402953.2975113	2	4571	2634
1750402958.3091023	2	4593	2636
1750402963.3224046	2	4608	2642
1750402968.3367307	2	4627	2650
1750402973.3515399	2	4641	2656
1750402978.362302	2	4656	2668
1750402983.375394	2	4669	2678
1750402988.3896408	2	4691	2686
1750402993.4036849	2	4709	2695
1750402998.4206111	2	4720	2703
1750403003.4349837	2	4739	2713
1750403008.4471693	2	4766	2725
1750403013.461953	2	4786	2731
1750403018.4763799	2	4794	2742
1750403023.4900813	2	4812	2752
1750403028.5043812	2	4827	2759
1750403033.5183773	2	4840	2771
1750403038.531267	2	4859	2778
1750403043.5447118	2	4875	2788
1750403048.5659509	2	4890	2796
1750403053.5796058	2	4897	2807
1750403058.59007	2	4907	2815
1750403063.602802	2	4917	2822
1750403068.6169007	2	4929	2832
1750403073.6306043	2	4941	2841
1750403078.6439147	2	4957	2847
1750403083.6589882	2	4972	2855
1750403088.6703768	2	4988	2863
1750403093.6808314	2	5006	2871
1750403098.6913397	2	5025	2875
1750403103.7027986	2	5041	2883
1750403108.7139664	2	5052	2893
1750403113.725106	2	5070	2905
1750403118.7364163	2	5082	2916
1750403123.7475684	2	5095	2929
1750403128.7580278	2	5116	2939
1750403133.768712	2	5126	2945
1750403138.7803125	2	5142	2953
1750403143.7908273	2	5160	2966
1750403148.8017442	2	5179	2977
1750403153.813234	2	5192	2987
1750403158.8285508	2	5204	2994
1750403163.840082	3	5226	3002
1750403168.850683	3	5247	3015
1750403173.8617902	3	5260	3025
1750403178.8729327	3	5274	3039
1750403183.8844604	3	5295	3048
1750403188.8965647	3	5306	3057
1750403193.909135	3	5324	3062
1750403198.921826	3	5336	3069
1750403203.9348388	3	5354	3080
1750403208.945638	3	5365	3088
1750403213.962254	3	5380	3104
1750403218.9779859	3	5403	3105
1750403223.9913409	3	5419	3110
1750403229.0109644	3	5431	3116
1750403234.026474	3	5447	3121
1750403239.0401866	3	5467	3126
1750403244.0607085	3	5481	3132
1750403249.0730464	3	5494	3137
1750403254.087036	3	5507	3141
1750403259.1012254	3	5521	3148
1750403264.1164093	3	5535	3154
1750403269.1292365	3	5557	3163
1750403274.1438718	3	5576	3177
1750403279.1582866	3	5595	3191
1750403284.1723585	3	5615	3200
1750403289.186926	3	5635	3204
1750403294.2048807	3	5655	3217
1750403299.2197428	3	5670	3230
1750403304.2310445	3	5686	3239
1750403309.2439578	3	5703	3246
1750403314.2576225	3	5723	3258
1750403319.272026	3	5739	3268
1750403324.2862737	3	5749	3276
1750403329.300937	3	5764	3283
1750403334.3148685	3	5776	3292
1750403339.3285108	3	5792	3302
1750403344.3424685	3	5808	3316
1750403349.3568408	3	5825	3327
1750403354.3706686	3	5840	3335
1750403359.383971	3	5856	3348
1750403364.3972127	3	5874	3355
1750403369.4107907	3	5884	3365
1750403374.4255412	3	5896	3377
1750403379.4392474	3	5912	3383
1750403384.453169	3	5922	3394
1750403389.4657495	3	5931	3404
1750403394.47902	3	5950	3412
1750403399.4926286	3	5959	3416
1750403404.50916	3	5972	3426
1750403409.5231063	3	5987	3433
1750403414.5375936	3	6002	3443
1750403419.5515182	3	6009	3454
1750403424.5656517	3	6029	3461
1750403429.5802255	3	6040	3471
1750403434.5951247	3	6062	3479
1750403439.6096005	3	6075	3486
1750403444.6256022	3	6087	3495
1750403449.6394491	3	6095	3506
1750403454.6534247	3	6109	3511
1750403459.6670609	3	6120	3521
1750403464.6809862	3	6133	3531
1750403469.7036052	3	6154	3539
1750403474.7176905	3	6175	3546
1750403479.7293668	3	6193	3556
1750403484.742927	3	6205	3566
1750403489.756693	3	6222	3571
1750403494.7707338	3	6242	3580
1750403499.784572	3	6261	3587
1750403504.7956696	3	6276	3593
1750403509.8082201	3	6288	3601
1750403514.8216028	3	6302	3609
1750403519.835218	3	6313	3615
1750403524.8494945	3	6323	3617
1750403529.8624582	3	6336	3629
1750403534.8755858	3	6351	3637
1750403539.889472	3	6361	3645
1750403544.904366	3	6373	3652
1750403549.9179223	3	6395	3657
1750403554.928672	3	6416	3663
1750403559.9425676	3	6430	3676
1750403564.9612782	3	6443	3685
1750403569.9753385	3	6463	3691
1750403574.9905534	3	6481	3697
1750403580.0040693	3	6494	3704
1750403585.0175788	3	6510	3716
1750403590.0313346	3	6526	3725
1750403595.0456798	3	6541	3730
1750403600.0599174	3	6551	3741
1750403605.072385	3	6564	3753
1750403610.0880916	3	6586	3758
1750403615.103072	3	6603	3768
1750403620.116794	3	6616	3771
1750403625.130414	3	6632	3781
1750403630.1420753	3	6647	3787
1750403635.156574	3	6660	3792
1750403640.1694312	3	6677	3801
1750403645.1836984	3	6691	3811
1750403650.1972692	3	6707	3818
1750403655.2087939	3	6722	3824
1750403660.222972	3	6740	3832
1750403665.2427554	3	6757	3842
1750403670.256937	3	6771	3848
1750403675.271501	3	6794	3858
1750403680.2831402	3	6811	3870
1750403685.2962074	3	6829	3878
1750403690.310855	3	6847	3889
1750403695.325509	3	6873	3903
1750403700.339728	3	6890	3910
1750403705.358145	3	6902	3915
1750403710.371716	3	6915	3928
1750403715.3877876	3	6927	3942
1750403720.402379	3	6945	3951
1750403725.4166262	3	6967	3960
1750403730.4379072	3	6979	3971
1750403735.451788	3	6990	3978
1750403740.465551	3	7004	3985
1750403745.4889681	3	7020	3996
1750403750.499744	3	7037	4001
1750403755.513241	3	7049	4007
1750403760.5281372	3	7062	4019
1750403765.542544	3	7078	4028
1750403770.5559494	3	7086	4040
1750403775.5709631	3	7100	4047
1750403780.584943	3	7110	4057
1750403785.6035495	3	7122	4067
1750403790.617814	3	7140	4077
1750403795.6314232	3	7152	4083
1750403800.645614	3	7166	4095
1750403805.6593266	3	7181	4099
1750403810.6775057	3	7193	4112
1750403815.6886952	3	7209	4116
1750403820.7024662	3	7231	4129
1750403825.7170355	3	7245	4136
1750403830.7313583	3	7261	4145
1750403835.745336	3	7271	4151
1750403840.7591865	3	7284	4161
1750403845.7735224	3	7299	4167
1750403850.792541	3	7313	4175
1750403855.8069978	3	7338	4178
1750403860.8207068	3	7350	4186
1750403865.835049	3	7364	4198
1750403870.8498855	3	7386	4204
1750403875.868174	3	7407	4207
1750403880.8824184	3	7424	4214
1750403885.8973696	3	7436	4225
1750403890.9186783	3	7454	4234
1750403895.9321408	3	7474	4247
1750403900.945495	3	7488	4253
1750403905.9587798	3	7511	4259
1750403910.9732435	3	7530	4269
1750403915.9871101	3	7542	4276
1750403921.0010068	3	7561	4290
1750403926.015247	3	7579	4300
1750403931.0339859	3	7591	4310
1750403936.0479693	3	7601	4316
1750403941.0606656	3	7626	4323
1750403946.0750194	3	7641	4338
1750403951.0881696	3	7654	4343
1750403956.1091855	3	7681	4349
1750403961.1239686	3	7694	4354
1750403966.1378284	4	7717	4366
1750403971.1598172	4	7729	4374
1750403976.173665	4	7748	4381
1750403981.188018	4	7765	4388
1750403986.2021728	4	7779	4397
1750403991.2160358	4	7796	4409
1750403996.2298832	4	7812	4417
1750404001.2409437	4	7831	4426
1750404006.2541027	4	7850	4436
1750404011.2688494	4	7869	4442
1750404016.282445	4	7890	4456
1750404021.3015745	4	7903	4464
1750404026.313992	4	7915	4473
1750404031.32723	4	7933	4480
1750404036.3412416	4	7948	4489
1750404041.3558068	4	7959	4501
1750404046.3704975	4	7970	4508
1750404051.3815072	4	7987	4516
1750404056.3954418	4	8007	4521
1750404061.409987	4	8018	4531
1750404066.4245322	4	8034	4543
1750404071.4424136	4	8049	4546
1750404076.454463	4	8066	4554
1750404081.4681115	4	8084	4564
1750404086.4817882	4	8106	4572
1750404091.4954083	4	8125	4580
1750404096.5099878	4	8139	4589
1750404101.5230422	4	8157	4598
1750404106.539939	4	8177	4604
1750404111.5584235	4	8187	4614
1750404116.5731626	4	8212	4623
1750404121.58761	4	8225	4628
1750404126.6011255	4	8243	4635
1750404131.6146078	4	8263	4639
1750404136.636963	4	8283	4650
1750404141.6513891	4	8301	4659
1750404146.6655743	4	8316	4674
1750404151.6795576	4	8323	4681
1750404156.6936483	4	8334	4693
1750404161.7076268	4	8349	4702
1750404166.722005	4	8365	4710
1750404171.736001	4	8388	4722
1750404176.748921	4	8401	4727
1750404181.762328	4	8422	4738
1750404186.782702	4	8442	4751
1750404191.797315	4	8461	4759
1750404196.8118784	4	8472	4767
1750404201.8314035	4	8490	4771
1750404206.8458834	4	8511	4778
1750404211.8596833	4	8527	4784
1750404216.8737032	4	8545	4792
1750404221.8876014	4	8563	4798
1750404226.9019837	4	8579	4802
1750404231.91623	4	8594	4811
1750404236.9305353	4	8609	4818
1750404241.9452562	4	8626	4826
1750404246.9594812	4	8639	4833
1750404251.9775107	4	8649	4842
1750404256.991144	4	8666	4848
1750404262.0062952	4	8688	4856
1750404267.0267723	4	8706	4860
1750404272.0409422	4	8723	4865
1750404277.0545518	4	8734	4873
1750404282.0769591	4	8749	4879
1750404287.0902686	4	8769	4886
1750404292.1048806	4	8787	4891
1750404297.118332	4	8802	4901
1750404302.1323888	4	8816	4912
1750404307.1457355	4	8827	4922
1750404312.1597476	4	8837	4936
1750404317.1726842	4	8849	4946
1750404322.1904829	4	8858	4958
1750404327.2045658	4	8876	4971
1750404332.2159293	4	8893	4984
1750404337.228641	4	8909	4993
1750404342.239097	4	8923	5001
1750404347.2529566	4	8942	5016
1750404352.2659295	5	8958	5026
1750404357.2798858	5	8969	5028
1750404362.293821	5	8984	5036
1750404367.3135219	5	8997	5045
1750404372.3301694	6	9015	5055
1750404377.344219	6	9033	5061
1750404382.358339	6	9042	5071
1750404387.3727262	6	9058	5079
1750404392.387042	6	9072	5084
1750404397.4012294	6	9087	5094
1750404402.4155347	6	9098	5102
1750404407.4346137	6	9112	5113
1750404412.445535	6	9127	5119
1750404417.4589357	6	9143	5126
1750404422.4727662	6	9153	5133
1750404427.4868252	6	9180	5138
1750404432.507716	6	9198	5154
1750404437.5240123	6	9211	5165
1750404442.5384116	6	9229	5167
1750404447.5526721	6	9249	5182
1750404452.5668092	6	9267	5189
1750404457.5810146	6	9283	5195
1750404462.594419	6	9300	5205
1750404467.6094365	6	9320	5213
1750404472.6235254	6	9332	5226
1750404477.637028	6	9348	5234
1750404482.6508613	6	9358	5245
1750404487.664945	6	9371	5247
1750404492.6794524	6	9385	5258
1750404497.6931639	6	9394	5274
1750404502.7062864	6	9406	5280
1750404507.7182329	6	9418	5289
1750404512.7313285	6	9434	5295
1750404517.7450266	6	9451	5306
1750404522.7590528	6	9466	5316
1750404527.7725794	6	9482	5325
1750404532.7872474	6	9498	5340
1750404537.798806	6	9516	5351
1750404542.8122764	6	9533	5362
1750404547.8259642	6	9544	5371
1750404552.840034	6	9552	5385
1750404557.8525558	6	9569	5395
1750404562.8680062	6	9587	5404
1750404567.882419	6	9601	5420
1750404572.8969316	6	9604	5432
1750404577.910401	6	9616	5442
1750404582.9245214	6	9630	5451
1750404587.9372869	6	9644	5459
1750404592.9567559	6	9659	5470
1750404597.9775188	6	9681	5476
1750404602.991599	6	9695	5482
1750404608.0064216	6	9708	5488
1750404613.0202694	6	9721	5496
1750404618.0343	6	9736	5508
1750404623.0565867	6	9748	5514
1750404628.0707119	6	9760	5522
1750404633.083737	6	9779	5531
1750404638.0976107	6	9796	5538
1750404643.1115499	6	9804	5548
1750404648.1251316	6	9821	5560
1750404653.1390224	6	9840	5568
1750404658.1530643	6	9856	5576
1750404663.1732736	6	9870	5583
1750404668.18709	6	9883	5590
1750404673.2015512	6	9891	5603
1750404678.2164152	6	9907	5612
1750404683.2297447	6	9925	5618
1750404688.2489233	6	9941	5620
1750404693.2624018	6	9952	5628
1750404698.2758975	6	9970	5639
1750404703.2899969	6	9984	5653
1750404708.304355	6	10007	5657
1750404713.317375	6	10021	5666
1750404718.3317525	6	10036	5679
1750404723.3502877	6	10052	5688
1750404728.370671	6	10066	5692
1750404733.3856907	6	10085	5707
1750404738.400278	6	10097	5719
1750404743.4144976	6	10114	5728
1750404748.4294522	6	10130	5736
1750404753.4438436	6	10140	5742
1750404758.457268	6	10157	5757
1750404763.4699247	6	10175	5763
1750404768.483637	6	10191	5766
1750404773.4977012	6	10207	5770
1750404778.514484	6	10223	5775
1750404783.5291975	6	10234	5785
1750404788.5426738	6	10250	5799
1750404793.5576599	6	10270	5810
1750404798.5729449	6	10282	5819
1750404803.5875258	6	10293	5827
1750404808.6026433	6	10307	5831
1750404813.614973	6	10328	5840
1750404818.6287627	6	10345	5850
1750404823.6469884	6	10359	5857
1750404828.6614742	6	10381	5868
1750404833.676485	6	10399	5875
1750404838.6885183	6	10413	5888
1750404843.7027247	6	10425	5897
1750404848.717268	6	10438	5908
1750404853.73178	6	10460	5916
1750404858.746907	6	10468	5926
1750404863.759441	6	10480	5935
1750404868.7725332	6	10493	5944
1750404873.7916422	6	10508	5959
1750404878.8061657	6	10535	5963
1750404883.821798	6	10547	5977
1750404888.8342187	6	10564	5983
1750404893.8475516	6	10582	5989
1750404898.862554	6	10599	5996
1750404903.8773541	6	10616	6005
1750404908.891997	6	10638	6011
1750404913.9045851	6	10655	6022
1750404918.9181693	6	10665	6035
1750404923.9358866	6	10684	6043
1750404928.9500375	6	10695	6048
1750404933.964188	6	10716	6059
1750404938.976814	6	10733	6068
1750404943.9944446	6	10741	6073
1750404949.0090997	6	10759	6082
1750404954.0244305	6	10774	6090
1750404959.0396864	6	10786	6100
1750404964.0542617	6	10795	6108
1750404969.0694625	6	10805	6117
1750404974.0837185	6	10820	6127
1750404979.0978088	6	10842	6137
1750404984.1117928	6	10848	6150
1750404989.1264231	6	10859	6161
1750404994.1454628	6	10876	6169
1750404999.1603966	6	10891	6178
1750405004.1745098	6	10906	6188
1750405009.1887782	6	10923	6200
1750405014.2025397	6	10941	6207
1750405019.2175162	6	10956	6218
1750405024.2327855	6	10971	6224
1750405029.2479744	6	10992	6234
1750405034.262125	6	11006	6240
1750405039.2766347	6	11020	6249
1750405044.294841	6	11038	6253
1750405049.3072548	6	11054	6258
1750405054.3213658	6	11074	6265
1750405059.3360014	6	11086	6276
1750405064.3514843	6	11098	6285
1750405069.3656597	6	11111	6290
1750405074.3799636	6	11133	6298
1750405079.3948467	6	11152	6302
1750405084.4129636	6	11162	6310
1750405089.4277413	6	11176	6318
1750405094.4428482	6	11196	6326
1750405099.4574764	6	11210	6333
1750405104.472543	6	11228	6342
1750405109.49121	6	11240	6351
1750405114.5059779	6	11251	6368
1750405119.5191438	6	11266	6376
1750405124.5331974	6	11284	6385
1750405129.547433	6	11304	6393
1750405134.562552	6	11314	6395
1750405139.5754547	6	11334	6407
1750405144.5950818	6	11343	6417
1750405149.616096	6	11363	6424
1750405154.6304104	6	11382	6433
1750405159.6445732	6	11393	6451
1750405164.6590197	6	11410	6457
1750405169.673486	6	11427	6466
1750405174.6939998	6	11442	6473
1750405179.7079694	6	11463	6480
1750405184.720316	6	11476	6488
1750405189.7345693	6	11500	6498
1750405194.7486298	6	11520	6506
1750405199.7623715	6	11531	6513
1750405204.7764478	6	11550	6520
1750405209.7920456	6	11557	6530
1750405214.8131144	6	11569	6540
1750405219.8279727	6	11590	6549
1750405224.844479	6	11602	6558
1750405229.860069	6	11614	6563
1750405234.8725612	6	11628	6572
1750405239.887265	7	11647	6584
1750405244.901766	7	11671	6594
1750405249.9166992	7	11687	6606
1750405254.9315927	7	11705	6616
1750405259.9463735	7	11725	6621
1750405264.9613235	7	11740	6630
1750405269.9754121	7	11756	6642
1750405274.9892323	7	11777	6649
1750405280.0037339	7	11796	6658
1750405285.0189726	7	11818	6672
1750405290.0335739	7	11838	6680
1750405295.0488548	7	11863	6690
1750405300.072419	7	11877	6703
1750405305.0865612	7	11896	6717
1750405310.0999882	7	11916	6726
1750405315.1153455	7	11937	6735
1750405320.1282198	7	11954	6744
1750405325.1448588	7	11967	6756
1750405330.159831	7	11978	6764
1750405335.1747944	7	11993	6774
1750405340.1901538	7	12014	6777
1750405345.2046316	7	12033	6789
1750405350.2190003	7	12043	6798
1750405355.234846	7	12058	6804
1750405360.2481637	7	12073	6810
1750405365.2609642	7	12087	6819
1750405370.2744894	7	12098	6829
1750405375.290633	7	12120	6840
1750405380.3055286	7	12139	6847
1750405385.320615	7	12159	6849
1750405390.33477	7	12169	6856
1750405395.3481338	7	12184	6865
1750405400.3688571	7	12203	6875
1750405405.3829865	7	12216	6877
1750405410.396134	7	12235	6889
1750405415.4104123	7	12254	6900
1750405420.424595	7	12272	6913
1750405425.4398465	7	12282	6926
1750405430.4522057	7	12289	6938
1750405435.46498	7	12300	6948
1750405440.479553	7	12311	6953
1750405445.4936333	7	12328	6960
1750405450.514586	7	12342	6969
1750405455.5293243	7	12358	6973
1750405460.543012	7	12369	6979
1750405465.5575166	7	12385	6986
1750405470.571418	7	12399	7000
1750405475.5857587	7	12413	7009
1750405480.5997086	7	12427	7022
1750405485.614422	7	12443	7027
1750405490.6356177	7	12455	7035
1750405495.650986	7	12466	7044
1750405500.666077	7	12476	7059
1750405505.6801844	7	12494	7068
1750405510.6941016	7	12512	7073
1750405515.715867	7	12528	7088
1750405520.7300434	7	12546	7095
1750405525.744305	7	12558	7102
1750405530.7587905	7	12576	7106
1750405535.7729752	7	12586	7113
1750405540.7872746	7	12598	7121
1750405545.8018973	7	12615	7125
1750405550.8160534	7	12629	7133
1750405555.8328307	7	12645	7140
1750405560.8448813	7	12655	7148
1750405565.8614287	7	12669	7165
1750405570.8730285	7	12683	7174
1750405575.8843405	7	12699	7183
1750405580.896063	7	12720	7199
1750405585.9077723	7	12746	7205
1750405590.9191196	7	12750	7208
1750405595.9306343	7	12766	7220
1750405600.9421496	7	12775	7227
1750405605.9535866	7	12782	7233
1750405610.9651675	7	12799	7241
1750405615.978981	7	12811	7250
1750405620.9934618	7	12825	7264
1750405626.0052466	7	12841	7272
1750405631.0167572	7	12856	7284
1750405636.0308957	7	12865	7291
1750405641.0428746	7	12883	7294
1750405646.0573845	7	12893	7304
1750405651.0724056	7	12915	7311
1750405656.0868053	7	12938	7319
1750405661.1016426	7	12954	7324
1750405666.1153839	7	12971	7337
1750405671.1299386	7	12992	7343
1750405676.1441636	7	13003	7356
1750405681.1594393	7	13018	7367
1750405686.174656	7	13034	7376
1750405691.188608	7	13049	7379
1750405696.206544	7	13060	7391
1750405701.2269006	7	13067	7399
1750405706.2414832	7	13082	7409
1750405711.259858	7	13105	7417
1750405716.2749348	7	13117	7428
1750405721.289796	7	13132	7437
1750405726.3038783	7	13146	7447
1750405731.3186073	7	13164	7457
1750405736.3338237	7	13179	7463
1750405741.3477404	7	13193	7475
1750405746.3623376	7	13206	7480
1750405751.3798466	7	13222	7488
1750405756.3946216	7	13238	7500
1750405761.4092119	7	13257	7511
1750405766.4214885	7	13276	7516
1750405771.4380903	7	13288	7522
1750405776.4523835	7	13306	7528
1750405781.4672043	7	13321	7541
1750405786.4813545	7	13339	7548
1750405791.4970996	7	13349	7555
1750405796.5138333	7	13370	7563
1750405801.5289507	7	13388	7568
1750405806.5441482	7	13401	7576
1750405811.5595973	7	13416	7588
1750405816.5737095	7	13435	7597
1750405821.5946813	7	13452	7608
1750405826.609767	7	13470	7616
1750405831.6240585	7	13483	7622
1750405836.6386209	7	13490	7625
1750405841.6533518	7	13505	7633
1750405846.6679506	7	13519	7640
1750405851.6802554	7	13534	7651
1750405856.6941638	7	13551	7656
1750405861.7098188	7	13566	7663
1750405866.7241547	7	13584	7668
1750405871.7456684	7	13598	7672
1750405876.7609086	7	13612	7683
1750405881.7761483	7	13629	7692
1750405886.7905512	7	13647	7707
1750405891.804893	7	13663	7713
1750405896.8195658	7	13679	7718
1750405901.8342338	7	13695	7727
1750405906.8536582	7	13711	7737
1750405911.8666286	7	13723	7744
1750405916.8805306	7	13739	7756
1750405921.8952954	7	13752	7765
1750405926.9097176	7	13766	7773
1750405931.9244967	7	13782	7782
1750405936.938842	7	13802	7794
1750405941.9533029	7	13819	7802
1750405946.9697225	7	13836	7808
1750405951.9823897	7	13851	7818
1750405956.9946404	7	13871	7828
1750405962.0068939	7	13888	7838
1750405967.0189028	7	13904	7846
1750405972.0313272	7	13920	7857
1750405977.0504954	7	13931	7866
1750405982.064548	7	13944	7875
1750405987.082606	7	13957	7881
1750405992.0956423	7	13975	7892
1750405997.108574	7	13989	7897
1750406002.1210358	7	14001	7906
1750406007.1339066	7	14022	7918
1750406012.148546	7	14036	7926
1750406017.1628246	7	14058	7936
1750406022.1767068	7	14074	7943
1750406027.1905756	7	14098	7953
1750406032.206354	7	14117	7962
1750406037.2205029	7	14129	7973
1750406042.2350204	7	14141	7983
1750406047.2498007	7	14157	7989
1750406052.264424	7	14171	7993
1750406057.2818394	7	14182	8004
1750406062.2971776	7	14199	8008
1750406067.3122265	7	14215	8012
1750406072.3270383	7	14230	8021
1750406077.339368	7	14246	8032
1750406082.3525977	7	14263	8041
1750406087.3668315	7	14280	8049
1750406092.3802633	7	14293	8051
1750406097.394205	7	14304	8061
1750406102.4136007	7	14319	8071
1750406107.4302068	7	14345	8079
1750406112.4445422	7	14357	8090
1750406117.4589348	7	14379	8098
1750406122.4740233	7	14389	8107
1750406127.4885979	7	14401	8115
1750406132.502388	7	14417	8125
1750406137.5170944	7	14439	8133
1750406142.53157	7	14451	8145
1750406147.5462332	7	14468	8159
1750406152.566318	7	14480	8168
1750406157.5837286	7	14495	8174
1750406162.5982614	7	14513	8187
1750406167.6128454	7	14527	8192
1750406172.627003	7	14539	8201
1750406177.6469204	7	14551	8210
1750406182.6622517	7	14566	8218
1750406187.677125	7	14581	8228
1750406192.6919374	7	14603	8236
1750406197.705769	7	14618	8247
1750406202.7206273	7	14637	8254
1750406207.7352102	7	14653	8266
1750406212.7491453	7	14670	8273
1750406217.7635984	7	14684	8280
1750406222.7788033	7	14702	8292
1750406227.7919629	7	14717	8304
1750406232.805947	7	14738	8309
1750406237.8199627	7	14754	8315
1750406242.834279	7	14769	8325
1750406247.8553119	7	14780	8333
1750406252.8721774	7	14794	8341
1750406257.8847811	7	14806	8353
1750406262.898544	7	14822	8357
1750406267.9125862	7	14840	8367
1750406272.9318912	7	14854	8374
1750406277.945117	7	14869	8382
1750406282.9602547	7	14882	8393
1750406287.9752488	7	14894	8400
1750406292.9908564	7	14903	8406
1750406298.0075977	7	14914	8414
1750406303.0245266	7	14928	8422
1750406308.036216	7	14948	8428
1750406313.0480232	7	14963	8443
1750406318.0596342	7	14982	8457
1750406323.0713584	7	15000	8466
1750406328.0828946	7	15013	8469
1750406333.0996413	7	15029	8477
1750406338.111282	7	15047	8490
1750406343.122596	7	15057	8497
1750406348.1341474	7	15068	8505
1750406353.1458852	7	15083	8518
1750406358.1574051	7	15093	8528
1750406363.1764357	7	15120	8537
1750406368.1917045	7	15137	8542
1750406373.2031124	7	15151	8549
1750406378.214898	7	15165	8564
1750406383.2265816	7	15181	8570
1750406388.2379503	7	15200	8581
1750406393.249538	7	15207	8591
1750406398.2685525	7	15222	8603
1750406403.2803252	7	15239	8614
1750406408.292417	7	15258	8628
1750406413.3044248	7	15276	8637
1750406418.3158486	7	15293	8642
1750406423.3273885	7	15304	8647
1750406428.34203	7	15327	8657
1750406433.3537517	7	15348	8664
1750406438.3653386	7	15363	8673
1750406443.376844	7	15377	8687
1750406448.3886235	7	15391	8695
1750406453.4001126	7	15407	8705
1750406458.4142632	7	15428	8710
1750406463.4314563	7	15448	8719
1750406468.4430876	7	15467	8726
1750406473.4548225	7	15488	8733
1750406478.4663522	7	15505	8738
1750406483.4777238	7	15523	8747
1750406488.4892316	7	15536	8757
1750406493.5030384	7	15549	8769
1750406498.5146227	7	15565	8773
1750406503.5292158	7	15581	8779
1750406508.5408273	7	15598	8791
1750406513.5524101	7	15615	8801
1750406518.5636675	7	15629	8810
1750406523.5768373	7	15641	8821
1750406528.5927918	7	15649	8831
1750406533.6043267	7	15660	8844
1750406538.6161463	7	15671	8857
1750406543.6276808	7	15680	8861
1750406548.6391623	7	15698	8871
1750406553.6505942	7	15718	8876
1750406558.6682863	7	15731	8883
1750406563.6801078	7	15749	8890
1750406568.6941051	7	15761	8893
1750406573.706045	7	15772	8900
1750406578.7176828	7	15782	8908
1750406583.7293327	7	15803	8915
1750406588.7409668	7	15822	8922
1750406593.753367	7	15839	8935
1750406598.7646775	7	15856	8946
1750406603.7762132	7	15878	8957
1750406608.7881832	7	15901	8962
1750406613.7998357	7	15915	8971
1750406618.8114004	7	15930	8976
1750406623.8264074	7	15948	8983
1750406628.8379683	7	15969	8995
1750406633.855923	7	15984	9001
1750406638.8674169	7	15996	9013
1750406643.8816338	7	16013	9024
1750406648.8931	7	16032	9035
1750406653.904383	7	16041	9048
1750406658.9158492	7	16055	9056
1750406663.9272563	7	16064	9061
1750406668.9387188	7	16080	9068
1750406673.9504602	7	16098	9077
1750406678.962055	7	16107	9083
1750406683.973533	7	16129	9086
1750406688.985345	8	16144	9093
1750406693.9972265	8	16157	9100
1750406699.008908	8	16176	9110
1750406704.0204818	8	16196	9126
1750406709.031922	8	16208	9133
1750406714.043328	8	16223	9140
1750406719.0551898	8	16242	9147
1750406724.0669074	9	16255	9152
1750406729.0786405	9	16266	9159
1750406734.0903351	9	16281	9164
1750406739.1017177	9	16293	9178
1750406744.1133268	9	16309	9192
1750406749.124825	9	16322	9204
1750406754.1363356	9	16337	9212
1750406759.1478658	9	16350	9219
1750406764.1595132	9	16368	9231
1750406769.1713228	9	16378	9236
1750406774.1826985	9	16389	9245
1750406779.1986334	9	16402	9253
1750406784.2102048	9	16423	9264
1750406789.2231424	9	16438	9273
1750406794.2347991	9	16452	9283
1750406799.2462895	9	16465	9297
1750406804.257695	9	16473	9304
1750406809.2692614	9	16494	9309
1750406814.2810483	9	16507	9316
1750406819.2928553	9	16528	9324
1750406824.3045292	9	16549	9335
1750406829.3162003	9	16571	9340
1750406834.3276336	9	16591	9349
1750406839.3393407	9	16610	9357
1750406844.3558025	9	16633	9370
1750406849.3670807	9	16650	9378
1750406854.3794854	9	16671	9385
1750406859.3911777	9	16690	9395
1750406864.4027328	9	16704	9404
1750406869.4143915	9	16721	9413
1750406874.4261968	9	16731	9423
1750406879.4380555	9	16743	9431
1750406884.4498777	9	16763	9438
1750406889.4614277	9	16774	9443
1750406894.4730399	9	16786	9450
1750406899.4848745	9	16802	9464
1750406904.4967768	9	16823	9471
1750406909.5151637	9	16845	9476
1750406914.5267775	9	16864	9488
1750406919.538282	9	16878	9501
1750406924.5500655	9	16891	9509
1750406929.5617292	9	16909	9515
1750406934.573205	9	16921	9522
1750406939.5845125	9	16931	9532
1750406944.596155	9	16949	9538
1750406949.6074934	9	16969	9546
1750406954.618897	9	16976	9555
1750406959.6302354	9	16999	9563
1750406964.6420178	9	17014	9578
1750406969.6534684	9	17025	9584
1750406974.6649346	9	17038	9595
1750406979.6767066	9	17054	9603
1750406984.694452	9	17075	9615
1750406989.7058456	9	17089	9621
1750406994.7174633	9	17102	9629
1750406999.7290757	9	17121	9636
1750407004.7403834	9	17140	9645
1750407009.7519011	9	17158	9659
1750407014.7633543	9	17176	9668
1750407019.7754862	9	17185	9677
1750407024.7870474	9	17202	9686
1750407029.79867	9	17211	9695
1750407034.8098752	9	17218	9704
1750407039.821538	9	17232	9710
1750407044.832944	9	17247	9721
1750407049.8521376	9	17262	9730
1750407054.8634274	9	17271	9738
1750407059.8748991	9	17285	9743
1750407064.8867676	9	17297	9754
1750407069.8984199	9	17313	9765
1750407074.9102714	9	17327	9774
1750407079.921928	9	17342	9788
1750407084.933592	9	17358	9796
1750407089.9452353	9	17374	9810
1750407094.9568791	9	17396	9825
1750407099.9685225	9	17412	9832
1750407104.980029	9	17428	9842
1750407109.991248	9	17449	9852
1750407115.0079918	9	17456	9858
1750407120.0197444	9	17465	9865
1750407125.031605	9	17483	9879
1750407130.0432885	9	17503	9890
1750407135.0548077	9	17521	9898
1750407140.0663917	9	17537	9906
1750407145.077704	9	17556	9912
1750407150.089327	9	17576	9918
1750407155.100678	9	17593	9920
1750407160.1120589	9	17606	9932
1750407165.1234353	9	17627	9943
1750407170.1347513	9	17643	9948
1750407175.1464186	9	17668	9955
1750407180.1645293	9	17686	9963
1750407185.175877	9	17702	9973
1750407190.187577	9	17717	9988
1750407195.1998835	9	17731	9997
1750407200.211749	9	17743	10004
1750407205.2256222	9	17755	10012
1750407210.2379978	9	17776	10022
1750407215.2501867	9	17798	10028
1750407220.2625144	9	17814	10036
1750407225.2745535	9	17829	10047
1750407230.286742	9	17846	10057
1750407235.3060284	9	17867	10062
1750407240.321229	9	17886	10073
1750407245.3332992	9	17904	10081
1750407250.3454468	9	17917	10088
1750407255.3575425	9	17933	10099
1750407260.3698053	9	17942	10112
1750407265.3837764	9	17957	10117
1750407270.3964956	9	17974	10125
1750407275.4093194	9	17990	10139
1750407280.4217858	9	18011	10146
1750407285.4340243	9	18033	10150
1750407290.446084	9	18049	10155
1750407295.459391	9	18066	10159
1750407300.4719539	9	18088	10171
1750407305.484062	9	18102	10175
1750407310.4958935	9	18119	10181
1750407315.5080063	9	18144	10194
1750407320.5202086	9	18158	10201
1750407325.5397036	9	18169	10212
1750407330.5520914	9	18188	10223
1750407335.5644636	9	18207	10233
1750407340.5769055	9	18219	10236
1750407345.589041	9	18238	10246
1750407350.601229	9	18250	10251
1750407355.6143537	9	18262	10254
1750407360.6266851	9	18283	10262
1750407365.638874	9	18302	10269
1750407370.6508594	9	18319	10274
1750407375.6631246	9	18335	10284
1750407380.6764526	10	18355	10297
1750407385.6911027	10	18374	10311
1750407390.7101173	10	18398	10319
1750407395.7233737	10	18420	10326
1750407400.7366455	10	18437	10339
1750407405.7495794	10	18459	10342
1750407410.7628403	10	18480	10349
1750407415.7762651	10	18492	10357
1750407420.7892525	10	18505	10363
1750407425.8026607	10	18528	10368
1750407430.8157	10	18543	10378
1750407435.8290215	10	18563	10381
1750407440.8417587	10	18576	10388
1750407445.8557014	10	18590	10401
1750407450.869154	10	18599	10404
1750407455.8876379	10	18620	10413
1750407460.900831	10	18643	10423
1750407465.914198	10	18655	10431
1750407470.927337	10	18675	10442
1750407475.941699	10	18685	10452
1750407480.9630446	10	18697	10462
1750407485.9763677	10	18713	10470
1750407490.9961455	10	18731	10482
1750407496.009142	10	18750	10492
1750407501.0235527	10	18776	10504
1750407506.0384486	10	18794	10514
1750407511.0519543	10	18806	10526
1750407516.0649843	10	18819	10541
1750407521.0780463	10	18831	10549
1750407526.0912397	10	18845	10553
1750407531.1042962	10	18855	10565
1750407536.117516	10	18875	10575
1750407541.130522	10	18886	10587
1750407546.1433897	10	18909	10596
1750407551.156608	10	18924	10604
1750407556.1772861	10	18937	10612
1750407561.191296	10	18949	10624
1750407566.2048745	10	18963	10633
1750407571.2181792	10	18977	10640
1750407576.2314465	10	18988	10649
1750407581.2444806	10	19000	10658
1750407586.257892	10	19015	10667
1750407591.2712483	10	19039	10670
1750407596.2845008	10	19053	10678
1750407601.2978559	10	19079	10690
1750407606.310821	10	19099	10702
1750407611.3248928	10	19117	10712
1750407616.3382738	10	19132	10721
1750407621.3558118	10	19141	10729
1750407626.3690763	10	19154	10742
1750407631.3829482	10	19168	10750
1750407636.3962898	10	19182	10755
1750407641.4092789	10	19201	10765
1750407646.4225354	10	19213	10778
1750407651.4356112	10	19230	10788
1750407656.457471	10	19239	10798
1750407661.4737763	10	19250	10814
1750407666.4872997	10	19261	10823
1750407671.5005505	10	19284	10830
1750407676.513727	10	19305	10843
1750407681.5270424	10	19325	10852
1750407686.5411408	10	19336	10859
1750407691.5578964	10	19350	10870
1750407696.5709982	10	19365	10879
1750407701.5841358	10	19382	10888
1750407706.5971823	10	19399	10896
1750407711.6101947	10	19421	10904
1750407716.6237843	10	19446	10912
1750407721.6435032	10	19464	10923
1750407726.6583195	10	19472	10928
1750407731.6714137	10	19493	10939
1750407736.6844242	10	19507	10945
1750407741.6975355	10	19516	10955
1750407746.710551	10	19540	10963
1750407751.7239413	10	19558	10969
1750407756.741659	11	19580	10981
1750407761.7550967	11	19597	10989
1750407766.7767882	11	19613	11001
1750407771.79158	11	19632	11010
1750407776.8053532	11	19648	11020
1750407781.8183753	12	19661	11027
1750407786.8315969	12	19669	11036
1750407791.844666	13	19689	11047
1750407796.8578506	13	19709	11052
1750407801.8710244	13	19719	11059
1750407806.884245	13	19725	11067
1750407811.8976297	13	19741	11075
1750407816.9108841	13	19754	11082
1750407821.9247613	13	19766	11087
1750407826.9383152	13	19784	11094
