1750390673.541685	1	142	104
1750390678.5550761	1	154	114
1750390683.5688524	1	166	121
1750390688.587132	2	184	134
1750390693.6046214	2	200	141
1750390698.61725	3	213	151
1750390703.6310425	3	233	162
1750390708.645778	3	249	171
1750390713.6571026	3	265	176
1750390718.6710212	3	281	189
1750390723.6851318	3	299	199
1750390728.6994786	3	320	212
1750390733.7178361	3	328	224
1750390738.7322564	3	340	228
1750390743.7573826	3	354	236
1750390748.772325	3	367	241
1750390753.797118	3	375	243
1750390758.8208082	3	390	253
1750390763.8346167	3	404	266
1750390768.8571444	3	418	272
1750390773.8729312	3	429	283
1750390778.8873231	3	441	290
1750390783.9021974	5	457	304
1750390788.922501	5	466	319
1750390793.937369	6	480	340
1750390798.951975	6	494	348
1750390803.9662535	6	506	358
1750390808.97985	6	520	372
1750390813.9938638	6	525	389
1750390819.0168524	6	545	401
1750390824.0344076	6	561	411
1750390829.0490088	7	575	424
1750390834.062001	7	588	435
1750390839.0838141	8	604	445
1750390844.0985324	8	623	453
1750390849.1122813	8	637	467
1750390854.1270328	8	651	474
1750390859.1420627	8	666	486
1750390864.1557367	8	685	497
1750390869.1738193	8	699	509
1750390874.1949742	8	713	518
1750390879.2181933	8	727	528
1750390884.2383902	9	738	546
1750390889.2521942	9	753	558
1750390894.268399	9	769	564
1750390899.2835045	10	784	574
1750390904.2979777	11	798	586
1750390909.3114188	11	813	595
1750390914.3237078	11	825	600
1750390919.3385532	11	843	610
1750390924.3616335	11	858	617
1750390929.3753188	11	873	626
1750390934.388735	11	881	640
1750390939.4028823	11	895	654
1750390944.415681	12	909	663
1750390949.4301107	12	919	669
1750390954.4443643	12	930	685
1750390959.4633641	13	950	693
1750390964.4759521	13	965	704
1750390969.489334	13	975	717
1750390974.5035784	13	986	728
1750390979.51517	13	993	740
1750390984.5302336	13	1003	749
1750390989.5442314	13	1017	763
1750390994.5719163	13	1039	771
1750390999.596704	13	1059	784
1750391004.6123254	13	1071	791
1750391009.6352649	13	1085	797
1750391014.6528676	13	1095	810
1750391019.6648457	13	1111	825
1750391024.6796267	13	1126	834
1750391029.6932383	13	1141	842
1750391034.7084517	13	1155	852
1750391039.7226558	13	1168	860
1750391044.7358897	13	1186	871
1750391049.751665	13	1198	886
1750391054.765713	13	1212	896
1750391059.7787552	13	1225	912
1750391064.7909458	13	1239	925
1750391069.806178	13	1250	935
1750391074.8200054	13	1261	944
1750391079.8343966	13	1274	958
1750391084.8483753	13	1289	970
1750391089.860906	14	1305	984
1750391094.8854055	14	1318	992
1750391099.9064126	14	1331	1003
1750391104.9196754	14	1339	1007
1750391109.934161	15	1348	1013
1750391114.9474509	15	1361	1028
1750391119.9609687	15	1378	1035
1750391124.9761672	15	1391	1045
1750391129.991447	16	1410	1056
1750391135.0068622	16	1426	1063
1750391140.0199487	16	1439	1073
1750391145.0328922	16	1457	1082
1750391150.046524	16	1461	1092
1750391155.060853	16	1474	1099
1750391160.0738993	17	1489	1106
1750391165.095257	17	1503	1112
1750391170.108672	17	1514	1126
1750391175.124587	17	1531	1134
1750391180.1390376	17	1544	1140
1750391185.16664	18	1562	1155
1750391190.1900184	18	1571	1165
1750391195.2039583	18	1588	1175
1750391200.217182	19	1604	1186
1750391205.2292812	19	1614	1196
1750391210.242167	19	1628	1206
1750391215.2598283	19	1640	1218
1750391220.2744186	19	1650	1229
1750391225.2874286	19	1661	1236
1750391230.3024127	19	1670	1251
1750391235.318096	19	1685	1259
1750391240.3313994	19	1698	1267
1750391245.3468869	19	1711	1273
1750391250.3706732	19	1724	1287
1750391255.3879666	19	1733	1297
1750391260.4010763	19	1744	1307
1750391265.4142985	19	1759	1315
1750391270.4267936	19	1771	1327
1750391275.440143	19	1787	1342
1750391280.455498	19	1798	1354
1750391285.4681737	19	1817	1364
1750391290.4818704	20	1827	1376
1750391295.498646	21	1842	1393
1750391300.512758	21	1856	1400
1750391305.5262089	21	1868	1412
1750391310.5392807	21	1884	1419
1750391315.5518966	21	1901	1431
1750391320.5665538	21	1920	1438
1750391325.580918	21	1930	1444
1750391330.5963583	21	1943	1451
1750391335.6106496	21	1957	1467
1750391340.6252534	22	1970	1480
1750391345.6396744	22	1983	1492
1750391350.653458	22	1996	1501
1750391355.6681695	22	2009	1516
1750391360.6828835	22	2020	1528
1750391365.6991315	22	2035	1534
1750391370.713649	22	2057	1544
1750391375.7264862	22	2074	1556
1750391380.7405322	22	2085	1564
1750391385.7548478	22	2106	1576
1750391390.7706337	22	2119	1590
1750391395.7865734	22	2131	1600
1750391400.7995684	22	2148	1616
1750391405.8119943	23	2165	1621
1750391410.82695	23	2177	1632
1750391415.841686	23	2191	1639
1750391420.8570583	23	2203	1648
1750391425.8715115	24	2222	1656
1750391430.884316	24	2238	1674
1750391435.896822	24	2263	1685
1750391440.9104064	26	2280	1696
1750391445.925381	27	2299	1709
1750391450.9396129	27	2309	1720
1750391455.956266	27	2322	1730
1750391460.96858	27	2341	1734
1750391465.9837935	27	2357	1751
1750391470.9987025	27	2369	1767
1750391476.0120916	27	2387	1777
1750391481.0327857	28	2404	1790
1750391486.0459807	28	2421	1799
1750391491.0602565	29	2433	1807
1750391496.074772	29	2445	1817
1750391501.0876772	29	2456	1822
1750391506.1032865	29	2469	1834
1750391511.1176374	29	2481	1842
1750391516.1309445	29	2495	1853
1750391521.1482894	30	2505	1860
1750391526.1612918	31	2524	1869
1750391531.176765	31	2538	1883
1750391536.1895144	33	2557	1897
1750391541.202069	34	2572	1911
1750391546.2146182	34	2585	1921
1750391551.227069	35	2602	1934
1750391556.2493486	35	2616	1947
1750391561.2617908	35	2627	1959
1750391566.2743037	35	2642	1972
1750391571.2869046	37	2660	1988
1750391576.301323	37	2676	1997
1750391581.3219464	38	2685	2003
1750391586.3347576	38	2693	2013
1750391591.3483353	38	2706	2027
1750391596.3620198	38	2719	2034
1750391601.3745673	38	2738	2040
1750391606.3932981	38	2754	2048
1750391611.4060311	38	2767	2059
1750391616.4183168	38	2783	2066
1750391621.4314563	38	2803	2075
1750391626.4451149	38	2817	2086
1750391631.464489	38	2833	2093
1750391636.4778147	39	2849	2099
1750391641.4905047	39	2862	2106
1750391646.5043843	39	2867	2116
1750391651.5179121	39	2886	2126
1750391656.5368817	39	2896	2137
1750391661.5496585	39	2908	2145
1750391666.5627637	39	2920	2158
1750391671.5757203	39	2933	2174
1750391676.5890443	40	2948	2185
1750391681.6108983	41	2962	2197
1750391686.625216	42	2976	2211
1750391691.6384501	42	2991	2220
1750391696.6513326	43	3011	2230
1750391701.6637468	43	3033	2237
1750391706.6878178	43	3049	2248
1750391711.7004685	44	3068	2258
1750391716.7140534	44	3083	2270
1750391721.7281735	44	3101	2274
1750391726.741565	44	3121	2287
1750391731.7613814	44	3134	2295
1750391736.7739775	44	3146	2305
1750391741.7886562	44	3165	2313
1750391746.8016078	44	3184	2325
1750391751.8170226	44	3201	2331
1750391756.836818	44	3219	2335
1750391761.8512075	44	3240	2341
1750391766.8657227	44	3251	2347
1750391771.8800437	45	3263	2355
1750391776.8945434	45	3277	2366
1750391781.9108818	45	3296	2372
1750391786.9234335	46	3311	2380
1750391791.938104	49	3321	2402
1750391796.950482	50	3334	2408
1750391801.9627514	50	3351	2415
1750391806.9842138	51	3368	2423
1750391811.9973679	51	3381	2441
1750391817.0101898	51	3396	2449
1750391822.0251865	51	3415	2456
1750391827.0387647	51	3428	2466
1750391832.0538192	51	3445	2474
1750391837.0676205	51	3458	2480
1750391842.0825977	51	3479	2488
1750391847.098123	51	3495	2504
1750391852.1134691	51	3508	2517
1750391857.1302183	51	3521	2529
1750391862.1452894	51	3539	2545
1750391867.1595502	51	3548	2559
1750391872.1742005	51	3568	2565
1750391877.1906989	51	3583	2576
1750391882.2039282	51	3596	2582
1750391887.2178078	51	3613	2589
1750391892.2320228	52	3633	2595
1750391897.2454226	52	3651	2605
1750391902.2600343	52	3674	2612
1750391907.2749174	52	3689	2624
1750391912.2899702	52	3703	2636
1750391917.3048337	54	3717	2649
1750391922.319689	54	3729	2655
1750391927.3340423	54	3748	2668
1750391932.3494818	54	3763	2679
1750391937.3635917	55	3778	2690
1750391942.3771505	55	3794	2697
1750391947.39157	55	3805	2713
1750391952.4054074	55	3830	2713
1750391957.419241	55	3844	2722
1750391962.43831	56	3868	2735
1750391967.4525793	57	3882	2745
1750391972.465773	57	3896	2755
1750391977.479934	57	3912	2762
1750391982.4922485	58	3927	2772
1750391987.5115025	59	3943	2777
1750391992.5266094	59	3952	2785
1750391997.5420074	59	3963	2791
1750392002.5576627	59	3977	2802
1750392007.5725102	59	3992	2815
1750392012.5856924	59	4006	2824
1750392017.5992527	59	4016	2834
1750392022.6121163	60	4030	2847
1750392027.626981	60	4041	2854
1750392032.640079	61	4053	2868
1750392037.6559007	61	4069	2876
1750392042.6733537	61	4088	2885
1750392047.6864572	61	4106	2901
1750392052.7006125	61	4119	2907
1750392057.716123	61	4132	2914
1750392062.729475	61	4151	2929
1750392067.757257	61	4169	2934
1750392072.7782555	62	4183	2947
1750392077.7916846	62	4201	2959
1750392082.8069882	62	4211	2969
1750392087.8202171	62	4228	2978
1750392092.8346944	62	4241	2989
1750392097.8488882	62	4253	2999
1750392102.862848	62	4270	3011
1750392107.8763056	63	4286	3016
1750392112.8906562	63	4309	3027
1750392117.9055734	63	4324	3032
1750392122.9258711	63	4336	3041
1750392127.9405904	64	4349	3050
1750392132.9558396	64	4364	3057
1750392137.9709988	64	4381	3067
1750392142.984825	64	4398	3076
1750392148.0003164	64	4403	3085
1750392153.0141737	64	4417	3088
1750392158.028666	64	4436	3098
1750392163.041725	65	4454	3106
1750392168.0604842	66	4468	3115
1750392173.0780137	66	4483	3123
1750392178.09465	66	4497	3134
1750392183.1087477	66	4523	3143
1750392188.1228023	67	4541	3155
1750392193.1356363	68	4556	3166
1750392198.155005	68	4573	3173
1750392203.1742766	69	4585	3184
1750392208.1874826	69	4597	3193
1750392213.2012153	69	4615	3203
1750392218.215281	69	4627	3210
1750392223.229757	70	4639	3220
1750392228.246603	70	4657	3227
1750392233.2600594	70	4674	3238
1750392238.2751718	70	4689	3243
1750392243.2897904	70	4705	3253
1750392248.3051374	70	4717	3261
1750392253.3242526	70	4732	3271
1750392258.3397744	70	4748	3284
1750392263.354419	71	4764	3296
1750392268.3682606	72	4773	3303
1750392273.3827145	72	4787	3309
1750392278.3981116	73	4802	3317
1750392283.412357	74	4819	3326
1750392288.427391	75	4832	3336
1750392293.4425952	75	4850	3350
1750392298.4573991	75	4868	3363
1750392303.474965	76	4883	3377
1750392308.4914665	76	4900	3386
1750392313.5066097	77	4917	3397
1750392318.5232124	78	4933	3413
1750392323.538617	79	4945	3421
1750392328.552547	79	4962	3430
1750392333.565792	79	4976	3435
1750392338.5803118	79	4999	3443
1750392343.5956666	79	5013	3451
1750392348.609933	79	5037	3465
1750392353.6281946	79	5050	3475
1750392358.644967	79	5057	3479
1750392363.6606774	79	5071	3487
1750392368.6748264	79	5087	3494
1750392373.6901724	79	5101	3507
1750392378.7073083	79	5118	3515
1750392383.722766	80	5138	3531
1750392388.7371674	81	5156	3541
1750392393.751142	81	5176	3554
1750392398.7642379	81	5196	3562
1750392403.7785232	81	5214	3566
1750392408.7921681	81	5232	3579
1750392413.8055725	82	5248	3585
1750392418.8182516	82	5259	3593
1750392423.8320518	82	5275	3607
1750392428.854361	82	5294	3619
1750392433.86851	82	5307	3629
1750392438.8834178	82	5314	3638
1750392443.8971293	83	5329	3650
1750392448.911019	83	5349	3660
1750392453.9258647	83	5364	3677
1750392458.9398744	83	5377	3688
1750392463.954359	84	5389	3697
1750392468.9701931	84	5407	3704
1750392473.982953	85	5428	3721
1750392478.9987597	85	5447	3733
1750392484.0138962	85	5465	3740
1750392489.0288534	85	5478	3748
1750392494.045946	85	5495	3756
1750392499.061013	85	5507	3760
1750392504.0751202	85	5520	3777
1750392509.0902498	85	5534	3781
1750392514.1044908	85	5550	3790
1750392519.11935	85	5565	3798
1750392524.1334748	86	5580	3810
1750392529.154721	87	5596	3818
1750392534.1697412	87	5609	3828
1750392539.1859303	87	5625	3837
1750392544.2007103	87	5650	3847
1750392549.2153916	87	5660	3856
1750392554.2293434	87	5672	3866
1750392559.2430158	87	5687	3874
1750392564.258142	87	5708	3885
1750392569.273627	87	5725	3897
1750392574.2866437	87	5733	3903
1750392579.3044837	87	5748	3912
1750392584.3195536	88	5764	3924
1750392589.333839	88	5775	3938
1750392594.3500667	89	5797	3947
1750392599.36531	89	5815	3955
1750392604.3793156	89	5827	3967
1750392609.394252	89	5837	3973
1750392614.4084547	89	5851	3985
1750392619.4232242	89	5869	3998
1750392624.4377	89	5888	4000
1750392629.454038	89	5901	4011
1750392634.4679978	89	5920	4025
1750392639.4804056	89	5932	4034
1750392644.4949765	90	5946	4048
1750392649.5097694	90	5965	4062
1750392654.52849	91	5984	4066
1750392659.542814	91	6000	4076
1750392664.558074	91	6015	4088
1750392669.5725553	91	6026	4097
1750392674.590239	91	6037	4104
1750392679.6035128	91	6054	4117
1750392684.617769	91	6073	4128
1750392689.631468	91	6088	4141
1750392694.6459613	91	6101	4151
1750392699.6603196	91	6123	4169
1750392704.6801498	91	6135	4180
1750392709.6950715	91	6153	4187
1750392714.707804	91	6170	4199
1750392719.7231715	91	6186	4211
1750392724.7386818	91	6200	4224
1750392729.754109	91	6212	4229
1750392734.7693317	91	6222	4239
1750392739.7831066	91	6229	4243
1750392744.7982035	91	6244	4251
1750392749.8123524	91	6257	4258
1750392754.8309321	91	6278	4263
1750392759.8462446	91	6298	4271
1750392764.859793	91	6314	4275
1750392769.8760374	92	6326	4286
1750392774.8931472	92	6332	4292
1750392779.9078937	93	6352	4305
1750392784.9222383	93	6365	4317
1750392789.9368656	93	6373	4329
1750392794.9506955	94	6393	4345
1750392799.9673498	94	6401	4350
1750392804.9874752	94	6415	4360
1750392810.0027251	94	6424	4372
1750392815.0191562	94	6442	4382
1750392820.0329022	94	6462	4400
1750392825.0465217	94	6479	4413
1750392830.0604353	94	6499	4421
1750392835.0774531	94	6515	4428
1750392840.0900674	94	6534	4437
1750392845.102315	94	6538	4447
1750392850.1169755	94	6554	4456
1750392855.1381366	96	6574	4469
1750392860.153405	96	6591	4477
1750392865.1682122	96	6610	4484
1750392870.1840053	96	6624	4496
1750392875.1994612	96	6639	4502
1750392880.2130575	96	6655	4513
1750392885.2280412	96	6676	4519
1750392890.2432938	96	6691	4530
1750392895.258613	96	6704	4540
1750392900.271742	96	6716	4550
1750392905.286548	97	6734	4565
1750392910.3063903	98	6755	4576
1750392915.322426	98	6771	4587
1750392920.337016	98	6782	4603
1750392925.353099	100	6797	4619
1750392930.369064	100	6811	4627
1750392935.384924	101	6823	4638
1750392940.4017286	101	6845	4648
1750392945.41576	102	6857	4666
1750392950.431904	102	6867	4674
1750392955.447971	102	6885	4684
1750392960.4691558	103	6903	4701
1750392965.486321	105	6923	4712
1750392970.5027757	105	6938	4718
1750392975.5182679	105	6956	4733
1750392980.534134	105	6969	4741
1750392985.5544975	105	6983	4753
1750392990.5709183	105	7003	4765
1750392995.5860631	105	7020	4773
1750393000.6010392	106	7037	4778
1750393005.6149063	106	7050	4795
1750393010.6372323	106	7065	4804
1750393015.6510987	107	7076	4808
1750393020.6662285	107	7094	4820
1750393025.6802933	107	7109	4833
1750393030.6957688	107	7126	4839
1750393035.7162914	107	7140	4848
1750393040.730611	108	7153	4854
1750393045.7449589	109	7172	4869
1750393050.7606978	109	7181	4878
1750393055.7763495	109	7200	4888
1750393060.7992764	109	7221	4895
1750393065.8141835	109	7243	4901
1750393070.8298614	109	7263	4912
1750393075.8466792	110	7282	4921
1750393080.862629	110	7296	4932
1750393085.8855982	110	7317	4945
1750393090.8992608	110	7328	4952
1750393095.915376	111	7348	4963
1750393100.9309359	111	7369	4974
1750393105.9462545	111	7385	4988
1750393110.9717221	111	7394	4998
1750393115.9876933	111	7404	5005
1750393121.0029004	111	7411	5013
1750393126.0171273	111	7418	5019
1750393131.0326748	111	7435	5026
1750393136.0581396	112	7447	5039
1750393141.072691	112	7459	5051
1750393146.0900574	112	7473	5062
1750393151.1064897	112	7484	5075
1750393156.120704	112	7497	5088
1750393161.145997	112	7517	5097
1750393166.1608825	112	7535	5103
1750393171.1761703	112	7551	5115
1750393176.1908255	112	7560	5120
1750393181.2045097	112	7573	5125
1750393186.218545	112	7583	5133
1750393191.2338853	114	7599	5150
1750393196.2483878	114	7616	5158
1750393201.2622068	114	7628	5167
1750393206.2764583	114	7640	5174
1750393211.290329	114	7656	5182
1750393216.3041348	114	7670	5194
1750393221.3182871	114	7685	5208
1750393226.3360114	114	7696	5222
1750393231.349683	114	7703	5233
1750393236.3632267	114	7717	5247
1750393241.3765643	114	7729	5256
1750393246.3959162	114	7741	5267
1750393251.4162767	116	7752	5280
1750393256.4304993	116	7764	5289
1750393261.4442756	116	7775	5300
1750393266.4585447	116	7797	5307
1750393271.4761145	116	7808	5316
1750393276.4971728	117	7828	5330
1750393281.5107424	117	7842	5344
1750393286.5250304	117	7853	5350
1750393291.5393977	117	7870	5357
1750393296.559841	117	7886	5363
1750393301.5817819	118	7900	5375
1750393306.5957317	119	7918	5387
1750393311.608989	119	7934	5396
1750393316.6224954	119	7944	5410
1750393321.644652	119	7963	5420
1750393326.6670318	122	7976	5426
1750393331.6808054	122	7991	5436
1750393336.6941538	122	8009	5448
1750393341.7085884	123	8024	5458
1750393346.7259452	123	8038	5473
1750393351.7469752	124	8053	5487
1750393356.7607148	124	8070	5496
1750393361.7764218	124	8086	5511
1750393366.7908814	125	8108	5519
1750393371.8046763	125	8116	5527
1750393376.8275545	125	8132	5543
1750393381.841582	125	8147	5550
1750393386.8555436	125	8161	5566
1750393391.871179	125	8177	5574
1750393396.8863485	125	8191	5582
1750393401.899987	125	8207	5595
1750393406.915329	125	8221	5606
1750393411.9296293	125	8235	5613
1750393416.9431522	125	8250	5621
1750393421.9658587	125	8267	5628
1750393426.9925025	125	8285	5641
1750393432.007858	125	8304	5652
1750393437.0217278	125	8322	5659
1750393442.0356297	126	8335	5670
1750393447.051307	126	8345	5681
1750393452.0736213	126	8355	5699
1750393457.0877051	126	8369	5712
1750393462.1029387	126	8386	5719
1750393467.117173	126	8400	5732
1750393472.1308022	127	8419	5746
1750393477.1442752	128	8436	5753
1750393482.159463	128	8449	5764
1750393487.1753187	128	8458	5776
1750393492.1888616	128	8474	5785
1750393497.2130766	128	8489	5801
1750393502.2276008	128	8501	5816
1750393507.2430234	129	8516	5823
1750393512.258645	129	8530	5832
1750393517.2728124	129	8540	5845
1750393522.2982452	129	8552	5857
1750393527.313575	129	8569	5869
1750393532.3279016	129	8585	5875
1750393537.3440664	129	8599	5888
1750393542.3591604	131	8608	5898
1750393547.38203	131	8624	5907
1750393552.3970897	131	8639	5916
1750393557.4142723	131	8648	5935
1750393562.4300225	132	8658	5949
1750393567.4439592	132	8666	5960
1750393572.4676118	132	8676	5968
1750393577.481986	132	8692	5974
1750393582.5014987	132	8707	5983
1750393587.516677	132	8724	5992
1750393592.529804	132	8742	5998
1750393597.5444794	132	8751	6009
1750393602.5575159	132	8761	6018
1750393607.5715113	132	8775	6028
1750393612.5866065	133	8791	6042
1750393617.6092153	133	8808	6049
1750393622.6241622	133	8828	6057
1750393627.639124	133	8844	6064
1750393632.6532853	133	8861	6071
1750393637.6715724	133	8874	6083
1750393642.6939855	133	8888	6091
1750393647.7077816	134	8898	6103
1750393652.7217367	134	8911	6109
1750393657.7370195	134	8926	6116
1750393662.756462	134	8934	6127
1750393667.77973	134	8943	6135
1750393672.793877	134	8958	6139
1750393677.808507	134	8973	6152
1750393682.822792	134	8987	6159
1750393687.8419127	134	8996	6170
1750393692.8657675	134	9013	6179
1750393697.881548	134	9028	6189
1750393702.895151	134	9039	6195
1750393707.9110022	134	9054	6211
1750393712.9268107	136	9072	6226
1750393717.950963	136	9080	6237
1750393722.964718	136	9102	6253
1750393727.9803114	136	9117	6259
1750393732.994568	136	9132	6266
1750393738.012033	136	9144	6281
1750393743.0266829	136	9157	6295
1750393748.0412343	137	9173	6310
1750393753.0573814	138	9190	6321
1750393758.0719981	138	9206	6331
1750393763.0865285	138	9222	6348
1750393768.1004477	138	9236	6356
1750393773.1150603	138	9254	6362
1750393778.1352708	138	9276	6371
1750393783.1504014	138	9287	6386
1750393788.1648364	138	9300	6396
1750393793.179974	138	9320	6400
1750393798.1964362	138	9336	6413
1750393803.2201626	138	9340	6424
1750393808.2349856	138	9354	6438
1750393813.249183	138	9365	6447
1750393818.2632456	139	9380	6458
1750393823.278155	139	9400	6466
1750393828.3005018	139	9424	6478
1750393833.3176372	139	9439	6487
1750393838.3316457	139	9460	6492
1750393843.345452	139	9480	6502
1750393848.3620474	139	9489	6512
1750393853.3825762	139	9498	6525
1750393858.4003382	139	9515	6535
1750393863.4146054	139	9533	6539
1750393868.428324	139	9546	6549
1750393873.442596	140	9565	6565
1750393878.4557073	140	9577	6581
1750393883.4694045	140	9594	6589
1750393888.4833283	140	9608	6598
1750393893.5002425	140	9624	6611
1750393898.5150175	140	9638	6624
1750393903.528598	140	9656	6635
1750393908.5424998	140	9677	6645
1750393913.5560958	140	9692	6654
1750393918.5802295	140	9699	6666
1750393923.5939567	140	9716	6675
1750393928.6070242	140	9724	6687
1750393933.6204536	140	9734	6694
1750393938.6344032	141	9748	6705
1750393943.6480234	141	9762	6711
1750393948.666567	141	9781	6716
1750393953.6807668	142	9796	6726
1750393958.6960356	142	9809	6740
1750393963.7184668	142	9824	6752
1750393968.7328324	142	9841	6763
1750393973.74974	142	9861	6767
1750393978.7642605	142	9877	6773
1750393983.7799325	142	9890	6788
1750393988.8024857	142	9900	6796
1750393993.817157	142	9922	6809
1750393998.8357594	142	9936	6822
1750394003.8501241	142	9950	6835
1750394008.8651671	142	9962	6838
1750394013.884876	143	9978	6846
1750394018.8987467	143	9992	6855
1750394023.920225	144	10009	6863
1750394028.93629	144	10023	6872
1750394033.9528968	144	10040	6879
1750394038.971758	144	10054	6890
1750394043.9861696	144	10066	6901
1750394049.0068333	144	10077	6913
1750394054.0237405	144	10091	6923
1750394059.038596	145	10110	6934
1750394064.057798	145	10130	6947
1750394069.0743005	146	10145	6960
1750394074.0940387	148	10169	6973
1750394079.110464	148	10188	6985
1750394084.1259778	148	10201	6995
1750394089.1475077	149	10214	7004
1750394094.1747253	149	10229	7016
1750394099.1916318	149	10246	7026
1750394104.208566	149	10263	7036
1750394109.2260697	149	10280	7045
1750394114.242686	149	10293	7052
1750394119.2583325	149	10312	7059
1750394124.2743578	149	10322	7067
1750394129.2907543	149	10337	7075
1750394134.3071988	149	10351	7084
1750394139.3240564	150	10366	7096
1750394144.3432024	150	10378	7106
1750394149.359871	150	10391	7121
1750394154.3768365	150	10406	7130
1750394159.3937616	150	10419	7136
1750394164.4088552	150	10432	7146
1750394169.4267166	150	10444	7153
1750394174.4435668	151	10465	7161
1750394179.458087	151	10482	7173
1750394184.4734104	151	10496	7185
1750394189.490431	151	10509	7191
1750394194.5142014	152	10523	7202
1750394199.5311048	152	10543	7216
1750394204.5465934	153	10556	7224
1750394209.5633798	153	10568	7235
1750394214.578757	153	10581	7248
1750394219.6007864	154	10597	7257
1750394224.6179028	154	10613	7266
1750394229.633746	154	10631	7277
1750394234.650337	154	10651	7284
1750394239.6665015	154	10662	7298
1750394244.6855953	154	10677	7303
1750394249.7058897	155	10696	7314
1750394254.7224202	156	10706	7326
1750394259.7367756	156	10721	7331
1750394264.7521198	158	10731	7345
1750394269.7746043	158	10741	7352
1750394274.7971327	158	10754	7365
1750394279.8141177	158	10761	7374
1750394284.831132	158	10773	7381
1750394289.848116	159	10784	7394
1750394294.8652756	159	10796	7407
1750394299.884686	159	10813	7416
1750394304.900867	161	10826	7424
1750394309.9156713	161	10842	7433
1750394314.9323056	161	10859	7441
1750394319.9499688	163	10874	7453
1750394324.970493	163	10890	7460
1750394329.9877596	165	10905	7472
1750394335.0039568	165	10918	7477
1750394340.0204136	166	10934	7490
1750394345.0366433	168	10957	7509
1750394350.0573702	168	10970	7523
1750394355.074298	168	10985	7531
1750394360.0918126	168	11006	7548
1750394365.1077778	168	11025	7557
1750394370.1234565	168	11040	7565
1750394375.1478157	168	11053	7571
1750394380.1639001	168	11070	7585
1750394385.1811347	168	11085	7597
1750394390.198055	168	11107	7612
1750394395.214855	168	11128	7623
1750394400.240754	169	11149	7635
1750394405.2574172	169	11159	7643
1750394410.273078	169	11173	7655
1750394415.2897885	169	11183	7669
1750394420.307402	170	11195	7677
1750394425.3312054	170	11211	7692
1750394430.3487346	171	11228	7697
1750394435.364317	172	11238	7710
1750394440.381303	172	11253	7716
1750394445.3985806	172	11263	7730
1750394450.4178615	172	11275	7744
1750394455.4348795	173	11285	7754
1750394460.4525468	173	11299	7762
1750394465.4692454	173	11316	7771
1750394470.4865189	173	11326	7782
1750394475.5055227	173	11343	7789
1750394480.5222795	173	11352	7802
1750394485.5379663	174	11370	7817
1750394490.5534685	175	11386	7828
1750394495.5693479	175	11402	7836
1750394500.594133	175	11417	7855
1750394505.6108773	176	11432	7868
1750394510.627814	176	11448	7876
1750394515.644938	177	11464	7884
1750394520.6605923	177	11475	7893
1750394525.6833565	177	11492	7901
1750394530.7007012	177	11505	7913
1750394535.7175324	178	11528	7920
1750394540.7337756	178	11547	7934
1750394545.7497602	178	11556	7949
1750394550.7728167	178	11570	7962
1750394555.7867033	178	11581	7977
1750394560.8015358	178	11600	7993
1750394565.8172486	178	11621	8005
1750394570.8344166	178	11639	8015
1750394575.861863	178	11649	8024
1750394580.8782835	178	11664	8040
1750394585.8938339	178	11670	8051
1750394590.9110742	178	11681	8063
1750394595.9294465	178	11687	8070
1750394600.9463322	178	11699	8081
1750394605.9622536	178	11714	8091
1750394610.978485	178	11731	8097
1750394615.9951715	178	11744	8107
1750394621.0127861	178	11760	8117
1750394626.0349336	178	11778	8124
1750394631.0519996	178	11789	8133
1750394636.069838	178	11805	8144
1750394641.0869918	178	11819	8150
1750394646.1036613	178	11824	8161
1750394651.122662	178	11836	8172
1750394656.1394243	178	11848	8182
1750394661.1561224	179	11865	8192
1750394666.1726973	180	11881	8207
1750394671.1897435	180	11894	8212
1750394676.2096748	180	11905	8216
1750394681.2268012	181	11920	8222
1750394686.2427533	181	11932	8231
1750394691.2595534	182	11949	8247
1750394696.2769454	182	11964	8258
1750394701.3002715	183	11983	8266
1750394706.317792	183	11998	8277
1750394711.3352144	184	12014	8288
1750394716.3513625	184	12028	8300
1750394721.3682945	184	12038	8313
1750394726.3881397	184	12045	8327
1750394731.4051428	184	12062	8334
1750394736.4222393	185	12078	8347
1750394741.4385505	185	12089	8356
1750394746.4549437	185	12105	8368
1750394751.4718246	185	12120	8375
1750394756.487742	185	12139	8384
1750394761.5029683	185	12154	8391
1750394766.519878	185	12171	8402
1750394771.5360532	185	12186	8414
1750394776.558274	185	12210	8426
1750394781.5750463	187	12226	8441
1750394786.589115	187	12236	8449
1750394791.606393	187	12245	8457
1750394796.6233742	187	12258	8464
1750394801.6435258	188	12275	8478
1750394806.6603093	188	12290	8490
1750394811.6753538	188	12302	8501
1750394816.6923227	189	12319	8513
1750394821.7090468	189	12331	8525
1750394826.7286208	189	12342	8534
1750394831.7478774	189	12357	8548
1750394836.7654412	190	12378	8551
1750394841.7821562	190	12387	8556
1750394846.7993643	190	12403	8562
1750394851.8206549	190	12413	8577
1750394856.8403404	191	12425	8589
1750394861.857281	191	12441	8606
1750394866.874979	191	12453	8619
1750394871.8923113	191	12461	8626
1750394876.913703	191	12478	8640
1750394881.9318907	191	12493	8648
1750394886.949037	192	12507	8661
1750394891.9658809	192	12516	8669
1750394896.981287	192	12529	8674
1750394902.003123	192	12546	8683
1750394907.0244155	193	12563	8696
1750394912.0423615	194	12584	8716
1750394917.0594785	194	12598	8729
1750394922.076435	194	12619	8740
1750394927.097331	194	12634	8749
1750394932.120673	194	12651	8761
1750394937.1383471	195	12667	8770
1750394942.1546974	195	12684	8784
1750394947.1706104	195	12695	8790
1750394952.1906214	196	12716	8798
1750394957.2127895	196	12729	8809
1750394962.228678	196	12744	8820
1750394967.245599	196	12759	8825
1750394972.2621315	196	12775	8834
1750394977.2814574	196	12789	8845
1750394982.3052526	197	12804	8850
1750394987.3222964	197	12823	8864
1750394992.3380046	197	12841	8872
1750394997.3554373	197	12852	8880
1750395002.3736646	197	12864	8891
1750395007.3914595	197	12877	8902
1750395012.419712	197	12891	8912
1750395017.446456	198	12904	8924
1750395022.46298	198	12916	8939
1750395027.4795766	198	12929	8951
1750395032.4945638	199	12946	8965
1750395037.5106864	199	12959	8971
1750395042.5285587	200	12979	8978
1750395047.5450184	200	12996	8990
1750395052.5621653	200	13010	9002
1750395057.576509	200	13030	9015
1750395062.5921426	200	13048	9019
1750395067.6136982	200	13071	9027
1750395072.6306791	200	13086	9041
1750395077.6481853	201	13097	9050
1750395082.6647508	201	13112	9061
1750395087.682232	201	13128	9070
1750395092.6992772	201	13141	9077
1750395097.7159045	202	13156	9088
1750395102.7329879	202	13164	9107
1750395107.7506962	202	13179	9114
1750395112.7683413	202	13202	9123
1750395117.784359	202	13218	9134
1750395122.8010879	202	13234	9143
1750395127.817474	203	13250	9156
1750395132.832476	203	13256	9164
1750395137.8471644	203	13269	9169
1750395142.8687735	203	13289	9181
1750395147.886107	203	13301	9188
1750395152.9038303	203	13316	9196
1750395157.918954	203	13326	9204
1750395162.9357307	203	13337	9212
1750395167.9567804	203	13346	9227
1750395172.9754689	203	13360	9236
1750395177.9920173	203	13365	9246
1750395183.00801	203	13377	9251
1750395188.0242338	204	13393	9259
1750395193.0457013	205	13405	9264
1750395198.0651972	205	13421	9274
1750395203.0823562	205	13436	9282
1750395208.099147	205	13451	9296
1750395213.115387	205	13461	9308
1750395218.133352	205	13472	9322
1750395223.15392	205	13481	9331
1750395228.1704853	205	13503	9349
1750395233.1873431	205	13512	9353
1750395238.2039995	206	13529	9363
1750395243.2214928	206	13540	9369
1750395248.2442431	206	13553	9378
1750395253.2612002	207	13572	9388
1750395258.2779217	207	13595	9394
1750395263.2947667	207	13617	9401
1750395268.3127296	207	13632	9411
1750395273.3357954	207	13646	9419
1750395278.3529873	207	13665	9431
1750395283.37036	207	13680	9434
1750395288.3874419	207	13700	9444
1750395293.4040675	207	13724	9458
1750395298.425119	207	13731	9465
1750395303.4430904	207	13752	9472
1750395308.4576378	207	13762	9480
1750395313.4720461	207	13777	9493
1750395318.4907823	207	13789	9506
1750395323.517221	207	13807	9519
1750395328.533621	207	13826	9528
1750395333.5504503	207	13841	9542
1750395338.5649943	207	13853	9552
1750395343.5834622	207	13871	9563
1750395348.599907	208	13880	9575
1750395353.6150937	208	13896	9587
1750395358.63024	208	13908	9598
1750395363.6473033	209	13928	9608
1750395368.6640868	209	13935	9621
1750395373.682059	209	13946	9627
1750395378.7002683	209	13966	9635
1750395383.715223	209	13979	9645
1750395388.7312799	209	13991	9651
1750395393.747835	209	14001	9657
1750395398.7650568	209	14021	9663
1750395403.78252	209	14036	9674
1750395408.7983246	210	14053	9684
1750395413.8159063	210	14067	9692
1750395418.8324323	210	14088	9698
1750395423.8490217	210	14104	9711
1750395428.8667412	210	14116	9719
1750395433.8845055	210	14126	9733
1750395438.9013371	210	14145	9742
1750395443.918555	210	14157	9751
1750395448.9352171	211	14174	9760
1750395453.950022	212	14185	9770
1750395458.9727237	212	14199	9781
1750395463.9896717	212	14210	9786
1750395469.0076354	212	14231	9801
1750395474.0247707	212	14241	9807
1750395479.0415184	212	14259	9814
1750395484.0611486	212	14278	9819
1750395489.0770652	212	14294	9829
1750395494.0922203	212	14308	9836
1750395499.1090488	212	14319	9845
1750395504.1310532	213	14331	9865
1750395509.1531284	213	14350	9877
1750395514.174315	213	14364	9884
1750395519.1888509	213	14379	9893
1750395524.2058508	214	14391	9903
1750395529.2219877	215	14406	9912
1750395534.2476518	215	14417	9925
1750395539.2671046	216	14428	9940
1750395544.281767	216	14444	9951
1750395549.2974498	216	14460	9968
1750395554.3146782	217	14477	9980
1750395559.3371966	218	14493	9987
1750395564.35741	218	14510	9994
1750395569.3722806	218	14526	10003
1750395574.388931	218	14541	10010
1750395579.4071648	218	14556	10021
1750395584.4294128	218	14569	10035
1750395589.4527874	218	14582	10044
1750395594.4696753	218	14597	10053
1750395599.486433	218	14610	10064
1750395604.5019643	218	14625	10073
1750395609.5251615	218	14644	10084
1750395614.5485394	219	14661	10095
1750395619.564339	219	14678	10109
1750395624.581596	220	14694	10120
1750395629.5992646	220	14711	10132
1750395634.6206028	220	14727	10139
1750395639.645705	220	14748	10155
1750395644.6624522	220	14753	10169
1750395649.680427	220	14767	10176
1750395654.697952	220	14784	10184
1750395659.7187486	220	14795	10192
1750395664.7455325	220	14807	10197
1750395669.7633862	220	14816	10206
1750395674.7807577	221	14834	10219
1750395679.7984912	221	14852	10234
1750395684.8160498	221	14866	10240
1750395689.8393593	221	14879	10257
1750395694.857013	221	14893	10263
1750395699.8740494	221	14905	10273
1750395704.890084	222	14927	10286
1750395709.9075263	222	14947	10294
1750395714.9288907	223	14963	10305
1750395719.9465759	223	14974	10315
1750395724.9646847	223	14991	10325
1750395729.9798448	223	15006	10340
1750395734.9966125	223	15020	10350
1750395740.0214155	223	15039	10359
1750395745.0393386	223	15056	10376
1750395750.0570016	224	15076	10389
1750395755.0718505	224	15091	10399
1750395760.08887	224	15099	10405
1750395765.1129484	224	15111	10416
1750395770.1289196	225	15122	10423
1750395775.1461942	225	15139	10433
1750395780.1611912	225	15156	10442
1750395785.175554	225	15168	10454
1750395790.1905062	226	15184	10470
1750395795.2053752	226	15200	10481
1750395800.219729	226	15211	10493
1750395805.2345278	226	15222	10502
1750395810.24896	226	15237	10516
1750395815.2636092	228	15259	10524
1750395820.27799	228	15271	10532
1750395825.3013093	228	15278	10545
1750395830.32051	228	15292	10553
1750395835.3353617	228	15303	10565
1750395840.3504317	228	15318	10576
1750395845.370288	228	15336	10586
1750395850.3930953	229	15350	10601
1750395855.412908	229	15356	10614
1750395860.428999	230	15374	10626
1750395865.4447877	231	15387	10637
1750395870.4604986	231	15398	10643
1750395875.4822345	231	15410	10652
1750395880.5004444	232	15427	10663
1750395885.518139	232	15440	10676
1750395890.5358324	232	15453	10689
1750395895.5529459	232	15469	10697
1750395900.5694892	232	15481	10704
1750395905.5908816	233	15494	10716
1750395910.607947	233	15506	10723
1750395915.6246922	233	15523	10733
1750395920.6411896	233	15534	10746
1750395925.659543	233	15549	10755
1750395930.68293	234	15560	10774
1750395935.698553	234	15578	10781
1750395940.713369	234	15593	10790
1750395945.7301147	234	15604	10800
1750395950.752938	234	15619	10808
1750395955.7762098	234	15637	10818
1750395960.7929897	235	15652	10827
1750395965.8097756	235	15665	10835
1750395970.8274176	235	15682	10845
1750395975.8446271	235	15696	10856
1750395980.867569	235	15713	10868
1750395985.884753	235	15730	10869
1750395990.9023156	235	15743	10878
1750395995.9189522	236	15753	10888
1750396000.9345121	236	15774	10897
1750396005.9579012	236	15786	10905
1750396010.9745164	236	15805	10914
1750396015.9911335	236	15824	10924
1750396021.008533	236	15837	10937
1750396026.0283828	236	15852	10943
1750396031.053682	236	15865	10953
1750396036.0710678	236	15881	10965
1750396041.088582	236	15897	10976
1750396046.1055377	236	15913	10985
1750396051.1222951	237	15924	10999
1750396056.1483986	237	15943	11013
1750396061.1663606	238	15961	11023
1750396066.1835196	238	15971	11034
1750396071.2002714	239	15987	11049
1750396076.2167532	239	16004	11058
1750396081.2433097	239	16024	11065
1750396086.2608402	239	16030	11071
1750396091.2780683	240	16046	11081
1750396096.2943308	240	16059	11091
1750396101.3104002	240	16070	11101
1750396106.3270223	240	16087	11111
1750396111.3439395	240	16099	11124
1750396116.3623273	240	16114	11136
1750396121.3792946	240	16128	11148
1750396126.396035	242	16139	11160
1750396131.416265	242	16150	11169
1750396136.4332812	242	16165	11178
1750396141.4495556	243	16180	11188
1750396146.466873	243	16195	11195
1750396151.4839494	243	16211	11207
1750396156.5027978	243	16222	11214
1750396161.5205798	243	16237	11219
1750396166.5374255	245	16257	11230
1750396171.5548992	245	16279	11243
1750396176.5720892	245	16290	11252
1750396181.589511	245	16306	11265
1750396186.6063106	245	16323	11276
1750396191.6238868	248	16340	11290
1750396196.6415353	249	16355	11301
1750396201.6593347	249	16371	11316
1750396206.6778524	250	16387	11332
1750396211.6949368	250	16407	11341
1750396216.7129495	250	16422	11348
1750396221.730562	250	16438	11358
1750396226.7476263	250	16457	11363
1750396231.7664156	250	16469	11375
1750396236.7832384	251	16483	11382
1750396241.8003633	251	16498	11392
1750396246.8151412	251	16517	11403
1750396251.829518	251	16531	11414
1750396256.8563251	251	16538	11425
1750396261.8716638	251	16549	11437
1750396266.8875778	251	16561	11455
1750396271.9051402	251	16574	11467
1750396276.922131	251	16585	11474
1750396281.9502528	251	16595	11486
1750396286.967309	251	16605	11495
1750396291.983633	251	16613	11505
1750396297.000576	251	16628	11522
1750396302.0172734	251	16640	11534
1750396307.0431516	252	16654	11542
1750396312.0605302	252	16670	11556
1750396317.078522	252	16687	11565
1750396322.0957108	253	16707	11579
1750396327.113502	254	16724	11587
1750396332.1306112	254	16741	11603
1750396337.1474252	255	16751	11614
1750396342.1648407	255	16762	11625
1750396347.1823227	255	16773	11634
1750396352.199989	255	16781	11648
1750396357.218237	255	16798	11659
1750396362.235435	255	16810	11669
1750396367.2529674	255	16825	11679
1750396372.2688859	255	16841	11690
1750396377.2852805	256	16851	11703
1750396382.3034394	256	16860	11709
1750396387.3215535	256	16881	11718
1750396392.339709	256	16895	11730
1750396397.3573396	256	16908	11738
1750396402.3744888	256	16923	11743
1750396407.3920758	257	16942	11756
1750396412.4100206	258	16956	11768
1750396417.4266844	259	16974	11782
1750396422.444009	259	16985	11792
1750396427.460894	259	17003	11799
1750396432.4784937	259	17012	11809
1750396437.4955714	259	17026	11815
1750396442.51294	260	17038	11821
1750396447.530161	260	17054	11832
1750396452.548541	260	17066	11845
1750396457.56775	260	17082	11850
1750396462.585087	260	17096	11858
1750396467.6030116	261	17112	11868
1750396472.620067	261	17122	11875
1750396477.6383252	261	17133	11879
1750396482.656979	262	17144	11895
1750396487.674324	262	17165	11910
1750396492.6919062	263	17186	11927
1750396497.7100298	263	17202	11934
1750396502.7272122	263	17215	11946
1750396507.749607	263	17227	11955
1750396512.7686155	263	17238	11963
1750396517.7856607	263	17247	11974
1750396522.8027596	263	17268	11989
1750396527.8204663	263	17281	11993
1750396532.8410566	263	17298	12003
1750396537.8602855	264	17310	12011
1750396542.8777049	265	17323	12025
1750396547.8948228	268	17340	12039
1750396552.912976	268	17351	12044
1750396557.928795	268	17362	12058
1750396562.949906	268	17379	12064
1750396567.9643664	268	17397	12071
1750396572.9786108	268	17415	12083
1750396577.9926693	268	17428	12099
1750396583.0067096	268	17438	12106
1750396588.021106	268	17453	12123
1750396593.0351963	268	17466	12133
1750396598.049106	269	17482	12144
1750396603.0661232	270	17495	12156
1750396608.080006	270	17508	12170
1750396613.0943751	270	17527	12176
1750396618.108671	270	17541	12183
1750396623.1230738	270	17553	12187
1750396628.1371853	270	17565	12200
1750396633.1586065	270	17583	12209
1750396638.1823885	270	17597	12219
1750396643.1964796	270	17615	12227
1750396648.210863	270	17627	12243
1750396653.2252178	270	17639	12249
1750396658.2498891	270	17658	12258
1750396663.2738993	270	17671	12269
1750396668.2880447	270	17685	12283
1750396673.3019743	270	17696	12292
1750396678.3161342	270	17709	12302
1750396683.329937	270	17719	12306
1750396688.3439798	270	17726	12317
1750396693.3580925	270	17738	12330
1750396698.3720424	270	17754	12339
1750396703.390508	270	17763	12353
1750396708.4047816	271	17779	12361
1750396713.4188514	271	17787	12375
1750396718.4329314	271	17804	12390
1750396723.44722	272	17820	12398
1750396728.4617002	272	17840	12408
1750396733.4805558	272	17859	12419
1750396738.494705	272	17877	12428
1750396743.5090513	272	17891	12437
1750396748.523101	272	17908	12446
1750396753.537201	272	17926	12457
1750396758.5513039	272	17941	12466
1750396763.5656393	272	17952	12474
1750396768.585481	273	17970	12485
1750396773.599755	274	17995	12490
1750396778.6233282	274	18008	12500
1750396783.6375837	274	18021	12509
1750396788.6516476	274	18038	12520
1750396793.6657612	274	18052	12524
1750396798.680107	274	18069	12536
1750396803.6943424	274	18080	12542
1750396808.710359	274	18096	12547
1750396813.7244039	274	18115	12556
1750396818.738778	274	18134	12565
1750396823.7534916	274	18146	12572
1750396828.7676926	275	18164	12582
1750396833.782002	276	18176	12592
1750396838.7961345	276	18192	12600
1750396843.8104513	276	18203	12610
1750396848.8329961	276	18210	12616
1750396853.8477974	276	18218	12630
1750396858.8618531	276	18231	12639
1750396863.8759193	276	18244	12648
1750396868.9002748	277	18257	12655
1750396873.9252577	278	18269	12670
1750396878.9421713	278	18289	12682
1750396883.9563313	278	18307	12685
1750396888.970405	279	18322	12696
1750396893.9951952	279	18338	12699
1750396899.0203197	279	18350	12706
1750396904.0401695	279	18363	12715
1750396909.0541203	279	18375	12724
1750396914.0683997	279	18387	12738
1750396919.0824087	279	18401	12744
1750396924.0966349	279	18413	12754
1750396929.1111345	279	18430	12757
1750396934.1298084	280	18451	12766
1750396939.143889	280	18463	12775
1750396944.1583269	280	18478	12786
1750396949.1726727	280	18490	12794
1750396954.1887462	281	18503	12801
1750396959.2028437	281	18513	12810
1750396964.2171896	281	18524	12816
1750396969.2313297	282	18538	12828
1750396974.2457738	282	18559	12839
1750396979.2600577	282	18568	12849
1750396984.2741516	283	18578	12864
1750396989.293543	283	18590	12876
1750396994.3075004	284	18607	12885
1750396999.3215485	285	18624	12901
1750397004.3356085	285	18641	12911
1750397009.3527186	285	18656	12922
1750397014.3668962	285	18679	12936
1750397019.3860598	285	18691	12946
1750397024.3999941	285	18712	12953
1750397029.4165897	287	18728	12960
1750397034.4429436	287	18740	12973
1750397039.4591475	287	18754	12982
1750397044.4798598	288	18770	12993
1750397049.496937	288	18789	13005
1750397054.5129848	288	18796	13015
1750397059.5345674	288	18811	13029
1750397064.5511928	289	18823	13041
1750397069.5717742	289	18836	13049
1750397074.5878942	289	18852	13060
1750397079.6052253	289	18863	13069
1750397084.627241	290	18874	13081
1750397089.6447058	291	18888	13095
1750397094.664925	291	18902	13105
1750397099.682112	292	18918	13115
1750397104.699354	292	18939	13127
1750397109.7196553	292	18954	13142
1750397114.734095	292	18967	13149
1750397119.7572777	292	18977	13157
1750397124.7722013	292	18990	13161
1750397129.7896917	292	19007	13168
1750397134.815073	292	19015	13182
1750397139.8330696	292	19034	13187
1750397144.854122	294	19055	13196
1750397149.8715024	296	19072	13210
1750397154.8890026	296	19085	13219
1750397159.9095004	297	19100	13231
1750397164.9382527	297	19112	13244
1750397169.9556599	298	19122	13249
1750397174.973569	299	19132	13257
1750397179.9909148	299	19146	13274
1750397185.0078783	299	19158	13283
1750397190.0323565	299	19173	13294
1750397195.049184	299	19186	13300
1750397200.0666344	299	19197	13310
1750397205.0831847	299	19213	13316
1750397210.1009383	299	19230	13324
1750397215.1245008	299	19245	13333
1750397220.1399355	299	19259	13343
1750397225.1570058	299	19269	13353
1750397230.1746833	299	19280	13367
1750397235.1914642	299	19294	13377
1750397240.2138996	299	19313	13388
1750397245.2292616	299	19322	13397
1750397250.2475836	300	19336	13411
1750397255.2645473	302	19355	13430
1750397260.28103	302	19361	13439
1750397265.3065798	303	19375	13454
1750397270.3238068	304	19391	13464
1750397275.3392735	304	19405	13474
1750397280.3565116	306	19420	13482
1750397285.374853	306	19435	13493
1750397290.395882	307	19453	13500
1750397295.4167025	307	19472	13512
1750397300.434071	307	19486	13526
1750397305.450974	307	19504	13539
1750397310.4682467	307	19519	13544
1750397315.4881504	307	19531	13556
1750397320.5092475	307	19543	13562
1750397325.5271761	308	19553	13574
1750397330.545551	308	19563	13583
1750397335.5632095	308	19580	13593
1750397340.5824704	308	19589	13605
1750397345.6032934	308	19605	13620
1750397350.6207783	308	19617	13631
1750397355.6371145	308	19632	13644
1750397360.6548684	308	19647	13652
1750397365.6730056	308	19661	13658
1750397370.6952257	308	19671	13666
1750397375.7124243	308	19687	13672
1750397380.7282305	310	19708	13686
1750397385.746051	310	19719	13698
1750397390.764992	310	19735	13709
1750397395.7901275	310	19748	13720
1750397400.8065968	310	19768	13730
1750397405.8245983	311	19780	13744
1750397410.842107	311	19796	13756
1750397415.8622127	312	19811	13773
1750397420.8866174	313	19826	13785
1750397425.9028203	314	19846	13795
1750397430.9176528	315	19869	13800
1750397435.932374	315	19882	13810
1750397440.955322	315	19892	13819
1750397445.9801605	315	19907	13832
1750397450.9950888	315	19924	13844
1750397456.0101438	315	19937	13860
1750397461.024615	315	19951	13867
1750397466.0388846	316	19965	13876
1750397471.0528767	316	19982	13889
1750397476.0669086	316	19995	13901
1750397481.0808403	316	20008	13912
1750397486.1043518	316	20021	13920
1750397491.1186225	316	20034	13932
1750397496.1329482	317	20043	13947
1750397501.1470156	317	20053	13951
1750397506.1610196	317	20067	13962
1750397511.1750863	317	20084	13968
1750397516.1958559	317	20099	13973
1750397521.2099562	317	20118	13980
1750397526.2242937	317	20133	13989
1750397531.2398164	317	20147	14000
1750397536.2538352	317	20168	14005
1750397541.2680476	317	20189	14016
1750397546.2822914	317	20204	14027
1750397551.2966518	317	20219	14036
1750397556.310612	317	20234	14048
1750397561.3248265	317	20247	14056
1750397566.3454084	317	20260	14061
1750397571.3598218	318	20281	14069
1750397576.3738532	318	20299	14081
1750397581.3881555	319	20311	14091
1750397586.4023435	319	20322	14098
1750397591.4162476	319	20332	14103
1750397596.430252	320	20353	14112
1750397601.453733	320	20366	14122
1750397606.468089	320	20381	14128
1750397611.48217	320	20396	14144
1750397616.4962912	320	20411	14155
1750397621.514664	320	20428	14167
1750397626.5288458	320	20439	14173
1750397631.5430555	320	20452	14183
1750397636.557396	321	20468	14192
1750397641.579087	321	20481	14198
1750397646.593177	321	20492	14212
1750397651.607402	321	20503	14219
1750397656.6216302	322	20513	14225
1750397661.635982	322	20529	14234
1750397666.6499784	322	20539	14246
1750397671.6642616	322	20551	14255
1750397676.678205	322	20571	14260
1750397681.6983721	322	20584	14271
1750397686.7158308	322	20599	14285
1750397691.7301848	323	20622	14296
1750397696.743993	323	20635	14315
1750397701.7636175	323	20650	14326
1750397706.7856514	323	20657	14334
1750397711.803809	323	20673	14343
1750397716.8178515	323	20690	14353
1750397721.8320274	323	20705	14359
1750397726.8461769	323	20720	14364
1750397731.8603084	324	20737	14373
1750397736.8745131	324	20755	14385
1750397741.8887947	324	20764	14401
1750397746.9027412	324	20778	14407
1750397751.9179173	324	20796	14417
1750397756.9322627	324	20801	14422
1750397761.946249	324	20812	14435
1750397766.9604962	324	20820	14445
1750397771.9746327	324	20831	14460
1750397776.9886541	324	20844	14469
1750397782.0036154	324	20852	14479
1750397787.0231986	324	20870	14486
1750397792.0373194	325	20888	14496
1750397797.0513732	325	20905	14512
1750397802.0652575	326	20927	14528
1750397807.0893936	326	20941	14537
1750397812.1114168	326	20950	14550
1750397817.1255333	327	20967	14560
1750397822.1395369	328	20979	14573
1750397827.1538773	328	21000	14584
1750397832.177473	328	21015	14594
1750397837.1999133	329	21030	14602
1750397842.2139013	329	21046	14614
1750397847.228347	330	21062	14623
1750397852.242642	331	21076	14636
1750397857.2567813	331	21092	14644
1750397862.27109	332	21114	14654
1750397867.2853773	332	21128	14663
1750397872.3088043	332	21145	14667
1750397877.3231666	332	21163	14684
1750397882.3372393	332	21177	14695
1750397887.3513775	332	21188	14703
1750397892.3712652	332	21203	14708
1750397897.3853214	333	21215	14720
1750397902.4073887	333	21235	14730
1750397907.4212961	333	21250	14745
1750397912.4354916	333	21263	14755
1750397917.4500568	334	21272	14764
1750397922.464278	335	21288	14772
1750397927.478331	335	21305	14780
1750397932.4947605	335	21313	14786
1750397937.521821	336	21324	14794
1750397942.5376918	336	21340	14801
1750397947.5554326	337	21355	14808
1750397952.5734925	337	21369	14822
1750397957.5883315	337	21385	14831
1750397962.615002	338	21400	14843
1750397967.6313474	338	21420	14850
1750397972.6472745	338	21431	14860
1750397977.6640186	338	21452	14869
1750397982.6808698	338	21467	14880
1750397987.7063992	338	21481	14892
1750397992.7235036	338	21498	14901
1750397997.7404249	338	21524	14906
1750398002.7590008	338	21535	14911
1750398007.7763817	338	21545	14919
1750398012.8009377	338	21570	14929
1750398017.817347	338	21586	14933
1750398022.8346672	339	21602	14948
1750398027.851741	339	21620	14960
1750398032.8692539	339	21635	14969
1750398037.8946602	340	21647	14979
1750398042.9112844	340	21665	14997
1750398047.9281223	340	21690	15007
1750398052.943083	340	21707	15020
1750398057.9614925	340	21727	15029
1750398062.9792285	340	21742	15037
1750398067.9957967	340	21751	15046
1750398073.0128088	340	21768	15054
1750398078.028699	340	21788	15066
1750398083.0569024	340	21798	15078
1750398088.074057	341	21814	15088
1750398093.0911868	342	21832	15096
1750398098.1085482	342	21849	15110
1750398103.1238678	342	21871	15115
1750398108.14	342	21891	15119
1750398113.158579	342	21899	15128
1750398118.1872275	342	21921	15139
1750398123.2041397	342	21936	15147
1750398128.2217548	342	21954	15156
1750398133.2478292	342	21966	15165
1750398138.2654202	342	21982	15178
1750398143.284282	342	21995	15188
1750398148.302223	342	22016	15195
1750398153.3191948	342	22028	15203
1750398158.344121	342	22041	15211
1750398163.3624322	342	22057	15222
1750398168.3789375	342	22071	15233
1750398173.3956892	343	22085	15246
1750398178.4134855	343	22098	15257
1750398183.438048	343	22115	15265
1750398188.453465	344	22124	15277
1750398193.4745746	344	22139	15292
1750398198.4919553	344	22158	15298
1750398203.5088377	346	22176	15308
1750398208.5322676	346	22192	15322
1750398213.5485723	346	22208	15331
1750398218.5706084	346	22219	15343
1750398223.588598	346	22236	15357
1750398228.6061049	347	22256	15367
1750398233.6282723	347	22281	15378
1750398238.643621	348	22296	15386
1750398243.6654654	348	22307	15394
1750398248.6828387	348	22321	15407
1750398253.6996381	348	22339	15417
1750398258.7233708	349	22355	15423
1750398263.738605	350	22366	15436
1750398268.7642605	350	22372	15450
1750398273.7807238	350	22386	15465
1750398278.797839	350	22400	15477
1750398283.8183265	352	22413	15489
1750398288.8445797	354	22436	15504
1750398293.862437	354	22453	15516
1750398298.879871	354	22466	15524
1750398303.8971405	355	22477	15531
1750398308.9160569	355	22488	15540
1750398313.9349136	355	22501	15549
1750398318.9520826	355	22513	15557
1750398323.9706292	356	22533	15570
1750398328.9868832	356	22550	15582
1750398334.0036318	356	22572	15588
1750398339.0292447	356	22587	15607
1750398344.0466723	356	22604	15612
1750398349.0639005	356	22624	15621
1750398354.0813532	357	22641	15629
1750398359.0985887	357	22655	15638
1750398364.1235127	357	22667	15648
1750398369.1413314	357	22680	15660
1750398374.1568704	358	22690	15669
1750398379.1739473	358	22704	15678
1750398384.1936748	358	22721	15687
1750398389.2183354	360	22737	15696
1750398394.2356932	360	22749	15705
1750398399.2505803	360	22759	15714
1750398404.2647293	360	22773	15725
1750398409.2868218	360	22794	15734
1750398414.309985	361	22811	15746
1750398419.3299668	362	22829	15754
1750398424.3442554	363	22851	15770
1750398429.3587165	365	22871	15786
1750398434.3734257	365	22878	15793
1750398439.38807	366	22894	15803
1750398444.4024274	366	22905	15818
1750398449.4171257	366	22918	15826
1750398454.431546	366	22934	15837
1750398459.4522283	366	22948	15851
1750398464.4693708	366	22963	15863
1750398469.4869254	367	22973	15875
1750398474.5034845	367	22989	15881
1750398479.5213819	367	22998	15892
1750398484.5387566	368	23014	15901
1750398489.556495	368	23030	15915
1750398494.5790734	368	23045	15921
1750398499.596359	368	23060	15931
1750398504.612038	369	23076	15945
1750398509.6286986	370	23094	15958
1750398514.6530797	370	23111	15961
1750398519.6772492	370	23127	15971
1750398524.6932106	370	23137	15986
1750398529.7074718	370	23159	15997
1750398534.72521	370	23169	16009
1750398539.751941	370	23181	16013
1750398544.7756915	370	23196	16026
1750398549.7937577	370	23208	16040
1750398554.808519	370	23221	16050
1750398559.8263535	370	23233	16061
1750398564.843212	370	23251	16070
1750398569.867442	370	23268	16080
1750398574.8847704	370	23278	16093
1750398579.9008098	370	23294	16103
1750398584.9175339	370	23308	16115
1750398589.9387014	370	23322	16121
1750398594.964237	370	23338	16139
1750398599.982188	370	23351	16148
1750398604.9975026	372	23369	16161
1750398610.0145795	372	23380	16171
1750398615.0332987	372	23393	16175
1750398620.0598295	372	23407	16186
1750398625.076977	372	23420	16197
1750398630.0927632	372	23432	16203
1750398635.1096883	372	23451	16210
1750398640.1276398	373	23461	16225
1750398645.153056	374	23480	16231
1750398650.1698773	374	23496	16242
1750398655.1846516	375	23512	16254
1750398660.199275	375	23532	16264
1750398665.2201638	375	23548	16281
1750398670.2374516	375	23559	16294
1750398675.2554355	375	23580	16305
1750398680.2720385	376	23603	16322
1750398685.2897644	376	23614	16335
1750398690.3181152	376	23629	16343
1750398695.334443	376	23643	16350
1750398700.3520489	376	23654	16357
1750398705.3706353	376	23669	16367
1750398710.3872323	376	23684	16378
1750398715.4136925	376	23698	16384
1750398720.4297721	376	23719	16395
1750398725.4475455	376	23745	16400
1750398730.4649415	376	23753	16410
1750398735.4821107	376	23771	16417
1750398740.5081575	376	23786	16429
1750398745.525391	376	23801	16439
1750398750.542878	376	23820	16453
1750398755.5591247	376	23831	16464
1750398760.5760226	376	23851	16478
1750398765.6035442	376	23867	16483
1750398770.621004	376	23881	16491
1750398775.6385624	376	23895	16507
1750398780.653734	376	23911	16517
1750398785.6710632	376	23929	16530
1750398790.687737	376	23939	16538
1750398795.7053044	378	23955	16549
1750398800.7223713	378	23967	16558
1750398805.7406766	378	23980	16567
1750398810.7640333	378	23995	16578
1750398815.7815266	378	24015	16585
1750398820.7987669	378	24031	16594
1750398825.8152335	378	24044	16606
1750398830.837183	379	24057	16618
1750398835.8600907	380	24078	16623
1750398840.877428	381	24093	16631
1750398845.894752	381	24110	16649
1750398850.9124475	381	24129	16667
1750398855.9324481	381	24151	16673
1750398860.9560344	381	24163	16683
1750398865.9725413	381	24176	16690
1750398870.9888463	381	24193	16701
1750398876.0062354	381	24211	16711
1750398881.028288	381	24228	16725
1750398886.0513902	381	24244	16732
1750398891.06789	381	24259	16739
1750398896.08511	381	24268	16746
1750398901.102437	381	24285	16755
1750398906.1243832	381	24299	16767
1750398911.1499617	381	24314	16776
1750398916.166226	381	24333	16782
1750398921.1808612	381	24347	16796
1750398926.1953514	381	24364	16806
1750398931.218305	381	24380	16815
1750398936.2448635	381	24389	16821
1750398941.2615178	381	24400	16835
1750398946.279441	381	24412	16850
1750398951.2975948	381	24421	16861
1750398956.3150628	381	24434	16875
1750398961.339793	382	24452	16885
1750398966.356857	382	24468	16894
1750398971.3741522	384	24495	16908
1750398976.391189	385	24510	16919
1750398981.4091408	385	24530	16926
1750398986.4373841	386	24544	16936
1750398991.454938	386	24560	16945
1750398996.4727304	387	24575	16958
1750399001.4884195	388	24594	16963
1750399006.5072532	388	24606	16968
1750399011.53548	388	24627	16982
1750399016.5532804	388	24636	16991
1750399021.5706158	388	24647	17004
1750399026.5882692	388	24663	17022
1750399031.6056182	388	24677	17034
1750399036.62287	388	24691	17043
1750399041.640875	388	24707	17053
1750399046.6586683	388	24718	17067
1750399051.6753416	388	24727	17078
1750399056.693467	389	24747	17085
1750399061.7108922	389	24762	17094
1750399066.728231	389	24771	17102
1750399071.7448494	389	24792	17111
1750399076.7624233	389	24809	17121
1750399081.7796812	391	24823	17137
1750399086.7976913	391	24834	17147
1750399091.8184044	392	24848	17161
1750399096.8447928	392	24867	17166
1750399101.8650336	393	24884	17180
1750399106.8816383	393	24899	17192
1750399111.8989708	393	24912	17202
1750399116.922364	393	24926	17216
1750399121.946545	394	24938	17233
1750399126.9683802	394	24953	17240
1750399131.9860644	394	24973	17250
1750399137.004513	394	24988	17263
1750399142.0215356	394	25007	17275
1750399147.0474072	394	25021	17281
1750399152.0696416	394	25041	17296
1750399157.0875177	395	25059	17306
1750399162.1046474	395	25075	17319
1750399167.1228049	396	25091	17328
1750399172.1466753	396	25104	17343
1750399177.1706533	396	25114	17356
1750399182.1885335	397	25137	17363
1750399187.2053778	397	25156	17367
1750399192.2224061	397	25169	17377
1750399197.2467778	397	25191	17391
1750399202.2727082	397	25200	17402
1750399207.2902486	397	25212	17416
1750399212.3070774	398	25226	17429
1750399217.3241498	399	25244	17443
1750399222.3521698	400	25254	17452
1750399227.3745031	400	25270	17462
1750399232.3895144	400	25286	17473
1750399237.4039857	400	25297	17481
1750399242.4191859	400	25310	17491
1750399247.4361238	400	25325	17501
1750399252.4536877	400	25334	17513
1750399257.4687326	400	25348	17527
1750399262.4953015	401	25363	17544
1750399267.5124712	401	25370	17548
1750399272.5292993	402	25384	17556
1750399277.5493836	402	25397	17563
1750399282.5673637	402	25416	17569
1750399287.5824716	402	25430	17577
1750399292.6083307	402	25450	17583
1750399297.625739	402	25462	17598
1750399302.64032	404	25476	17609
1750399307.654406	404	25486	17621
1750399312.6684818	404	25500	17637
1750399317.6828303	406	25518	17647
1750399322.7071497	407	25534	17659
1750399327.7213848	407	25551	17669
1750399332.7355673	407	25563	17680
1750399337.752321	407	25577	17687
1750399342.7665553	408	25587	17695
1750399347.7804544	408	25601	17709
1750399352.7949119	408	25617	17720
1750399357.8088443	408	25631	17731
1750399362.8230555	408	25654	17741
1750399367.8373	409	25667	17752
1750399372.853118	409	25684	17761
1750399377.867339	409	25699	17771
1750399382.881678	409	25705	17785
1750399387.895908	409	25715	17794
1750399392.9098418	410	25730	17803
1750399397.9241953	410	25746	17808
1750399402.9380808	410	25759	17820
1750399407.9581537	410	25770	17832
1750399412.9724174	410	25784	17842
1750399417.9865687	410	25797	17855
1750399423.000877	410	25818	17863
1750399428.0210848	410	25836	17872
1750399433.0350258	410	25849	17879
1750399438.0492256	410	25870	17887
1750399443.063095	410	25891	17896
1750399448.0774865	410	25906	17903
1750399453.0914578	411	25925	17911
1750399458.1056786	411	25944	17919
1750399463.1292198	411	25956	17931
1750399468.1447127	411	25972	17939
1750399473.1588516	411	25990	17952
1750399478.1730654	411	26006	17964
1750399483.1957624	411	26012	17973
1750399488.2206829	412	26032	17982
1750399493.2370574	412	26047	17991
1750399498.2513974	412	26060	17998
1750399503.265341	412	26082	18007
1750399508.2859128	412	26089	18016
1750399513.3092942	412	26106	18023
1750399518.327146	412	26121	18038
1750399523.3413305	412	26136	18049
1750399528.355373	412	26147	18063
1750399533.3766367	412	26160	18070
1750399538.399183	412	26175	18079
1750399543.4175959	412	26189	18091
1750399548.4319465	412	26206	18103
1750399553.4461417	412	26219	18110
1750399558.4601026	412	26231	18122
1750399563.4744005	412	26243	18132
1750399568.4886212	412	26253	18140
1750399573.5027137	413	26271	18145
1750399578.5169091	413	26289	18154
1750399583.533084	413	26303	18163
1750399588.5470512	413	26313	18174
1750399593.561333	413	26330	18186
1750399598.5755422	413	26347	18197
1750399603.5898707	413	26359	18202
1750399608.6041481	414	26373	18208
1750399613.6290221	414	26395	18216
1750399618.6500401	414	26408	18222
1750399623.6643267	414	26421	18231
1750399628.678595	414	26440	18245
1750399633.6926713	414	26456	18259
1750399638.7067895	414	26476	18268
1750399643.7208226	414	26494	18274
1750399648.7351205	416	26515	18286
1750399653.7590454	417	26530	18293
1750399658.7731724	417	26543	18301
1750399663.787266	417	26556	18310
1750399668.8013656	418	26566	18321
1750399673.8242457	420	26583	18336
1750399678.8384821	420	26602	18341
1750399683.8616173	420	26613	18346
1750399688.875871	420	26633	18357
1750399693.8901765	421	26649	18374
1750399698.904202	423	26662	18386
1750399703.9183521	423	26677	18392
1750399708.9326131	423	26689	18404
1750399713.9561968	423	26703	18423
1750399718.9810386	423	26713	18428
1750399723.9952872	423	26725	18446
1750399729.0093968	423	26740	18456
1750399734.0237606	423	26755	18464
1750399739.0379508	425	26770	18477
1750399744.0520675	425	26782	18489
1750399749.0660684	425	26797	18496
1750399754.0801122	426	26817	18503
1750399759.1041572	427	26826	18515
1750399764.1184585	428	26844	18532
1750399769.1324954	428	26860	18542
1750399774.146681	429	26872	18549
1750399779.1617594	429	26887	18564
1750399784.177955	429	26903	18569
1750399789.196945	429	26910	18585
1750399794.2246733	429	26922	18601
1750399799.2402225	430	26934	18611
1750399804.2565668	430	26943	18621
1750399809.2736523	430	26956	18632
1750399814.2931004	431	26977	18642
1750399819.3211484	431	26994	18647
1750399824.335966	431	27012	18654
1750399829.3524637	431	27022	18665
1750399834.3700912	431	27033	18671
1750399839.3909764	433	27050	18683
1750399844.4084933	433	27064	18700
1750399849.424471	433	27084	18706
1750399854.4414766	433	27102	18718
1750399859.4595165	433	27118	18727
1750399864.4757156	433	27132	18741
1750399869.4930983	434	27146	18753
1750399874.5106192	434	27160	18762
1750399879.531644	434	27174	18769
1750399884.5486293	434	27186	18786
1750399889.5663774	434	27206	18795
1750399894.583263	435	27220	18808
1750399899.6034636	435	27233	18820
1750399904.6297662	435	27245	18831
1750399909.645921	435	27262	18842
1750399914.6612387	435	27278	18855
1750399919.678731	435	27288	18869
1750399924.6990988	436	27306	18873
1750399929.724405	436	27314	18886
1750399934.74222	436	27327	18892
1750399939.7599766	437	27350	18904
1750399944.7783785	437	27373	18912
1750399949.79506	438	27382	18921
1750399954.818708	438	27391	18934
1750399959.8383825	438	27407	18947
1750399964.855802	438	27423	18957
1750399969.872752	438	27444	18964
1750399974.8901777	438	27448	18970
1750399979.915117	438	27467	18980
1750399984.9369202	438	27480	18987
1750399989.9542172	438	27500	18992
1750399994.9720914	439	27515	19004
1750399999.9888828	439	27525	19014
1750400005.0120606	439	27539	19025
1750400010.0358298	439	27554	19034
1750400015.0536916	439	27566	19046
1750400020.0696716	439	27580	19056
1750400025.0872936	439	27599	19067
1750400030.1086686	440	27612	19083
1750400035.132266	440	27628	19094
1750400040.1477892	441	27646	19105
1750400045.1646736	441	27661	19115
1750400050.1820998	441	27670	19124
1750400055.2072482	442	27689	19138
1750400060.2316074	442	27708	19153
1750400065.2498317	442	27722	19167
1750400070.2672334	442	27736	19180
1750400075.2848506	442	27748	19189
1750400080.3100288	443	27769	19196
1750400085.33367	443	27784	19208
1750400090.3514848	444	27800	19219
1750400095.369293	444	27820	19230
1750400100.38464	444	27830	19244
1750400105.4073334	444	27844	19252
1750400110.4315617	444	27857	19254
1750400115.4486241	444	27874	19266
1750400120.4661524	444	27889	19279
1750400125.4829469	444	27900	19294
1750400130.5023015	444	27917	19306
1750400135.5172975	445	27934	19314
1750400140.5343752	446	27947	19325
1750400145.5532923	446	27967	19335
1750400150.5703228	447	27980	19348
1750400155.587403	448	27991	19365
1750400160.6050525	448	28008	19377
1750400165.6229737	448	28022	19388
1750400170.6459026	448	28037	19394
1750400175.6632862	449	28048	19403
1750400180.680362	450	28066	19417
1750400185.6979067	451	28082	19429
1750400190.71666	451	28091	19436
1750400195.733917	451	28099	19441
1750400200.759199	451	28121	19451
1750400205.7765563	451	28135	19459
1750400210.7941954	451	28152	19474
1750400215.8168566	451	28162	19485
1750400220.831549	451	28173	19491
1750400225.8483784	451	28190	19505
1750400230.8660204	451	28197	19517
1750400235.8836646	451	28211	19529
1750400240.9004238	451	28221	19542
1750400245.9158273	451	28235	19555
1750400250.9322789	451	28250	19561
1750400255.9533477	451	28263	19573
1750400260.9711926	451	28279	19582
1750400265.988672	451	28295	19589
1750400271.0063798	451	28313	19600
1750400276.0247629	452	28327	19609
1750400281.0520675	452	28338	19624
1750400286.0684948	453	28349	19630
1750400291.0850472	454	28368	19638
1750400296.1027353	455	28379	19648
1750400301.1202204	455	28394	19656
1750400306.136897	455	28407	19661
1750400311.1547859	456	28427	19670
1750400316.1719875	456	28447	19680
1750400321.192342	457	28457	19690
1750400326.2132156	457	28471	19703
1750400331.2283466	457	28486	19717
1750400336.2450361	458	28499	19733
1750400341.263246	459	28511	19744
1750400346.2803705	459	28532	19758
1750400351.2974977	459	28544	19773
1750400356.3134878	459	28553	19791
1750400361.3349586	459	28574	19806
1750400366.3530357	459	28592	19813
1750400371.3705418	460	28610	19826
1750400376.3854377	460	28625	19835
1750400381.4063447	460	28634	19841
1750400386.424244	460	28651	19847
1750400391.4413915	461	28667	19863
1750400396.4586701	461	28677	19867
1750400401.4758377	461	28687	19880
1750400406.5043356	461	28706	19892
1750400411.5198667	461	28719	19903
1750400416.543246	462	28729	19915
1750400421.5585635	462	28746	19925
1750400426.5754757	462	28763	19939
1750400431.5916173	463	28776	19950
1750400436.609185	463	28794	19962
1750400441.6246781	463	28806	19974
1750400446.6458075	463	28824	19984
1750400451.6689484	464	28838	19994
1750400456.6833565	464	28845	20004
1750400461.6978335	464	28865	20018
1750400466.7130866	465	28879	20027
1750400471.7386484	465	28889	20038
1750400476.7631633	465	28905	20049
1750400481.7781339	465	28927	20058
1750400486.7940817	465	28947	20070
1750400491.8106093	465	28965	20079
1750400496.8363073	466	28986	20090
1750400501.8606873	466	29000	20101
1750400506.878506	466	29018	20110
1750400511.8948007	466	29035	20121
1750400516.9097557	466	29047	20130
1750400521.9342241	466	29060	20141
1750400526.9489567	466	29067	20154
1750400531.9638357	466	29081	20164
1750400536.9788868	466	29092	20175
1750400541.9941673	467	29103	20191
1750400547.009283	467	29113	20203
1750400552.0236938	467	29121	20212
1750400557.0470743	467	29141	20219
1750400562.0617182	467	29150	20230
1750400567.076449	467	29166	20241
1750400572.091151	467	29187	20253
1750400577.1118903	467	29201	20264
1750400582.126764	468	29223	20275
1750400587.1417708	468	29239	20287
1750400592.1569645	468	29248	20297
1750400597.1826904	468	29263	20308
1750400602.1976736	468	29279	20318
1750400607.213184	469	29293	20326
1750400612.228067	469	29307	20335
1750400617.242578	469	29324	20341
1750400622.2575972	469	29337	20347
1750400627.2733696	469	29353	20356
1750400632.2890158	469	29368	20367
1750400637.3041785	469	29383	20374
1750400642.3209736	469	29398	20384
1750400647.3392944	469	29417	20392
1750400652.3547254	470	29431	20398
1750400657.3700788	470	29443	20403
1750400662.386068	470	29459	20423
1750400667.4029355	470	29474	20431
1750400672.4182408	470	29489	20444
1750400677.4338844	470	29503	20454
1750400682.4566796	470	29519	20467
1750400687.4719338	470	29534	20478
1750400692.4870229	470	29551	20494
1750400697.5027564	470	29564	20499
1750400702.5229948	470	29582	20505
1750400707.5379143	470	29594	20514
1750400712.5525353	470	29610	20526
1750400717.5667315	470	29630	20530
1750400722.5874984	470	29644	20542
