1750401374.5393865	0	12	12
1750401379.5499456	0	26	29
1750401384.5594969	0	46	41
1750401389.5734859	0	62	55
1750401394.5828443	0	74	65
1750401399.592647	1	91	82
1750401404.6027606	1	103	93
1750401409.6210413	1	115	104
1750401414.6390457	2	126	116
1750401419.6496758	3	139	136
1750401424.6597717	3	152	155
1750401429.6700447	4	166	162
1750401434.6803007	4	183	175
1750401439.6906965	4	199	191
1750401444.7008557	4	212	205
1750401449.7111661	4	226	215
1750401454.7213163	4	245	228
1750401459.7316136	4	259	243
1750401464.74301	4	268	260
1750401469.753301	5	285	279
1750401474.7638528	5	304	297
1750401479.7741816	5	317	312
1750401484.7845826	5	330	335
1750401489.800426	6	347	349
1750401494.817649	6	361	361
1750401499.828276	6	370	372
1750401504.8388155	6	378	388
1750401509.8492982	6	393	408
1750401514.8597844	6	406	423
1750401519.8704362	7	416	437
1750401524.8892174	7	435	449
1750401529.8996253	8	450	464
1750401534.9155204	8	466	479
1750401539.9259353	8	477	492
1750401544.936597	9	494	506
1750401549.9470556	9	510	523
1750401554.9575715	9	524	532
1750401559.9677947	10	538	542
1750401564.9780746	11	546	558
1750401569.98799	11	565	569
1750401575.005121	11	587	577
1750401580.015229	11	605	587
1750401585.0253863	12	619	602
1750401590.0356193	12	634	617
1750401595.045786	12	643	636
1750401600.056014	12	660	653
1750401605.066125	13	668	667
1750401610.07608	13	680	683
1750401615.0862405	13	698	692
1750401620.1045814	14	711	701
1750401625.1234443	14	724	713
1750401630.1339114	14	735	720
1750401635.1443555	14	747	739
1750401640.15456	14	763	751
1750401645.1647427	14	767	770
1750401650.1783268	14	776	784
1750401655.1890402	14	790	801
1750401660.2040055	14	812	815
1750401665.2142606	14	823	828
1750401670.2247882	14	836	845
1750401675.2351239	14	847	868
1750401680.253171	14	865	877
1750401685.2638383	14	875	892
1750401690.2740965	14	890	906
1750401695.2841225	14	900	920
1750401700.2941217	15	912	935
1750401705.304168	15	921	955
1750401710.3144076	15	931	968
1750401715.3246884	15	940	987
1750401720.3362665	15	955	1001
1750401725.3477254	15	969	1020
1750401730.3590927	15	980	1040
1750401735.3707197	16	991	1056
1750401740.3855202	16	1009	1066
1750401745.3989437	16	1022	1079
1750401750.41083	16	1041	1097
1750401755.4309783	16	1059	1108
1750401760.4430501	16	1074	1117
1750401765.4560497	17	1087	1137
1750401770.4741297	17	1099	1150
1750401775.4861908	17	1118	1163
1750401780.4979439	17	1136	1178
1750401785.5118203	18	1153	1192
1750401790.5244913	19	1166	1207
1750401795.5373132	19	1187	1222
1750401800.5503967	19	1207	1237
1750401805.564424	20	1228	1252
1750401810.5793865	20	1238	1266
1750401815.5921872	20	1252	1283
1750401820.6059813	20	1264	1298
1750401825.6186867	20	1282	1316
1750401830.6306148	20	1291	1327
1750401835.643146	20	1308	1340
1750401840.654905	20	1324	1358
1750401845.6676815	21	1336	1367
1750401850.6849039	21	1341	1385
1750401855.6973574	21	1353	1399
1750401860.710242	21	1368	1414
1750401865.7226634	21	1385	1424
1750401870.7349555	21	1405	1441
1750401875.7473574	21	1416	1455
1750401880.7670405	21	1428	1470
1750401885.7793248	21	1442	1483
1750401890.799117	21	1458	1501
1750401895.811908	21	1474	1516
1750401900.829343	21	1486	1531
1750401905.8427997	21	1503	1547
1750401910.8564124	22	1524	1567
1750401915.8698375	22	1538	1588
1750401920.8844938	22	1551	1599
1750401925.8991933	23	1575	1612
1750401930.9135923	23	1588	1629
1750401935.9292638	23	1604	1645
1750401940.942732	23	1612	1662
1750401945.959476	23	1619	1682
1750401950.9745092	24	1640	1698
1750401955.992211	24	1658	1711
1750401961.0076108	24	1669	1728
1750401966.0228362	24	1678	1739
1750401971.0382395	24	1686	1760
1750401976.0544941	25	1696	1778
1750401981.0687456	25	1711	1789
1750401986.0824482	26	1725	1807
1750401991.0965133	27	1740	1821
1750401996.1113434	27	1745	1831
1750402001.128085	27	1768	1851
1750402006.1404514	28	1780	1862
1750402011.1553035	28	1789	1881
1750402016.170281	28	1797	1900
1750402021.1852171	29	1820	1913
1750402026.1999888	29	1830	1930
1750402031.2159035	29	1843	1937
1750402036.2305148	29	1857	1947
1750402041.2456512	30	1881	1963
1750402046.260763	31	1895	1973
1750402051.274855	33	1908	1990
1750402056.297128	33	1922	2004
1750402061.316715	34	1942	2019
1750402066.3313131	34	1960	2027
1750402071.3470654	34	1977	2045
1750402076.360283	34	1988	2056
1750402081.373729	34	2006	2071
1750402086.3897831	34	2019	2083
1750402091.4093597	36	2037	2094
1750402096.4244885	36	2053	2108
1750402101.443046	36	2065	2122
1750402106.4574146	36	2077	2133
1750402111.4747455	36	2089	2153
1750402116.4897966	36	2103	2175
1750402121.5042348	36	2117	2195
1750402126.5187104	36	2135	2209
1750402131.5327682	36	2145	2221
1750402136.5476117	36	2160	2238
1750402141.5632167	36	2177	2254
1750402146.577962	36	2190	2266
1750402151.5921621	37	2212	2286
1750402156.6082916	37	2229	2302
1750402161.6234808	37	2246	2312
1750402166.644406	37	2260	2324
1750402171.6591914	37	2276	2339
1750402176.673739	37	2291	2350
1750402181.6889126	37	2304	2368
1750402186.7038703	37	2318	2386
1750402191.7192218	37	2335	2399
1750402196.7351913	38	2352	2412
1750402201.7510295	38	2371	2432
1750402206.7658117	38	2378	2440
1750402211.7833426	38	2393	2457
1750402216.7972405	38	2414	2473
1750402221.812131	38	2427	2482
1750402226.8268592	38	2446	2497
1750402231.842062	39	2462	2509
1750402236.8573282	39	2473	2520
1750402241.8722227	39	2491	2530
1750402246.8873408	39	2499	2543
1750402251.9033813	39	2511	2559
1750402256.917309	39	2524	2570
1750402261.9297712	39	2541	2582
1750402266.9519873	39	2554	2600
1750402271.9709005	39	2573	2611
1750402276.986704	39	2587	2621
1750402282.0022519	40	2598	2632
1750402287.015281	40	2610	2648
1750402292.029869	40	2618	2658
1750402297.0453725	40	2629	2673
1750402302.0597744	41	2644	2690
1750402307.0737348	41	2656	2704
1750402312.087869	41	2668	2727
1750402317.1019475	41	2683	2744
1750402322.1198928	41	2700	2758
1750402327.1348639	42	2714	2775
1750402332.1497335	42	2723	2786
1750402337.163415	43	2738	2800
1750402342.1781154	44	2754	2815
1750402347.19401	44	2767	2829
1750402352.2094605	44	2782	2848
1750402357.2251267	44	2798	2862
1750402362.2393873	44	2814	2871
1750402367.254054	44	2828	2889
1750402372.2687533	44	2838	2907
1750402377.2870512	44	2852	2916
1750402382.3020263	45	2863	2928
1750402387.317176	45	2882	2939
1750402392.3331473	46	2894	2956
1750402397.3463583	46	2906	2979
1750402402.358534	46	2921	2989
1750402407.3733263	47	2934	3002
1750402412.3880613	47	2944	3008
1750402417.4031174	47	2960	3030
1750402422.4249582	47	2971	3039
1750402427.439594	47	2988	3053
1750402432.45452	47	3004	3067
1750402437.469466	47	3016	3086
1750402442.4834	47	3030	3098
1750402447.49877	47	3039	3112
1750402452.5130944	47	3050	3122
1750402457.5259085	47	3071	3139
1750402462.5387595	48	3088	3158
1750402467.5509694	48	3106	3174
1750402472.563661	48	3123	3186
1750402477.576389	48	3131	3200
1750402482.5892456	48	3148	3213
1750402487.601848	48	3160	3225
1750402492.6174738	48	3176	3238
1750402497.6365001	48	3187	3260
1750402502.6493003	48	3202	3272
1750402507.6615472	48	3214	3284
1750402512.6739948	48	3228	3296
1750402517.6869187	48	3243	3313
1750402522.700288	48	3258	3326
1750402527.7130606	48	3274	3344
1750402532.7258713	49	3288	3352
1750402537.73879	49	3300	3368
1750402542.751279	49	3314	3378
1750402547.7642152	49	3328	3398
1750402552.776517	49	3344	3412
1750402557.7893627	50	3364	3421
1750402562.8037827	50	3382	3433
1750402567.8190675	50	3397	3448
1750402572.8344715	50	3415	3462
1750402577.8505492	50	3440	3476
1750402582.8649652	50	3459	3489
1750402587.8806393	51	3479	3503
1750402592.8958242	51	3493	3519
1750402597.9179819	51	3506	3534
1750402602.933529	51	3517	3548
1750402607.948275	51	3530	3558
1750402612.9641361	51	3539	3577
1750402617.9793127	51	3554	3593
1750402623.002471	51	3579	3610
1750402628.019221	51	3598	3626
1750402633.0345235	51	3609	3642
1750402638.0491605	51	3619	3653
1750402643.0650077	51	3632	3664
1750402648.0802104	51	3643	3676
1750402653.094722	51	3658	3691
1750402658.1091728	51	3666	3705
1750402663.124912	51	3672	3718
1750402668.1453393	51	3689	3732
1750402673.1605506	51	3703	3755
1750402678.1763208	51	3715	3768
1750402683.1921663	51	3729	3780
1750402688.2065263	51	3746	3796
1750402693.2210915	51	3759	3813
1750402698.2362123	51	3769	3830
1750402703.2511477	52	3783	3852
1750402708.2677448	52	3801	3863
1750402713.2889931	53	3814	3877
1750402718.3025973	53	3828	3899
1750402723.316672	53	3848	3915
1750402728.330776	54	3861	3922
1750402733.3455157	54	3875	3939
1750402738.360378	54	3881	3951
1750402743.3732474	54	3893	3964
1750402748.3879592	54	3908	3977
1750402753.4034352	54	3926	3989
1750402758.4181335	54	3938	3997
1750402763.433099	55	3952	4019
1750402768.446319	55	3967	4034
1750402773.460117	55	3978	4052
1750402778.4753506	55	3993	4059
1750402783.4906797	55	4005	4071
1750402788.506052	55	4020	4085
1750402793.5202727	56	4033	4097
1750402798.5345843	56	4051	4115
1750402803.5504339	56	4068	4130
1750402808.5718787	57	4082	4142
1750402813.5872502	57	4094	4155
1750402818.6030777	58	4111	4166
1750402823.618272	58	4120	4183
1750402828.6324599	58	4131	4198
1750402833.6478822	58	4149	4212
1750402838.662726	58	4161	4224
1750402843.6836274	58	4169	4237
1750402848.6981943	58	4182	4256
1750402853.712406	58	4203	4275
1750402858.7271051	58	4217	4287
1750402863.7438185	59	4229	4309
1750402868.7671683	59	4239	4316
1750402873.7819986	61	4252	4326
1750402878.7972705	61	4275	4339
1750402883.8120482	61	4287	4354
1750402888.8268108	62	4302	4381
1750402893.8411589	62	4318	4390
1750402898.8587706	63	4336	4407
1750402903.8712895	63	4350	4429
1750402908.8900187	63	4362	4441
1750402913.905243	63	4379	4454
1750402918.9208138	64	4389	4470
1750402923.9349072	64	4398	4487
1750402928.950501	65	4412	4509
1750402933.971858	65	4429	4522
1750402938.9860666	66	4439	4537
1750402944.0018468	68	4455	4556
1750402949.0173953	68	4470	4571
1750402954.0322669	68	4479	4584
1750402959.047493	68	4496	4598
1750402964.0648282	68	4510	4611
1750402969.0790966	69	4518	4627
1750402974.0969515	70	4530	4646
1750402979.1100962	70	4551	4655
1750402984.1241632	70	4567	4672
1750402989.1390445	70	4574	4689
1750402994.1568167	70	4591	4696
1750402999.1781173	70	4606	4705
1750403004.1937926	70	4614	4727
1750403009.2081165	71	4631	4742
1750403014.2206354	71	4641	4760
1750403019.235679	71	4650	4777
1750403024.2502077	71	4663	4790
1750403029.2684393	71	4677	4802
1750403034.2828648	71	4696	4825
1750403039.3043222	72	4711	4846
1750403044.3190587	73	4730	4858
1750403049.3341668	73	4744	4873
1750403054.346928	73	4762	4889
1750403059.3615131	73	4775	4901
1750403064.3792884	73	4785	4919
1750403069.3946314	73	4793	4928
1750403074.4096084	73	4807	4943
1750403079.4224906	73	4820	4962
1750403084.4376457	73	4828	4973
1750403089.4520483	73	4857	4987
1750403094.47234	73	4871	5001
1750403099.4865992	73	4879	5015
1750403104.5060644	73	4891	5031
1750403109.5206845	73	4907	5042
1750403114.5378344	73	4921	5057
1750403119.5527775	73	4939	5075
1750403124.5688367	73	4956	5095
1750403129.5825613	73	4975	5109
1750403134.5975614	73	4990	5120
1750403139.6123807	73	5000	5134
1750403144.627138	74	5020	5145
1750403149.6421304	74	5042	5161
1750403154.6565711	75	5053	5176
1750403159.6740327	75	5071	5191
1750403164.6884866	75	5077	5207
1750403169.7090738	76	5100	5228
1750403174.7234578	76	5111	5243
1750403179.7392256	77	5128	5260
1750403184.751981	78	5139	5279
1750403189.7647843	78	5151	5302
1750403194.7798102	78	5160	5324
1750403199.793747	78	5183	5341
1750403204.8058386	78	5202	5355
1750403209.8194878	78	5215	5371
1750403214.8327124	78	5235	5392
1750403219.8467135	78	5251	5408
1750403224.8611534	78	5262	5421
1750403229.8788934	78	5282	5434
1750403234.8932428	78	5291	5440
1750403239.9066358	78	5301	5451
1750403244.9209874	78	5312	5469
1750403249.9382582	78	5337	5483
1750403254.951136	78	5348	5499
1750403259.9690073	78	5357	5514
1750403264.9843938	78	5372	5526
1750403269.9977806	78	5389	5541
1750403275.0116324	78	5398	5555
1750403280.0252523	78	5417	5567
1750403285.0385756	78	5434	5577
1750403290.0511138	78	5442	5588
1750403295.0642962	78	5453	5600
1750403300.0818222	78	5467	5614
1750403305.0938942	79	5477	5623
1750403310.107529	80	5496	5642
1750403315.1211467	80	5508	5657
1750403320.1361518	81	5521	5677
1750403325.1503122	81	5538	5691
1750403330.1643677	81	5545	5717
1750403335.1773388	81	5555	5728
1750403340.1899204	83	5569	5742
1750403345.2023852	83	5580	5755
1750403350.2176523	83	5596	5768
1750403355.2387526	83	5609	5782
1750403360.2518957	83	5621	5793
1750403365.2646909	83	5639	5807
1750403370.2776735	84	5654	5819
1750403375.2900746	85	5663	5842
1750403380.3035624	85	5686	5853
1750403385.3169675	85	5701	5872
1750403390.3300886	85	5713	5889
1750403395.3434792	85	5723	5913
1750403400.3563707	85	5731	5927
1750403405.3700597	86	5748	5941
1750403410.3847337	86	5768	5957
1750403415.39903	86	5789	5969
1750403420.4125428	86	5799	5981
1750403425.427117	86	5810	5993
1750403430.4398963	86	5824	6009
1750403435.4529984	86	5835	6020
1750403440.466261	86	5856	6036
1750403445.4811058	86	5870	6048
1750403450.4951928	86	5884	6057
1750403455.5102644	86	5905	6073
1750403460.5232642	86	5919	6087
1750403465.5376778	87	5934	6101
1750403470.5505738	87	5949	6116
1750403475.5681705	87	5963	6129
1750403480.5809395	87	5974	6150
1750403485.5957692	87	5985	6166
1750403490.6091056	87	6002	6183
1750403495.622198	87	6011	6196
1750403500.6386092	87	6023	6211
1750403505.6513522	87	6031	6222
1750403510.6650455	87	6040	6239
1750403515.6785018	87	6054	6258
1750403520.6925063	87	6074	6271
1750403525.7054808	87	6089	6285
1750403530.7187474	87	6102	6296
1750403535.7315009	87	6115	6313
1750403540.7443054	87	6124	6322
1750403545.75704	87	6143	6335
1750403550.769141	87	6155	6345
1750403555.7819147	87	6166	6359
1750403560.7955825	87	6175	6374
1750403565.8100152	87	6192	6391
1750403570.8252163	87	6204	6409
1750403575.838866	87	6215	6425
1750403580.8527722	87	6229	6446
1750403585.8658342	87	6243	6457
1750403590.8783724	87	6264	6473
1750403595.893306	87	6276	6485
1750403600.9064891	87	6286	6497
1750403605.9191685	87	6301	6507
1750403610.9335706	88	6322	6524
1750403615.9482212	88	6336	6543
1750403620.96314	88	6349	6556
1750403625.9772737	88	6364	6569
1750403630.9904692	88	6382	6583
1750403636.0050488	88	6401	6600
1750403641.018633	88	6417	6617
1750403646.0326393	88	6425	6636
1750403651.0456538	88	6433	6655
1750403656.0593498	88	6444	6666
1750403661.0739932	88	6459	6688
1750403666.0891283	88	6473	6704
1750403671.10912	88	6483	6718
1750403676.121439	88	6501	6738
1750403681.1357791	88	6513	6750
1750403686.1498005	88	6524	6763
1750403691.164204	88	6535	6775
1750403696.177686	88	6553	6786
1750403701.1904573	88	6565	6801
1750403706.2060764	88	6575	6815
1750403711.2208967	88	6590	6828
1750403716.2359803	88	6599	6842
1750403721.2515986	88	6611	6854
1750403726.265114	88	6625	6869
1750403731.279172	88	6640	6887
1750403736.2936258	88	6656	6905
1750403741.3086693	88	6668	6917
1750403746.3318758	88	6685	6934
1750403751.3460083	88	6699	6946
1750403756.3630838	89	6717	6965
1750403761.376305	89	6728	6980
1750403766.3907957	90	6741	6999
1750403771.405611	90	6750	7009
1750403776.4186645	91	6764	7026
1750403781.432459	91	6776	7042
1750403786.4469197	92	6789	7063
1750403791.4601455	92	6794	7076
1750403796.474489	92	6816	7092
1750403801.4891226	92	6830	7108
1750403806.503042	92	6839	7118
1750403811.517655	92	6849	7130
1750403816.5324523	93	6865	7154
1750403821.5525403	93	6884	7170
1750403826.5687058	93	6896	7179
1750403831.5868127	93	6906	7196
1750403836.6004312	93	6923	7215
1750403841.6169167	93	6941	7233
1750403846.6309848	93	6962	7247
1750403851.6448746	93	6975	7260
1750403856.6622012	94	6988	7270
1750403861.6755385	94	7004	7287
1750403866.6883392	95	7025	7305
1750403871.702999	95	7041	7327
1750403876.7160392	95	7059	7348
1750403881.72991	95	7075	7361
1750403886.7525876	95	7090	7378
1750403891.7671676	96	7097	7395
1750403896.78661	96	7112	7411
1750403901.800182	96	7125	7428
1750403906.8154874	97	7143	7444
1750403911.8284976	97	7156	7453
1750403916.842181	97	7172	7469
1750403921.8560755	97	7188	7487
1750403926.8686907	97	7205	7505
1750403931.8819792	97	7214	7523
1750403936.896134	97	7232	7537
1750403941.9109032	97	7241	7549
1750403946.9252515	97	7253	7559
1750403951.9434385	97	7271	7578
1750403956.9575574	98	7287	7603
1750403961.9725335	99	7299	7615
1750403966.9884698	100	7317	7633
1750403972.0046895	100	7331	7651
1750403977.0197868	100	7348	7662
1750403982.0395138	100	7367	7670
1750403987.0547216	101	7385	7687
1750403992.0699358	101	7401	7702
1750403997.083303	101	7415	7726
1750404002.0973754	101	7433	7738
1750404007.1115727	101	7443	7749
1750404012.1322584	102	7455	7764
1750404017.152884	102	7470	7776
1750404022.1676223	102	7477	7795
1750404027.1821861	102	7491	7813
1750404032.196361	102	7504	7828
1750404037.2102952	102	7522	7846
1750404042.2245688	102	7534	7863
1750404047.2426	102	7541	7876
1750404052.2567098	102	7554	7890
1750404057.2751396	102	7569	7908
1750404062.289235	102	7583	7922
1750404067.3031597	102	7594	7938
1750404072.3169823	103	7603	7945
1750404077.3360095	103	7615	7957
1750404082.3567388	103	7625	7968
1750404087.3709812	103	7637	7975
1750404092.38434	103	7653	7992
1750404097.399983	103	7667	8003
1750404102.4147859	103	7684	8019
1750404107.4295092	103	7695	8029
1750404112.4436264	103	7705	8042
1750404117.457978	103	7721	8060
1750404122.4737751	103	7738	8068
1750404127.4877646	103	7757	8078
1750404132.5012538	103	7771	8099
1750404137.5150447	103	7786	8110
1750404142.528969	103	7805	8124
1750404147.5424147	103	7821	8140
1750404152.5565767	103	7839	8148
1750404157.5717998	103	7855	8164
1750404162.589182	103	7868	8182
1750404167.6035302	104	7885	8193
1750404172.6172655	104	7898	8209
1750404177.6314929	104	7914	8214
1750404182.6450882	104	7926	8225
1750404187.658885	104	7950	8243
1750404192.6729746	105	7966	8255
1750404197.6864822	105	7978	8269
1750404202.700355	105	7991	8286
1750404207.7144117	106	8002	8305
1750404212.7284446	106	8016	8320
1750404217.7420235	106	8033	8331
1750404222.7562351	106	8046	8345
1750404227.7706344	106	8065	8357
1750404232.7847898	107	8077	8371
1750404237.7995107	107	8090	8388
1750404242.8208308	107	8106	8391
1750404247.8343859	107	8119	8403
1750404252.848598	108	8138	8421
1750404257.8630497	108	8154	8438
1750404262.8780167	109	8164	8449
1750404267.8917208	109	8177	8467
1750404272.9058404	109	8190	8483
1750404277.9200249	110	8207	8505
1750404282.9352388	111	8227	8517
1750404287.9503298	111	8242	8531
1750404292.9652605	111	8249	8545
1750404297.9803019	111	8259	8564
1750404302.9959183	111	8275	8577
1750404308.0110629	111	8292	8586
1750404313.026772	112	8301	8599
1750404318.0426774	113	8315	8608
1750404323.0582993	114	8339	8626
1750404328.0724654	114	8357	8641
1750404333.0863543	114	8373	8656
1750404338.1000435	114	8382	8665
1750404343.113472	114	8406	8675
1750404348.1272943	114	8420	8687
1750404353.1408105	114	8434	8703
1750404358.1544378	114	8447	8711
1750404363.1682217	114	8466	8728
1750404368.1823995	114	8478	8750
1750404373.2002213	115	8495	8771
1750404378.2143786	115	8507	8785
1750404383.228304	115	8520	8794
1750404388.242516	115	8532	8802
1750404393.257092	115	8542	8820
1750404398.2709982	115	8560	8836
1750404403.2849472	115	8576	8849
1750404408.298519	115	8600	8872
1750404413.3123229	115	8617	8889
1750404418.3270142	115	8629	8897
1750404423.3417823	118	8648	8911
1750404428.3555868	118	8660	8926
1750404433.3692663	118	8670	8942
1750404438.384144	118	8682	8961
1750404443.4001276	118	8694	8976
1750404448.417438	118	8712	8999
1750404453.43661	118	8725	9013
1750404458.450654	118	8736	9030
1750404463.4647503	118	8752	9046
1750404468.4785304	118	8768	9063
1750404473.4925284	118	8790	9077
1750404478.506312	118	8805	9096
1750404483.5206876	118	8817	9110
1750404488.53531	118	8834	9124
1750404493.5498993	118	8845	9135
1750404498.5642428	118	8862	9150
1750404503.5784457	118	8875	9159
1750404508.5919802	118	8889	9173
1750404513.6060667	118	8907	9186
1750404518.6208317	118	8925	9199
1750404523.634866	118	8941	9215
1750404528.6550114	118	8957	9231
1750404533.6770747	118	8974	9249
1750404538.6916084	118	8985	9263
1750404543.7052808	118	8999	9281
1750404548.7193692	118	9014	9299
1750404553.7343214	120	9026	9313
1750404558.7507427	120	9036	9331
1750404563.768236	120	9053	9343
1750404568.7828798	120	9069	9357
1750404573.801905	120	9081	9370
1750404578.8169742	120	9100	9385
1750404583.8314533	121	9115	9402
1750404588.8462975	121	9135	9420
1750404593.8647616	121	9145	9441
1750404598.883759	121	9162	9458
1750404603.8997643	121	9171	9471
1750404608.9161139	121	9185	9484
1750404613.9315317	121	9197	9494
1750404618.9475482	121	9212	9515
1750404623.961867	122	9227	9529
1750404628.9797628	122	9238	9540
1750404633.994686	122	9252	9550
1750404639.013572	122	9264	9565
1750404644.028107	123	9288	9577
1750404649.0430825	123	9306	9596
1750404654.0589643	124	9324	9606
1750404659.0732403	124	9339	9622
1750404664.0932472	124	9348	9637
1750404669.1082065	124	9365	9653
1750404674.1230974	124	9380	9666
1750404679.1391644	124	9395	9680
1750404684.153555	124	9408	9693
1750404689.168864	124	9427	9708
1750404694.1866803	125	9442	9722
1750404699.2021632	125	9468	9743
1750404704.221534	125	9485	9753
1750404709.2371042	125	9497	9767
1750404714.2512348	125	9509	9776
1750404719.2667933	125	9525	9794
1750404724.281518	125	9541	9813
1750404729.2976112	125	9555	9826
1750404734.312761	125	9569	9845
1750404739.3288958	125	9584	9854
1750404744.3436813	125	9602	9879
1750404749.359853	125	9624	9891
1750404754.3759441	126	9642	9905
1750404759.3942428	127	9658	9919
1750404764.4095726	127	9675	9929
1750404769.4257884	127	9690	9949
1750404774.4415154	127	9705	9964
1750404779.4573994	127	9716	9976
1750404784.470987	127	9727	9986
1750404789.4951513	127	9746	10004
1750404794.5131588	128	9767	10015
1750404799.5281694	128	9783	10035
1750404804.5453765	128	9797	10055
1750404809.5619543	128	9815	10072
1750404814.5779977	128	9832	10083
1750404819.5943484	128	9840	10096
1750404824.6160097	128	9854	10111
1750404829.6331973	128	9864	10128
1750404834.6563087	128	9880	10148
1750404839.6736298	128	9901	10159
1750404844.6898637	129	9910	10177
1750404849.707016	129	9925	10190
1750404854.7232714	129	9946	10214
1750404859.73953	129	9956	10225
1750404864.7563643	129	9967	10240
1750404869.7806447	129	9983	10257
1750404874.8005784	130	9994	10268
1750404879.8172536	130	10005	10275
1750404884.833612	131	10018	10295
1750404889.8500347	132	10034	10312
1750404894.8668656	133	10049	10327
1750404899.8839521	133	10066	10344
1750404904.8993614	133	10082	10360
1750404909.9143813	133	10095	10380
1750404914.9337873	133	10113	10389
1750404919.9485457	133	10125	10398
1750404924.965619	133	10141	10417
1750404929.9806466	133	10157	10434
1750404934.9949348	133	10173	10448
1750404940.0127964	133	10186	10463
1750404945.0274978	133	10193	10477
1750404950.0421538	133	10206	10491
1750404955.0568147	133	10223	10510
1750404960.0713942	133	10237	10526
1750404965.0887551	133	10251	10542
1750404970.1037	133	10261	10560
1750404975.118744	133	10275	10572
1750404980.133662	133	10287	10592
1750404985.1490078	133	10303	10601
1750404990.1650856	133	10318	10609
1750404995.179621	134	10327	10627
1750405000.1946306	134	10339	10638
1750405005.2168262	134	10356	10649
1750405010.233014	135	10372	10666
1750405015.2489765	135	10388	10675
1750405020.2647634	135	10401	10697
1750405025.2806594	135	10414	10715
1750405030.2975965	136	10423	10723
1750405035.3139021	136	10433	10732
1750405040.3303235	136	10449	10751
1750405045.3472128	137	10466	10762
1750405050.368643	137	10482	10774
1750405055.384451	137	10501	10789
1750405060.4077682	137	10513	10805
1750405065.4252174	137	10522	10813
1750405070.4408789	138	10534	10831
1750405075.4578943	138	10556	10843
1750405080.475602	138	10564	10858
1750405085.4926121	138	10577	10866
1750405090.5100648	138	10589	10885
1750405095.5283303	138	10606	10898
1750405100.5457518	138	10622	10908
1750405105.5673692	138	10637	10924
1750405110.5838022	138	10651	10936
1750405115.599602	138	10665	10945
1750405120.6154444	138	10676	10956
1750405125.6327193	140	10693	10980
1750405130.6488607	140	10709	10997
1750405135.6664586	140	10723	11011
1750405140.6836083	140	10739	11025
1750405145.700556	141	10755	11046
1750405150.715637	141	10770	11062
1750405155.732147	141	10783	11069
1750405160.748632	141	10808	11080
1750405165.765309	142	10829	11090
1750405170.7820394	142	10853	11111
1750405175.799339	142	10860	11129
1750405180.817642	143	10879	11146
1750405185.8337927	143	10896	11158
1750405190.8507953	144	10913	11173
1750405195.8659995	144	10927	11188
1750405200.881642	144	10940	11204
1750405205.8984425	144	10948	11215
1750405210.9208164	144	10966	11231
1750405215.93576	144	10976	11241
1750405220.95578	145	10984	11256
1750405225.9705431	145	10996	11277
1750405230.9850838	145	11011	11294
1750405235.9997845	145	11037	11308
1750405241.0230806	145	11048	11325
1750405246.0466065	146	11070	11342
1750405251.0654562	147	11084	11358
1750405256.0820317	147	11098	11368
1750405261.0988343	147	11118	11383
1750405266.1149888	147	11131	11403
1750405271.132044	147	11140	11423
1750405276.1505184	147	11147	11432
1750405281.167495	147	11155	11443
1750405286.1867175	147	11170	11448
1750405291.2018678	147	11181	11456
1750405296.2185972	147	11199	11467
1750405301.2358987	148	11215	11481
1750405306.2530243	148	11229	11492
1750405311.2730749	148	11245	11503
1750405316.2880213	148	11255	11514
1750405321.3046644	148	11263	11530
1750405326.3212242	148	11283	11548
1750405331.3387253	148	11298	11561
1750405336.3558607	148	11314	11575
1750405341.3745074	148	11329	11585
1750405346.3911896	148	11341	11604
1750405351.4127183	150	11361	11619
1750405356.431144	150	11371	11637
1750405361.4485621	150	11385	11657
1750405366.4638722	150	11398	11680
1750405371.478919	150	11409	11697
1750405376.4958537	150	11423	11708
1750405381.5127478	150	11436	11718
1750405386.5299566	151	11444	11731
1750405391.545511	151	11463	11750
1750405396.5614688	151	11477	11770
1750405401.5780823	151	11491	11782
1750405406.595078	151	11499	11799
1750405411.611658	151	11514	11815
1750405416.635544	152	11525	11826
1750405421.652275	152	11537	11848
1750405426.6708996	152	11548	11863
1750405431.6885796	152	11560	11880
1750405436.7057316	152	11573	11890
1750405441.723777	152	11588	11901
1750405446.7412333	153	11605	11915
1750405451.7588966	153	11614	11932
1750405456.7768826	153	11628	11942
1750405461.7996264	154	11648	11959
1750405466.8174431	154	11666	11974
1750405471.8363533	154	11673	11987
1750405476.8537772	154	11690	12002
1750405481.8722107	154	11710	12015
1750405486.8931658	154	11728	12027
1750405491.9104438	154	11745	12039
1750405496.9330173	154	11762	12057
1750405501.9498355	154	11778	12075
1750405506.969021	154	11795	12089
1750405511.9862766	154	11807	12100
1750405517.0026813	156	11822	12110
1750405522.0195627	156	11836	12126
1750405527.035873	156	11851	12145
1750405532.0530653	156	11867	12158
1750405537.0692368	156	11880	12163
1750405542.0864542	156	11899	12179
1750405547.1026738	156	11909	12195
1750405552.1213145	156	11919	12204
1750405557.1372936	156	11933	12213
1750405562.1519396	157	11946	12225
1750405567.1659913	157	11964	12245
1750405572.1801996	157	11980	12250
1750405577.1944728	157	11990	12263
1750405582.2086499	157	12007	12278
1750405587.2227123	157	12019	12293
1750405592.2370524	157	12034	12305
1750405597.2538977	157	12052	12319
1750405602.274226	157	12074	12339
1750405607.2886145	157	12092	12354
1750405612.3026524	157	12108	12365
1750405617.3178985	157	12128	12378
1750405622.3328948	157	12150	12393
1750405627.3493543	157	12165	12411
1750405632.363327	158	12181	12424
1750405637.3809366	159	12199	12433
1750405642.3960543	159	12210	12445
1750405647.4128728	161	12224	12458
1750405652.4285414	161	12242	12471
1750405657.4442647	161	12253	12485
1750405662.4596088	161	12270	12501
1750405667.4757755	161	12284	12512
1750405672.4911177	161	12300	12520
1750405677.507015	161	12314	12531
1750405682.5297077	161	12325	12543
1750405687.5463686	163	12342	12562
1750405692.56245	163	12352	12574
1750405697.579523	163	12369	12585
1750405702.6026962	165	12387	12602
1750405707.6183398	165	12398	12613
1750405712.6329894	165	12414	12626
1750405717.6495523	165	12424	12638
1750405722.665651	165	12442	12653
1750405727.6822243	165	12457	12669
1750405732.7010844	165	12478	12679
1750405737.717193	165	12486	12690
1750405742.7347915	165	12503	12707
1750405747.7515473	165	12519	12722
1750405752.769121	165	12534	12739
1750405757.784974	165	12548	12753
1750405762.8015954	165	12561	12773
1750405767.8212538	165	12574	12787
1750405772.8368025	165	12592	12801
1750405777.85236	165	12611	12819
1750405782.867414	166	12632	12829
1750405787.88432	166	12647	12844
1750405792.9006703	166	12657	12862
1750405797.9217193	167	12670	12873
1750405802.9383538	167	12688	12887
1750405807.9532578	167	12700	12903
1750405812.968024	167	12716	12921
1750405817.9828146	167	12728	12933
1750405822.997397	167	12737	12952
1750405828.0155556	167	12747	12966
1750405833.039324	167	12760	12978
1750405838.0556238	167	12774	12999
1750405843.0707393	167	12789	13012
1750405848.0878236	167	12801	13028
1750405853.1033368	169	12819	13043
1750405858.1213794	169	12826	13057
1750405863.1376154	169	12844	13073
1750405868.1535766	169	12865	13088
1750405873.1705873	169	12874	13098
1750405878.188012	170	12890	13116
1750405883.2045364	170	12902	13129
1750405888.227902	170	12922	13143
1750405893.2500975	170	12933	13161
1750405898.2662344	171	12944	13180
1750405903.284838	171	12961	13195
1750405908.3009472	171	12978	13213
1750405913.316802	171	12988	13231
1750405918.333098	171	13006	13241
1750405923.353277	171	13024	13252
1750405928.368495	171	13039	13262
1750405933.3919902	171	13049	13274
1750405938.4072719	171	13063	13294
1750405943.424022	171	13083	13310
1750405948.4440105	171	13100	13321
1750405953.4604967	173	13119	13337
1750405958.4789321	173	13125	13351
1750405963.4973323	173	13145	13367
1750405968.5136545	175	13161	13382
1750405973.5296795	176	13184	13399
1750405978.546649	176	13201	13412
1750405983.562297	176	13223	13429
1750405988.5819826	176	13234	13445
1750405993.5995278	176	13247	13464
1750405998.6185718	176	13259	13468
1750406003.6355426	176	13274	13482
1750406008.652409	176	13286	13497
1750406013.668817	176	13303	13512
1750406018.6841176	176	13327	13525
1750406023.7004025	176	13333	13539
1750406028.715942	176	13351	13548
1750406033.7308173	176	13363	13559
1750406038.7490237	177	13377	13571
1750406043.7651403	178	13391	13593
1750406048.7811804	178	13402	13606
1750406053.7975	178	13414	13625
1750406058.8125308	178	13422	13637
1750406063.8386402	178	13441	13655
1750406068.8544536	178	13454	13675
1750406073.871617	178	13463	13692
1750406078.8868577	178	13481	13705
1750406083.9025068	179	13494	13716
1750406088.920648	179	13510	13732
1750406093.9367967	179	13525	13749
1750406098.9535503	179	13539	13765
1750406103.970938	179	13549	13782
1750406108.9891095	180	13562	13802
1750406114.0053945	181	13571	13817
1750406119.0227556	181	13585	13827
1750406124.0416543	181	13600	13840
1750406129.058549	181	13608	13850
1750406134.08422	181	13625	13865
1750406139.0996013	181	13642	13876
1750406144.1215236	182	13658	13889
1750406149.1381342	182	13677	13904
1750406154.154512	182	13700	13914
1750406159.1691177	182	13714	13926
1750406164.183795	183	13727	13938
1750406169.201334	183	13739	13952
1750406174.2164257	183	13750	13970
1750406179.2328243	183	13760	13981
1750406184.2476091	183	13770	13996
1750406189.2630284	183	13785	14013
1750406194.277462	183	13800	14027
1750406199.292106	184	13817	14045
1750406204.3068213	184	13828	14055
1750406209.3214765	184	13837	14076
1750406214.3361902	185	13843	14092
1750406219.3508744	185	13855	14110
1750406224.3656151	185	13872	14126
1750406229.3803744	186	13889	14143
1750406234.3947077	186	13902	14158
1750406239.4093368	186	13910	14168
1750406244.4268515	186	13932	14183
1750406249.4476585	186	13950	14192
1750406254.4622767	186	13962	14204
1750406259.4768476	187	13980	14216
1750406264.4915187	187	13991	14234
1750406269.5061493	187	14002	14244
1750406274.5219214	187	14015	14257
1750406279.5370915	187	14026	14271
1750406284.55164	187	14035	14283
1750406289.5666537	187	14043	14302
1750406294.581983	188	14064	14319
1750406299.59613	188	14077	14331
1750406304.6105525	188	14089	14346
1750406309.6249635	188	14100	14357
1750406314.6394925	188	14111	14376
1750406319.6534655	188	14124	14387
1750406324.6732285	188	14142	14398
1750406329.694933	188	14157	14415
1750406334.7089493	188	14165	14429
1750406339.723067	188	14182	14447
1750406344.737219	188	14203	14457
1750406349.7513006	188	14223	14474
1750406354.7655578	188	14238	14488
1750406359.7799098	188	14251	14497
1750406364.793973	188	14270	14511
1750406369.8079102	188	14282	14520
1750406374.8219752	188	14295	14531
1750406379.8383205	188	14311	14548
1750406384.8537385	188	14327	14564
1750406389.8678756	188	14344	14576
1750406394.8825457	188	14361	14587
1750406399.897357	189	14370	14601
1750406404.9119127	189	14385	14618
1750406409.9259226	189	14390	14630
1750406414.9399462	189	14403	14647
1750406419.9541001	189	14415	14663
1750406424.9759219	189	14440	14674
1750406429.990065	189	14455	14696
1750406435.0040038	189	14471	14705
1750406440.0184221	189	14487	14718
1750406445.0326853	190	14503	14741
1750406450.047107	191	14518	14756
1750406455.0611334	191	14540	14769
1750406460.0754492	191	14560	14784
1750406465.0903366	191	14574	14792
1750406470.1047392	191	14585	14816
1750406475.120907	192	14594	14828
1750406480.1351678	192	14609	14838
1750406485.1494725	193	14625	14853
1750406490.1638474	194	14634	14865
1750406495.177949	194	14641	14877
1750406500.193913	194	14653	14883
1750406505.2081034	194	14668	14897
1750406510.2268405	194	14679	14911
1750406515.2413993	194	14691	14923
1750406520.2560644	194	14709	14937
1750406525.2706065	195	14728	14950
1750406530.28826	195	14734	14963
1750406535.3027403	195	14754	14974
1750406540.3168032	195	14764	14988
1750406545.3308358	195	14774	15005
1750406550.3450575	196	14793	15018
1750406555.3596165	196	14805	15038
1750406560.3740742	196	14820	15056
1750406565.3886085	196	14836	15069
1750406570.4101448	196	14853	15079
1750406575.4244382	197	14868	15092
1750406580.4388263	198	14880	15106
1750406585.4530163	198	14901	15118
1750406590.4674225	198	14921	15134
1750406595.4817853	198	14934	15149
1750406600.495907	198	14952	15162
1750406605.5102344	198	14960	15170
1750406610.524483	198	14968	15181
1750406615.5418527	198	14984	15198
1750406620.5635433	198	14998	15212
1750406625.578037	198	15011	15226
1750406630.5923574	198	15029	15241
1750406635.606364	198	15047	15264
1750406640.6205504	198	15061	15279
1750406645.6379213	198	15079	15297
1750406650.6523707	198	15095	15317
1750406655.667849	198	15110	15332
1750406660.6817756	198	15131	15348
1750406665.6982687	198	15139	15362
1750406670.7126186	198	15158	15379
1750406675.7323987	198	15178	15388
1750406680.7466488	198	15186	15403
1750406685.7610424	198	15197	15425
1750406690.7754211	198	15215	15433
1750406695.7898636	198	15226	15444
1750406700.8039367	198	15237	15459
1750406705.8182986	198	15251	15476
1750406710.8326104	198	15266	15490
1750406715.8470726	199	15282	15504
1750406720.8616066	199	15299	15518
1750406725.8755682	199	15317	15532
1750406730.8897505	199	15333	15541
1750406735.903922	199	15344	15555
1750406740.9244509	199	15354	15569
1750406745.9385705	199	15362	15587
1750406750.9528918	199	15373	15599
1750406755.967152	199	15402	15615
1750406760.9812038	199	15412	15629
1750406765.9954476	199	15427	15646
1750406771.0097961	200	15442	15658
1750406776.023846	200	15459	15676
1750406781.0417435	200	15475	15688
1750406786.0559914	200	15489	15705
1750406791.0701923	200	15506	15713
1750406796.0843287	200	15520	15730
1750406801.0985506	200	15533	15739
1750406806.1131325	200	15557	15756
1750406811.127757	201	15569	15769
1750406816.1458461	201	15590	15789
1750406821.1601143	202	15609	15811
1750406826.1743946	202	15627	15823
1750406831.1895301	202	15643	15836
1750406836.2039297	204	15659	15858
1750406841.2182894	204	15673	15875
1750406846.2327492	204	15689	15888
1750406851.2472272	204	15700	15914
1750406856.2611556	204	15711	15929
1750406861.275274	204	15729	15951
1750406866.2893374	204	15736	15966
1750406871.3033783	204	15746	15977
1750406876.3254392	204	15763	15991
1750406881.3396335	204	15780	16009
1750406886.353808	204	15791	16019
1750406891.3681455	204	15807	16032
1750406896.3822896	204	15823	16043
1750406901.3965433	204	15836	16063
1750406906.4105873	204	15857	16081
1750406911.4247372	204	15868	16096
1750406916.4391882	204	15876	16109
1750406921.4570973	204	15893	16122
1750406926.4710279	204	15905	16142
1750406931.4860883	204	15917	16149
1750406936.5003943	205	15930	16164
1750406941.5148325	205	15942	16179
1750406946.528897	205	15953	16194
1750406951.5467062	206	15972	16213
1750406956.5607548	206	15985	16222
1750406961.5807118	206	15996	16236
1750406966.5947998	207	16011	16250
1750406971.6097393	207	16032	16261
1750406976.6282759	207	16043	16275
1750406981.6427848	208	16056	16293
1750406986.6570978	208	16069	16308
1750406991.6713066	208	16079	16322
1750406996.6853046	208	16091	16332
1750407001.6993666	208	16107	16348
1750407006.7134955	208	16125	16357
1750407011.727804	208	16136	16369
1750407016.741856	208	16149	16386
1750407021.7619758	208	16165	16397
1750407026.776234	208	16181	16411
1750407031.7903597	208	16191	16429
1750407036.8042042	208	16211	16448
1750407041.8184695	209	16226	16465
1750407046.8330274	209	16233	16479
1750407051.8476539	209	16250	16500
1750407056.8617508	209	16265	16516
1750407061.8757484	209	16279	16523
1750407066.8959029	209	16294	16533
1750407071.9162192	210	16309	16547
1750407076.9303617	210	16322	16560
1750407081.944663	210	16348	16571
1750407086.9589522	210	16363	16586
1750407091.9734354	211	16378	16600
1750407096.9904902	211	16393	16619
1750407102.0048795	212	16411	16631
1750407107.0244663	212	16428	16645
1750407112.0389514	212	16437	16657
1750407117.0531213	212	16453	16671
1750407122.0675611	212	16471	16686
1750407127.0859473	212	16480	16704
1750407132.1002219	212	16490	16713
1750407137.1145487	212	16502	16733
1750407142.12889	212	16520	16751
1750407147.1512697	212	16540	16769
1750407152.1733854	212	16558	16780
1750407157.1877637	212	16570	16796
1750407162.2021258	212	16590	16810
1750407167.216624	212	16600	16821
1750407172.231075	212	16609	16836
1750407177.2451289	212	16624	16853
1750407182.25942	212	16646	16867
1750407187.2745848	213	16667	16885
1750407192.288666	214	16684	16912
1750407197.3026373	214	16696	16929
1750407202.318733	214	16712	16944
1750407207.3327768	214	16725	16955
1750407212.3471131	214	16736	16969
1750407217.361502	215	16756	16981
1750407222.3757923	215	16767	16992
1750407227.3957021	215	16777	17006
1750407232.4100728	215	16790	17022
1750407237.424169	215	16808	17035
1750407242.4383624	215	16824	17044
1750407247.4525137	215	16840	17062
1750407252.4667125	215	16857	17075
1750407257.48786	215	16870	17083
1750407262.5022473	215	16884	17094
1750407267.516654	215	16893	17111
1750407272.5309718	216	16913	17121
1750407277.5453842	216	16930	17132
1750407282.5599945	216	16949	17148
1750407287.5743442	216	16971	17167
1750407292.5885131	216	16984	17185
1750407297.6039827	216	16993	17199
1750407302.618446	216	17003	17215
1750407307.6327946	216	17023	17226
1750407312.6475334	216	17042	17242
1750407317.6625466	218	17053	17258
1750407322.676879	218	17072	17276
1750407327.6912315	218	17086	17286
1750407332.7079456	218	17101	17295
1750407337.7221878	218	17111	17305
1750407342.7369783	218	17130	17315
1750407347.7567909	218	17140	17334
1750407352.771819	218	17155	17344
1750407357.7861896	218	17174	17357
1750407362.8007088	218	17184	17372
1750407367.8148453	218	17202	17393
1750407372.8290915	218	17218	17407
1750407377.8431187	218	17236	17425
1750407382.8573656	218	17245	17441
1750407387.8714578	218	17260	17454
1750407392.8920937	218	17279	17476
1750407397.9059994	218	17300	17490
1750407402.9202363	218	17314	17501
1750407407.9346855	218	17332	17515
1750407412.9491587	218	17345	17529
1750407417.9633093	219	17357	17548
