1750390702.4696114	0	22	37
1750390707.4883883	0	25	45
1750390712.5013669	0	28	58
1750390717.5132918	0	37	79
1750390722.5265682	0	44	87
1750390727.5391512	0	53	92
1750390732.5523775	0	63	106
1750390737.5655785	0	73	114
1750390742.5789444	0	85	131
1750390747.5927207	0	100	144
1750390752.6067498	0	106	153
1750390757.6251397	0	115	163
1750390762.6433842	1	124	180
1750390767.6567464	1	130	194
1750390772.6701188	1	138	208
1750390777.683314	1	150	217
1750390782.6961763	2	159	228
1750390787.7109098	2	167	234
1750390792.7244225	2	172	254
1750390797.74284	2	180	264
1750390802.7557101	2	185	279
1750390807.7708	2	191	285
1750390812.7828832	2	192	296
1750390817.7956567	2	197	310
1750390822.8088245	2	211	326
1750390827.8212557	2	220	339
1750390832.8341846	2	231	348
1750390837.8461049	2	239	358
1750390842.8574324	2	244	367
1750390847.8688216	2	252	381
1750390852.8801055	3	258	395
1750390857.8911693	3	270	403
1750390862.9028177	4	286	418
1750390867.9138985	4	295	425
1750390872.9248652	5	305	440
1750390877.9364986	5	315	450
1750390882.9557292	6	329	460
1750390887.9667482	6	333	475
1750390892.9789336	6	346	491
1750390897.990624	7	356	505
1750390903.0037837	7	361	517
1750390908.0158527	7	370	528
1750390913.029114	7	378	538
1750390918.041516	7	386	544
1750390923.053921	7	396	559
1750390928.0672746	8	403	572
1750390933.0792344	8	410	587
1750390938.0933352	8	420	596
1750390943.1047418	8	422	608
1750390948.1258142	8	429	622
1750390953.1393006	8	437	635
1750390958.1535382	8	446	647
1750390963.1683674	9	457	661
1750390968.1818035	9	464	677
1750390973.195746	9	472	688
1750390978.2093434	9	480	701
1750390983.2240877	9	493	714
1750390988.2372918	9	499	726
1750390993.2504282	9	507	738
1750390998.2644482	9	511	754
1750391003.2831514	9	515	763
1750391008.2942407	9	523	773
1750391013.3076684	9	530	785
1750391018.3216524	10	539	793
1750391023.3353453	10	546	805
1750391028.3489037	10	557	814
1750391033.3604975	10	563	822
1750391038.3728175	10	568	834
1750391043.386235	10	574	848
1750391048.3993542	10	581	858
1750391053.4134898	10	587	873
1750391058.426966	11	598	887
1750391063.440576	12	608	895
1750391068.4612749	12	615	901
1750391073.4757092	13	626	905
1750391078.4892964	14	637	918
1750391083.5022767	14	650	932
1750391088.5160758	14	659	945
1750391093.529936	14	665	959
1750391098.5441103	14	672	972
1750391103.5576751	14	682	993
1750391108.5707119	14	692	1003
1750391113.584725	14	699	1013
1750391118.5991857	14	711	1025
1750391123.6130695	14	716	1038
1750391128.626568	14	720	1046
1750391133.6408637	15	728	1061
1750391138.6629324	16	737	1078
1750391143.6769993	16	746	1095
1750391148.6906872	16	749	1107
1750391153.7052023	16	756	1116
1750391158.7196994	16	761	1123
1750391163.7320876	16	767	1131
1750391168.7454247	16	773	1140
1750391173.7604673	17	785	1152
1750391178.7745914	18	798	1163
1750391183.7887518	18	802	1174
1750391188.8020482	19	807	1185
1750391193.8168774	19	828	1193
1750391198.8312395	19	838	1205
1750391203.8434358	19	847	1217
1750391208.8572946	19	856	1228
1750391213.8719828	19	864	1239
1750391218.8842287	19	879	1252
1750391223.900022	19	885	1269
1750391228.9120336	19	893	1284
1750391233.9258356	19	904	1292
1750391238.9405525	19	913	1303
1750391243.953024	19	920	1318
1750391248.9675817	19	923	1331
1750391253.9818287	19	931	1350
1750391258.9969718	19	940	1368
1750391264.018036	20	948	1382
1750391269.0313647	20	959	1396
1750391274.0530348	20	969	1402
1750391279.0676186	20	982	1416
1750391284.081468	20	988	1424
1750391289.0950003	20	995	1435
1750391294.1079266	21	1002	1445
1750391299.122423	21	1009	1454
1750391304.142275	22	1019	1473
1750391309.1568644	22	1032	1483
1750391314.1719875	22	1040	1495
1750391319.1850777	24	1055	1506
1750391324.1995604	24	1063	1516
1750391329.2142735	24	1073	1530
1750391334.2293406	24	1081	1540
1750391339.2443697	25	1092	1550
1750391344.258078	26	1106	1569
1750391349.273285	26	1111	1580
1750391354.287915	26	1117	1588
1750391359.3023214	26	1125	1602
1750391364.3166323	26	1131	1608
1750391369.3297706	26	1142	1620
1750391374.3433933	26	1156	1629
1750391379.357802	26	1170	1643
1750391384.3726687	26	1181	1653
1750391389.3868845	26	1190	1663
1750391394.401163	26	1196	1672
1750391399.4160252	26	1202	1684
1750391404.4307747	26	1214	1697
1750391409.4446342	26	1220	1708
1750391414.4592874	27	1227	1720
1750391419.474179	28	1233	1732
1750391424.4894567	28	1241	1748
1750391429.5050356	28	1247	1763
1750391434.5196807	28	1253	1774
1750391439.5341208	29	1267	1784
1750391444.5490263	29	1275	1800
1750391449.5638099	29	1280	1818
1750391454.5781245	29	1284	1830
1750391459.6009593	29	1297	1844
1750391464.6170776	29	1305	1853
1750391469.6295855	29	1311	1859
1750391474.643669	29	1322	1875
1750391479.656257	29	1330	1885
1750391484.6706014	30	1339	1903
1750391489.6852043	31	1344	1912
1750391494.6989145	31	1354	1919
1750391499.7134736	32	1358	1930
1750391504.728668	32	1365	1939
1750391509.7428353	32	1368	1954
1750391514.758239	32	1375	1965
1750391519.7730298	32	1383	1972
1750391524.7863212	32	1396	1985
1750391529.806283	32	1401	1993
1750391534.820892	32	1408	2009
1750391539.835907	32	1413	2024
1750391544.8534372	33	1423	2042
1750391549.8686118	33	1430	2049
1750391554.8826108	34	1442	2062
1750391559.8972692	34	1448	2075
1750391564.9123712	34	1457	2083
1750391569.9278479	35	1461	2096
1750391574.9444506	35	1471	2101
1750391579.9596121	35	1480	2113
1750391584.974407	35	1488	2128
1750391589.9894469	36	1495	2144
1750391595.0020876	37	1506	2159
1750391600.0159655	37	1515	2165
1750391605.0317981	37	1522	2172
1750391610.0464284	37	1529	2186
1750391615.0612605	37	1533	2195
1750391620.0751147	37	1545	2208
1750391625.0899107	37	1552	2224
1750391630.1045442	37	1559	2232
1750391635.1201818	37	1564	2240
1750391640.133646	37	1573	2249
1750391645.1457267	37	1582	2256
1750391650.1601942	37	1588	2264
1750391655.175594	37	1598	2275
1750391660.190086	37	1606	2289
1750391665.204924	37	1612	2293
1750391670.2179978	37	1626	2307
1750391675.2383914	37	1631	2322
1750391680.2536411	37	1646	2336
1750391685.2681928	37	1662	2350
1750391690.28209	37	1674	2358
1750391695.295191	38	1686	2376
1750391700.3086987	38	1702	2385
1750391705.3262794	39	1717	2400
1750391710.3416412	39	1725	2424
1750391715.356218	40	1734	2442
1750391720.3708682	40	1747	2454
1750391725.3858235	40	1759	2465
1750391730.400804	40	1771	2478
1750391735.4156828	40	1776	2500
1750391740.4306014	40	1786	2514
1750391745.4489691	40	1798	2524
1750391750.462852	41	1811	2536
1750391755.485226	41	1825	2548
1750391760.4982846	41	1838	2560
1750391765.512529	42	1849	2578
1750391770.528174	42	1858	2592
1750391775.5430276	42	1871	2602
1750391780.5581536	42	1887	2613
1750391785.5733554	42	1899	2623
1750391790.594266	43	1913	2640
1750391795.6116502	43	1926	2653
1750391800.627281	44	1937	2667
1750391805.6398118	44	1951	2675
1750391810.6543221	44	1961	2692
1750391815.669769	44	1969	2712
1750391820.686896	44	1977	2722
1750391825.701986	45	1988	2737
1750391830.7158494	45	1998	2749
1750391835.731655	45	2008	2761
1750391840.7465725	46	2015	2773
1750391845.761519	47	2028	2793
1750391850.7769332	47	2038	2805
1750391855.7900262	48	2049	2814
1750391860.804924	48	2058	2834
1750391865.8237545	48	2066	2850
1750391870.83801	48	2080	2864
1750391875.852164	48	2091	2884
1750391880.8655245	48	2101	2894
1750391885.8792384	48	2115	2908
1750391890.893305	49	2129	2932
1750391895.9089704	49	2137	2946
1750391900.9235125	49	2148	2961
1750391905.9468095	49	2157	2968
1750391910.9620087	49	2167	2979
1750391915.983969	49	2177	2996
1750391920.9979887	49	2185	3008
1750391926.012342	50	2199	3027
1750391931.0286167	51	2208	3038
1750391936.0431428	51	2222	3047
1750391941.058173	52	2236	3066
1750391946.072788	54	2249	3079
1750391951.089252	55	2268	3097
1750391956.102536	55	2276	3111
1750391961.1158895	55	2287	3120
1750391966.1307244	55	2299	3134
1750391971.145651	55	2316	3149
1750391976.162597	55	2322	3162
1750391981.1753285	55	2332	3177
1750391986.189412	55	2340	3188
1750391991.2044778	55	2353	3209
1750391996.2188501	55	2365	3223
1750392001.2352126	56	2385	3236
1750392006.25055	56	2403	3252
1750392011.2663107	56	2415	3268
1750392016.2811768	56	2428	3279
1750392021.2956612	56	2443	3289
1750392026.3098319	56	2451	3304
1750392031.324663	57	2463	3322
1750392036.338988	57	2475	3335
1750392041.3541236	58	2483	3345
1750392046.3693316	58	2492	3360
1750392051.3843982	58	2506	3369
1750392056.3994088	58	2517	3385
1750392061.413796	58	2530	3398
1750392066.4282496	59	2547	3413
1750392071.4436066	60	2557	3424
1750392076.4583285	60	2563	3440
1750392081.472936	61	2576	3456
1750392086.488468	61	2592	3473
1750392091.5025043	61	2604	3483
1750392096.5167198	61	2614	3496
1750392101.5309367	61	2624	3508
1750392106.5456283	61	2630	3514
1750392111.5666869	61	2644	3528
1750392116.5876513	61	2657	3535
1750392121.601576	61	2668	3549
1750392126.6165788	62	2684	3565
1750392131.6318705	62	2694	3579
1750392136.647138	63	2706	3593
1750392141.6619375	64	2716	3602
1750392146.6764562	64	2727	3609
1750392151.6916406	64	2738	3626
1750392156.7067935	64	2749	3639
1750392161.7217023	64	2767	3652
1750392166.73445	65	2778	3665
1750392171.7491653	65	2795	3674
1750392176.7639978	65	2811	3685
1750392181.7786603	65	2818	3703
1750392186.7936437	65	2829	3711
1750392191.8107786	65	2840	3724
1750392196.8305774	65	2849	3734
1750392201.8456013	65	2861	3751
1750392206.8600879	65	2874	3762
1750392211.8736396	65	2888	3773
1750392216.8862963	65	2898	3786
1750392221.900475	66	2915	3810
1750392226.9159646	66	2928	3822
1750392231.930945	66	2942	3839
1750392236.9462402	66	2955	3846
1750392241.95913	66	2967	3862
1750392246.9732962	66	2977	3882
1750392251.9880397	66	2984	3896
1750392257.0032356	66	3000	3907
1750392262.0184724	66	3012	3915
1750392267.031462	66	3018	3931
1750392272.0458863	66	3025	3942
1750392277.0607457	66	3038	3955
1750392282.0749943	66	3056	3960
1750392287.0904112	66	3069	3971
1750392292.1054878	67	3082	3987
1750392297.1198864	67	3091	4008
1750392302.1340504	68	3110	4028
1750392307.1564605	68	3122	4038
1750392312.172168	68	3135	4053
1750392317.189258	68	3138	4066
1750392322.2040982	69	3148	4080
1750392327.2197154	69	3163	4096
1750392332.235464	70	3177	4109
1750392337.2507463	70	3188	4123
1750392342.2639475	70	3200	4135
1750392347.2797983	70	3211	4153
1750392352.2948165	71	3225	4165
1750392357.309911	71	3235	4177
1750392362.3251584	71	3243	4190
1750392367.3388414	71	3256	4201
1750392372.3538272	71	3268	4212
1750392377.3686848	72	3286	4225
1750392382.3829813	72	3295	4244
1750392387.4036717	72	3311	4256
1750392392.417997	72	3325	4275
1750392397.4389694	72	3330	4289
1750392402.453988	72	3338	4300
1750392407.4665709	72	3344	4326
1750392412.4826305	73	3359	4338
1750392417.4965458	75	3370	4360
1750392422.5116155	75	3383	4379
1750392427.527361	75	3397	4395
1750392432.5497398	75	3405	4407
1750392437.5697634	75	3412	4430
1750392442.5845573	75	3426	4437
1750392447.5997617	75	3439	4455
1750392452.6140594	75	3454	4467
1750392457.6284928	75	3465	4483
1750392462.6431835	75	3483	4498
1750392467.656047	76	3493	4516
1750392472.670175	77	3506	4526
1750392477.6895049	77	3520	4536
1750392482.7042646	77	3530	4547
1750392487.7199726	77	3547	4560
1750392492.735318	78	3558	4572
1750392497.749996	79	3572	4585
1750392502.7645602	79	3579	4602
1750392507.7850375	79	3596	4615
1750392512.8076618	79	3607	4631
1750392517.826721	80	3615	4645
1750392522.8415253	80	3634	4660
1750392527.8564656	80	3645	4672
1750392532.8711562	80	3654	4691
1750392537.8859076	80	3666	4703
1750392542.9011374	80	3674	4710
1750392547.9151156	80	3690	4722
1750392552.9303684	80	3698	4738
1750392557.9456873	80	3704	4752
1750392562.9614437	81	3713	4765
1750392567.9757087	81	3726	4776
1750392572.9893813	81	3742	4786
1750392578.0040884	82	3753	4804
1750392583.0191953	82	3765	4818
1750392588.0338333	82	3776	4828
1750392593.0490363	82	3792	4845
1750392598.0664873	82	3806	4861
1750392603.0820458	82	3818	4874
1750392608.0971146	83	3827	4883
1750392613.1114905	83	3837	4902
1750392618.1261685	84	3847	4915
1750392623.140938	85	3861	4928
1750392628.155671	85	3869	4935
1750392633.1703978	85	3877	4951
1750392638.1847997	85	3889	4963
1750392643.2002783	85	3903	4981
1750392648.2159574	86	3913	4994
1750392653.2305634	86	3925	5016
1750392658.2444155	86	3936	5025
1750392663.266046	86	3949	5036
1750392668.280904	86	3966	5043
1750392673.2948189	86	3971	5057
1750392678.3094964	86	3977	5073
1750392683.32462	86	3993	5088
1750392688.3400931	87	4004	5102
1750392693.3551705	87	4018	5117
1750392698.37083	87	4029	5129
1750392703.38545	88	4045	5152
1750392708.4004564	88	4058	5160
1750392713.4163766	88	4074	5174
1750392718.4307485	88	4086	5188
1750392723.445272	88	4094	5202
1750392728.4621778	88	4106	5209
1750392733.4774947	88	4114	5224
1750392738.4932446	89	4122	5237
1750392743.5082757	90	4141	5260
1750392748.5223198	90	4154	5267
1750392753.5376637	90	4168	5283
1750392758.5524158	90	4184	5297
1750392763.567776	90	4198	5307
1750392768.5826304	90	4210	5317
1750392773.5981195	90	4222	5335
1750392778.613688	90	4232	5347
1750392783.6284683	91	4240	5362
1750392788.6433322	91	4249	5376
1750392793.6608486	91	4266	5387
1750392798.675996	91	4276	5399
1750392803.690052	92	4285	5409
1750392808.7028947	93	4300	5422
1750392813.7172055	93	4308	5435
1750392818.7325354	93	4316	5445
1750392823.7466073	93	4327	5463
1750392828.7610412	93	4337	5477
1750392833.7758453	94	4347	5497
1750392838.7895117	94	4359	5511
1750392843.804159	94	4368	5527
1750392848.8177214	94	4378	5543
1750392853.8307972	94	4387	5555
1750392858.8453252	94	4399	5575
1750392863.8593345	94	4416	5586
1750392868.874343	94	4426	5597
1750392873.888742	95	4436	5617
1750392878.9024107	96	4445	5632
1750392883.9177654	96	4455	5650
1750392888.939158	96	4465	5668
1750392893.9538724	96	4475	5683
1750392898.9682536	97	4492	5697
1750392903.981464	97	4510	5717
1750392908.9956899	98	4523	5734
1750392914.0121915	99	4539	5756
1750392919.0269783	100	4548	5770
1750392924.042262	100	4560	5778
1750392929.0561666	100	4571	5800
1750392934.0726266	100	4582	5810
1750392939.0877235	100	4591	5822
1750392944.1030278	101	4612	5839
1750392949.117908	101	4623	5852
1750392954.1320653	101	4632	5871
1750392959.1463711	101	4641	5894
1750392964.1601813	103	4656	5909
1750392969.1825972	103	4665	5925
1750392974.1962688	103	4673	5945
1750392979.2098565	103	4682	5954
1750392984.225151	104	4694	5972
1750392989.2399964	104	4708	5984
1750392994.2548194	104	4721	6002
1750392999.2692294	105	4737	6017
1750393004.2826996	105	4746	6037
1750393009.296147	105	4762	6052
1750393014.3102322	105	4774	6066
1750393019.3239439	105	4785	6078
1750393024.3385155	107	4805	6093
1750393029.352896	107	4812	6108
1750393034.3679156	107	4835	6119
1750393039.3835647	107	4848	6133
1750393044.3979807	107	4864	6147
1750393049.4129746	107	4885	6166
1750393054.426733	107	4898	6182
1750393059.4414072	107	4911	6198
1750393064.456292	107	4923	6211
1750393069.4707131	108	4943	6223
1750393074.485762	108	4954	6243
1750393079.4999955	108	4973	6253
1750393084.514705	109	4991	6264
1750393089.5288787	109	4998	6276
1750393094.5435572	109	5010	6289
1750393099.561276	110	5018	6300
1750393104.5755215	110	5034	6317
1750393109.5901842	111	5051	6333
1750393114.6043892	111	5058	6344
1750393119.6186492	111	5066	6356
1750393124.6337168	112	5075	6372
1750393129.648289	112	5086	6384
1750393134.6625445	112	5097	6396
1750393139.6768165	112	5115	6407
1750393144.6906207	112	5129	6416
1750393149.7055504	113	5134	6434
1750393154.7213376	113	5140	6451
1750393159.73563	113	5152	6471
1750393164.7488773	113	5165	6484
1750393169.7634916	113	5177	6499
1750393174.7775388	113	5190	6515
1750393179.791081	113	5201	6531
1750393184.8058262	113	5209	6544
1750393189.8203907	113	5227	6562
1750393194.835197	113	5240	6574
1750393199.8500156	113	5244	6590
1750393204.8647878	113	5255	6606
1750393209.8791492	113	5263	6619
1750393214.8930478	113	5271	6635
1750393219.9074757	113	5275	6645
1750393224.9215283	113	5296	6657
1750393229.9351392	113	5302	6674
1750393234.9491007	114	5312	6689
1750393239.9637911	115	5328	6708
1750393244.9782596	115	5339	6723
1750393249.9940705	115	5352	6737
1750393255.008304	116	5365	6747
1750393260.023094	116	5374	6762
1750393265.0360208	117	5387	6776
1750393270.0495784	118	5394	6790
1750393275.0691574	118	5412	6799
1750393280.0838425	118	5420	6810
1750393285.09716	118	5435	6825
1750393290.1108568	118	5448	6839
1750393295.125557	118	5457	6848
1750393300.139926	118	5467	6865
1750393305.1532886	118	5483	6877
1750393310.1669343	118	5498	6887
1750393315.1804082	118	5512	6899
1750393320.194797	118	5522	6913
1750393325.208965	118	5532	6927
1750393330.223062	118	5545	6947
1750393335.2400973	118	5553	6955
1750393340.2545233	118	5562	6972
1750393345.2703252	120	5571	6982
1750393350.2854474	122	5595	7000
1750393355.2996275	123	5606	7016
1750393360.3202078	123	5618	7030
1750393365.333978	123	5631	7046
1750393370.3476808	125	5647	7061
1750393375.367545	126	5667	7073
1750393380.3815455	126	5679	7086
1750393385.3955657	126	5690	7106
1750393390.415329	126	5707	7122
1750393395.4283562	126	5718	7128
1750393400.4415667	126	5737	7139
1750393405.462063	126	5750	7152
1750393410.4756289	127	5773	7162
1750393415.4894032	128	5780	7177
1750393420.509092	129	5789	7195
1750393425.522462	129	5795	7214
1750393430.537596	130	5806	7232
1750393435.5528193	130	5818	7247
1750393440.5682068	130	5829	7260
1750393445.5825386	130	5840	7281
1750393450.5975058	130	5847	7300
1750393455.611574	131	5860	7318
1750393460.6258128	131	5871	7333
1750393465.640209	131	5885	7346
1750393470.654443	131	5897	7362
1750393475.6684854	131	5916	7377
1750393480.682275	131	5927	7394
1750393485.696226	131	5939	7403
1750393490.7099893	131	5954	7414
1750393495.7243125	132	5969	7428
1750393500.7374609	133	5980	7446
1750393505.7517343	133	5997	7455
1750393510.7655573	133	6003	7465
1750393515.7796624	133	6014	7480
1750393520.7983875	133	6021	7490
1750393525.8120928	133	6031	7507
1750393530.826286	133	6040	7521
1750393535.8446963	134	6055	7535
1750393540.8597028	134	6071	7551
1750393545.873614	134	6077	7561
1750393550.8914652	134	6089	7576
1750393555.9077606	134	6100	7586
1750393560.9221747	134	6106	7598
1750393565.93708	134	6114	7609
1750393570.9511156	134	6127	7624
1750393575.9643598	134	6141	7646
1750393580.980876	134	6155	7660
1750393585.9950716	134	6164	7673
1750393591.0095873	134	6177	7695
1750393596.0266054	134	6195	7709
1750393601.0402355	134	6208	7723
1750393606.053472	135	6223	7740
1750393611.0679703	135	6241	7759
1750393616.0821266	135	6248	7769
1750393621.0968435	135	6260	7782
1750393626.1111827	135	6270	7790
1750393631.125241	135	6281	7799
1750393636.1385996	135	6292	7815
1750393641.1527905	135	6301	7822
1750393646.166682	135	6306	7833
1750393651.1813622	135	6319	7845
1750393656.1954815	135	6327	7859
1750393661.2109685	136	6332	7873
1750393666.225425	136	6347	7888
1750393671.2401884	137	6359	7901
1750393676.2543056	137	6366	7917
1750393681.2684014	137	6380	7938
1750393686.2822702	138	6393	7950
1750393691.2975185	138	6402	7966
1750393696.3159864	138	6413	7977
1750393701.3295944	139	6424	7994
1750393706.3435252	142	6439	8010
1750393711.3628008	142	6452	8029
1750393716.3769412	143	6461	8042
1750393721.3908668	144	6478	8054
1750393726.406735	144	6489	8063
1750393731.4206064	144	6505	8075
1750393736.4343984	144	6518	8084
1750393741.4504511	145	6538	8101
1750393746.4649358	145	6549	8109
1750393751.47887	145	6566	8125
1750393756.4951732	145	6576	8142
1750393761.5089245	145	6588	8152
1750393766.5232382	145	6597	8162
1750393771.5383167	145	6608	8175
1750393776.5528052	145	6618	8191
1750393781.5687466	145	6635	8207
1750393786.5837975	145	6651	8221
1750393791.5982025	145	6660	8231
1750393796.6122794	145	6670	8243
1750393801.6261272	145	6679	8256
1750393806.6396718	145	6689	8270
1750393811.6534157	145	6701	8284
1750393816.6675236	145	6715	8303
1750393821.6813865	145	6723	8325
1750393826.6955574	145	6733	8342
1750393831.709411	145	6749	8368
1750393836.7250547	145	6760	8380
1750393841.7395403	145	6781	8391
1750393846.7535238	146	6795	8408
1750393851.767433	146	6818	8421
1750393856.7807145	147	6830	8443
1750393861.7937307	147	6842	8454
1750393866.8088183	147	6854	8467
1750393871.8256116	147	6858	8486
1750393876.8394697	147	6869	8498
1750393881.853276	147	6881	8506
1750393886.8687477	149	6891	8523
1750393891.8822312	149	6900	8534
1750393896.896754	150	6918	8549
1750393901.914868	150	6927	8564
1750393906.9307945	150	6940	8581
1750393911.9447868	150	6952	8600
1750393916.9600964	150	6963	8606
1750393921.9744563	150	6972	8625
1750393926.9882743	151	6985	8637
1750393932.0043974	151	6996	8650
1750393937.0180185	151	7009	8662
1750393942.0321927	152	7019	8678
1750393947.0461612	152	7028	8696
1750393952.0606773	152	7041	8706
1750393957.0751238	152	7048	8727
1750393962.0903814	153	7053	8741
1750393967.1050088	153	7064	8755
1750393972.119076	153	7074	8768
1750393977.1326346	153	7091	8784
1750393982.1466067	153	7101	8804
1750393987.1610398	154	7113	8825
1750393992.178669	154	7124	8838
1750393997.1925306	154	7133	8849
1750394002.213127	154	7148	8861
1750394007.2279823	154	7164	8881
1750394012.2415977	154	7179	8895
1750394017.2552423	154	7187	8915
1750394022.2751257	154	7196	8930
1750394027.2892807	155	7206	8946
1750394032.3043318	155	7217	8956
1750394037.3240857	155	7228	8970
1750394042.3378077	155	7233	8983
1750394047.3508828	156	7243	8999
1750394052.3723392	156	7258	9013
1750394057.3866916	156	7267	9031
1750394062.4006538	156	7278	9043
1750394067.4153962	156	7288	9059
1750394072.4305143	156	7299	9082
1750394077.4464583	160	7317	9102
1750394082.4616232	161	7328	9113
1750394087.475315	161	7336	9125
1750394092.488914	161	7348	9138
1750394097.5022666	161	7354	9151
1750394102.5176694	162	7365	9170
1750394107.5327125	162	7376	9184
1750394112.5478075	162	7387	9201
1750394117.563622	162	7392	9214
1750394122.578423	162	7406	9231
1750394127.593932	162	7421	9245
1750394132.6080809	163	7432	9266
1750394137.6231475	164	7448	9281
1750394142.6444488	164	7455	9292
1750394147.6597354	164	7472	9304
1750394152.6761053	164	7483	9315
1750394157.6941888	164	7490	9327
1750394162.7083037	165	7500	9345
1750394167.7236295	165	7507	9359
1750394172.7411213	165	7518	9371
1750394177.7547133	165	7528	9384
1750394182.7693098	165	7541	9398
1750394187.7887535	166	7551	9407
1750394192.8031492	166	7560	9421
1750394197.8187387	166	7572	9433
1750394202.8330908	166	7583	9450
1750394207.8487	166	7594	9469
1750394212.8632624	166	7605	9483
1750394217.8783495	166	7619	9500
1750394222.8938162	166	7628	9514
1750394227.90913	166	7640	9525
1750394232.925668	166	7653	9539
1750394237.9404473	166	7669	9554
1750394242.9559383	166	7686	9562
1750394247.969501	166	7694	9577
1750394252.9832613	166	7708	9595
1750394257.9991202	166	7724	9609
1750394263.0147717	166	7732	9622
1750394268.0307894	166	7741	9634
1750394273.0450108	166	7751	9643
1750394278.0585966	166	7759	9665
1750394283.0732667	166	7765	9678
1750394288.0910976	166	7770	9690
1750394293.10617	166	7779	9709
1750394298.1216028	166	7790	9721
1750394303.1394002	166	7800	9735
1750394308.1545343	166	7809	9746
1750394313.1698675	166	7815	9755
1750394318.1862452	166	7827	9762
1750394323.2023244	166	7837	9777
1750394328.217403	166	7849	9785
1750394333.2322729	166	7856	9799
1750394338.24739	166	7870	9810
1750394343.2637103	166	7880	9823
1750394348.2795584	166	7889	9833
1750394353.295489	167	7899	9848
1750394358.3109486	167	7906	9863
1750394363.3268597	168	7915	9869
1750394368.341224	168	7919	9884
1750394373.3563995	168	7929	9893
1750394378.372504	169	7938	9914
1750394383.3879132	169	7945	9921
1750394388.4030416	169	7951	9940
1750394393.417458	169	7957	9951
1750394398.432501	171	7969	9965
1750394403.4483588	171	7988	9978
1750394408.4633567	171	7998	9991
1750394413.47946	172	8019	10008
1750394418.494766	172	8035	10027
1750394423.5100772	172	8048	10041
1750394428.526145	172	8057	10055
1750394433.540821	172	8067	10067
1750394438.5569484	172	8078	10078
1750394443.5729115	172	8086	10094
1750394448.5925288	172	8101	10102
1750394453.6082	172	8115	10110
1750394458.6230857	173	8121	10129
1750394463.643753	173	8132	10151
1750394468.6599894	173	8145	10166
1750394473.6762073	174	8154	10182
1750394478.6930723	174	8163	10196
1750394483.7084	174	8167	10209
1750394488.7226899	174	8181	10226
1750394493.744334	174	8189	10241
1750394498.760235	174	8197	10255
1750394503.776447	174	8207	10269
1750394508.7953787	174	8221	10284
1750394513.8118114	175	8237	10301
1750394518.8360448	175	8253	10324
1750394523.8522434	175	8266	10334
1750394528.8743062	176	8274	10348
1750394533.8903196	176	8285	10362
1750394538.9067566	176	8296	10375
1750394543.924699	176	8305	10385
1750394548.9404094	177	8320	10401
1750394553.9570806	177	8332	10426
1750394558.9755526	177	8345	10443
1750394563.992065	177	8359	10464
1750394569.0064456	177	8374	10473
1750394574.028386	177	8378	10489
1750394579.0454261	177	8387	10504
1750394584.0620906	178	8401	10520
1750394589.0794811	178	8419	10535
1750394594.095855	179	8435	10547
1750394599.1124394	179	8451	10560
1750394604.1284626	179	8457	10569
1750394609.1448402	179	8467	10586
1750394614.1606908	179	8484	10602
1750394619.1771572	180	8496	10615
1750394624.193435	180	8509	10632
1750394629.2103133	180	8519	10645
1750394634.226827	180	8533	10654
1750394639.2424421	180	8542	10667
1750394644.2590778	180	8561	10679
1750394649.2756853	180	8574	10701
1750394654.2915614	180	8582	10713
1750394659.3065202	181	8594	10728
1750394664.322323	181	8604	10752
1750394669.3395884	182	8619	10766
1750394674.3563013	183	8631	10778
1750394679.372571	183	8644	10790
1750394684.3893888	183	8658	10805
1750394689.406022	183	8670	10819
1750394694.4222658	183	8685	10828
1750394699.4382684	183	8697	10844
1750394704.4549394	183	8709	10857
1750394709.47141	183	8721	10872
1750394714.487906	183	8733	10888
1750394719.504405	183	8740	10906
1750394724.5205948	184	8752	10922
1750394729.5373204	184	8764	10941
1750394734.5538156	184	8776	10954
1750394739.5706584	185	8786	10976
1750394744.5874221	185	8797	10997
1750394749.6049874	185	8811	11011
1750394754.6217537	185	8825	11021
1750394759.6384754	186	8841	11036
1750394764.6550984	188	8856	11046
1750394769.6719966	188	8869	11063
1750394774.6881437	188	8884	11068
1750394779.7041633	188	8895	11078
1750394784.720204	188	8905	11096
1750394789.7351055	188	8914	11108
1750394794.7510965	188	8930	11121
1750394799.7679987	189	8942	11135
1750394804.7846563	189	8950	11147
1750394809.800866	189	8968	11152
1750394814.817196	189	8977	11168
1750394819.8314762	189	8989	11180
1750394824.8471925	190	9001	11193
1750394829.8630283	190	9014	11202
1750394834.879803	190	9029	11213
1750394839.8962355	190	9040	11225
1750394844.9108026	190	9051	11236
1750394849.9266357	190	9060	11252
1750394854.9433343	190	9076	11264
1750394859.9596012	190	9086	11277
1750394864.977974	190	9096	11295
1750394869.9937801	190	9105	11314
1750394875.0163019	190	9117	11330
1750394880.0321147	190	9131	11336
1750394885.0480616	191	9144	11349
1750394890.0639596	191	9156	11359
1750394895.0799735	191	9171	11370
1750394900.0970547	191	9181	11381
1750394905.1127093	192	9192	11401
1750394910.1281836	193	9199	11417
1750394915.1437025	193	9209	11426
1750394920.15938	193	9222	11436
1750394925.173611	193	9236	11448
1750394930.1886473	193	9245	11462
1750394935.2028425	193	9259	11483
1750394940.2171066	193	9271	11500
1750394945.2366338	193	9281	11517
1750394950.2503462	193	9295	11528
1750394955.2637117	193	9303	11536
1750394960.278005	193	9318	11549
1750394965.2920246	193	9331	11558
1750394970.3054507	193	9341	11573
1750394975.3192413	193	9356	11588
1750394980.332867	193	9364	11601
1750394985.346678	193	9377	11612
1750394990.360448	194	9390	11630
1750394995.3739564	195	9395	11648
1750395000.388572	195	9404	11657
1750395005.4029794	196	9416	11666
1750395010.422188	196	9429	11677
1750395015.4365082	196	9434	11692
1750395020.4518597	196	9450	11702
1750395025.4731107	197	9465	11721
1750395030.4881668	197	9480	11733
1750395035.5029948	197	9491	11743
1750395040.5240362	197	9506	11754
1750395045.5378191	197	9521	11766
1750395050.5525656	199	9536	11780
1750395055.5726273	199	9551	11787
1750395060.5874453	200	9565	11798
1750395065.6030395	200	9584	11810
1750395070.6204443	200	9595	11825
1750395075.6372435	201	9615	11842
1750395080.6595683	201	9627	11856
1750395085.6747046	201	9643	11870
1750395090.698465	201	9652	11888
1750395095.714716	201	9662	11901
1750395100.7310762	201	9673	11918
1750395105.7453868	201	9686	11933
1750395110.7610586	201	9695	11947
1750395115.7783182	201	9716	11957
1750395120.7934687	201	9726	11975
1750395125.8104548	201	9740	11996
1750395130.826519	201	9746	12009
1750395135.8435156	201	9752	12021
1750395140.8669667	202	9764	12033
1750395145.883065	203	9773	12048
1750395150.8995132	204	9787	12066
1750395155.9164886	204	9806	12077
1750395160.9342256	205	9819	12089
1750395165.951463	205	9832	12098
1750395170.9667308	205	9844	12110
1750395175.9835982	205	9857	12127
1750395180.9977334	205	9875	12138
1750395186.0136871	205	9882	12153
1750395191.02968	205	9892	12166
1750395196.0459118	205	9900	12182
1750395201.0624301	205	9915	12201
1750395206.0773902	205	9925	12214
1750395211.0937166	205	9933	12229
1750395216.1108348	205	9944	12240
1750395221.1277862	205	9957	12252
1750395226.1445284	205	9968	12265
1750395231.1592908	205	9980	12279
1750395236.1749606	205	9994	12294
1750395241.191178	205	10005	12306
1750395246.2088137	205	10014	12327
1750395251.2252915	205	10021	12336
1750395256.2406034	205	10031	12345
1750395261.2575254	205	10043	12359
1750395266.2740755	205	10055	12377
1750395271.2912123	205	10063	12388
1750395276.308392	205	10071	12404
1750395281.3235548	205	10081	12418
1750395286.3403597	205	10085	12437
1750395291.3563173	205	10097	12452
1750395296.3722765	206	10114	12466
1750395301.3889742	206	10127	12473
1750395306.4042513	207	10146	12487
1750395311.4199977	207	10163	12499
1750395316.4370387	207	10174	12509
1750395321.4542174	207	10189	12522
1750395326.470578	207	10205	12539
1750395331.4861562	208	10215	12547
1750395336.502976	208	10230	12557
1750395341.5178893	208	10241	12573
1750395346.5348213	208	10249	12585
1750395351.5496786	208	10264	12597
1750395356.5651603	209	10272	12615
1750395361.5854647	210	10282	12627
1750395366.602492	210	10291	12642
1750395371.6187596	211	10302	12664
1750395376.6377816	211	10312	12677
1750395381.6542668	212	10323	12689
1750395386.6711872	212	10333	12707
1750395391.6895852	212	10344	12731
1750395396.7063725	212	10360	12745
1750395401.7231317	213	10379	12767
1750395406.7402844	213	10393	12781
1750395411.7574115	213	10405	12793
1750395416.78017	214	10419	12809
1750395421.796501	214	10434	12821
1750395426.8232982	214	10444	12839
1750395431.8393674	215	10456	12850
1750395436.855219	215	10468	12868
1750395441.8715494	215	10488	12881
1750395446.888045	215	10502	12898
1750395451.904924	215	10518	12912
1750395456.9233608	215	10528	12925
1750395461.939809	216	10538	12944
1750395466.9563096	216	10551	12959
1750395471.973427	216	10561	12976
1750395476.9885845	216	10577	12989
1750395482.0031903	216	10585	13006
1750395487.0205402	216	10599	13024
1750395492.0351958	216	10607	13040
1750395497.050187	216	10618	13057
1750395502.0653806	216	10630	13069
1750395507.0804126	216	10642	13086
1750395512.095676	217	10653	13108
1750395517.1113734	218	10667	13118
1750395522.1256897	218	10679	13132
1750395527.141141	218	10684	13151
1750395532.1584535	218	10699	13165
1750395537.1736681	218	10709	13176
1750395542.1883967	218	10724	13187
1750395547.2071102	218	10736	13200
1750395552.2235584	218	10748	13212
1750395557.2391822	218	10765	13230
1750395562.2542865	218	10779	13239
1750395567.2690272	219	10788	13249
1750395572.2908516	220	10809	13262
1750395577.3065755	220	10821	13270
1750395582.3230536	221	10826	13288
1750395587.3421526	221	10840	13308
1750395592.3573332	221	10855	13320
1750395597.3721292	222	10865	13340
1750395602.3941236	223	10877	13348
1750395607.409644	223	10891	13368
1750395612.4249816	223	10900	13380
1750395617.4478936	223	10908	13395
1750395622.4641166	223	10916	13413
1750395627.479684	223	10927	13428
1750395632.5001242	223	10940	13451
1750395637.517395	223	10949	13463
1750395642.5336816	223	10960	13481
1750395647.5499713	224	10970	13492
1750395652.5669134	224	10982	13503
1750395657.5841036	225	11002	13515
1750395662.6001666	225	11015	13534
1750395667.6166809	225	11026	13550
1750395672.634012	225	11044	13566
1750395677.6495788	226	11055	13590
1750395682.6657012	227	11064	13608
1750395687.6821852	227	11075	13624
1750395692.69903	228	11083	13642
1750395697.7139516	228	11091	13654
1750395702.7300258	228	11101	13667
1750395707.746638	228	11112	13675
1750395712.7631614	228	11124	13685
1750395717.7801735	229	11135	13703
1750395722.7973824	229	11147	13717
1750395727.814478	229	11160	13730
1750395732.8305073	229	11170	13743
1750395737.8457983	229	11184	13762
1750395742.8611789	229	11196	13770
1750395747.8765633	229	11209	13785
1750395752.892945	229	11224	13800
1750395757.910509	230	11234	13808
1750395762.927323	230	11244	13816
1750395767.944135	230	11252	13829
1750395772.9592383	230	11263	13845
1750395777.9775653	230	11274	13858
1750395782.9945452	230	11287	13871
1750395788.0114236	231	11298	13883
1750395793.0287635	232	11309	13894
1750395798.0454452	232	11320	13912
1750395803.0605445	232	11332	13925
1750395808.08032	232	11343	13940
1750395813.0962553	232	11352	13954
1750395818.1120064	232	11361	13970
1750395823.1300106	232	11370	13980
1750395828.1459959	232	11381	13997
1750395833.1628993	233	11388	14015
1750395838.1794386	233	11397	14030
1750395843.195851	234	11405	14045
1750395848.2126856	234	11413	14053
1750395853.2284963	234	11425	14062
1750395858.2444658	234	11435	14070
1750395863.2617664	234	11444	14090
1750395868.2803998	234	11460	14104
1750395873.2955015	234	11473	14115
1750395878.3121254	235	11482	14132
1750395883.3305657	235	11497	14141
1750395888.3479583	236	11516	14149
1750395893.3687475	236	11525	14163
1750395898.3852344	236	11532	14178
1750395903.4021335	236	11545	14189
1750395908.4237366	237	11555	14205
1750395913.4413698	237	11568	14226
1750395918.4573052	237	11584	14240
1750395923.4744134	237	11594	14247
1750395928.4917085	237	11607	14266
1750395933.508666	237	11620	14281
1750395938.5258937	238	11632	14297
1750395943.5490947	238	11641	14308
1750395948.5708647	238	11655	14323
1750395953.5873623	238	11662	14336
1750395958.6037867	239	11672	14342
1750395963.6199265	239	11684	14356
1750395968.636095	239	11694	14370
1750395973.657475	239	11704	14382
1750395978.6748798	240	11723	14387
1750395983.6913624	240	11727	14397
1750395988.713262	241	11737	14406
1750395993.7298274	241	11750	14417
1750395998.7471004	243	11765	14436
1750396003.7657835	244	11774	14441
1750396008.780607	244	11783	14454
1750396013.7969573	244	11794	14470
1750396018.82191	244	11805	14488
1750396023.8378723	244	11816	14505
1750396028.8553782	244	11829	14517
1750396033.8720074	244	11840	14534
1750396038.8885255	244	11850	14547
1750396043.9050314	244	11860	14567
1750396048.9250376	244	11873	14580
1750396053.94159	244	11882	14596
1750396058.9581368	244	11895	14606
1750396063.9752722	244	11904	14618
1750396068.9921587	244	11921	14634
1750396074.0084999	244	11933	14648
1750396079.0239897	244	11947	14664
1750396084.040545	244	11957	14675
1750396089.0587535	245	11973	14686
1750396094.0755527	245	11981	14695
1750396099.0923717	245	12000	14708
1750396104.1095905	245	12009	14720
1750396109.126752	245	12021	14736
1750396114.1433964	245	12031	14748
1750396119.1613886	245	12051	14758
1750396124.176888	245	12056	14772
1750396129.193846	245	12070	14781
1750396134.2107556	245	12080	14801
1750396139.2272654	247	12092	14819
1750396144.2436595	248	12105	14839
1750396149.2590647	248	12118	14858
1750396154.2767205	248	12127	14868
1750396159.293671	248	12144	14891
1750396164.310589	248	12157	14899
1750396169.3267438	248	12171	14916
1750396174.3445911	249	12184	14929
1750396179.360622	249	12196	14946
1750396184.3775592	249	12204	14962
1750396189.3938022	249	12213	14982
1750396194.4104424	251	12229	14998
1750396199.4256017	251	12247	15013
1750396204.441494	251	12257	15022
1750396209.4588163	251	12271	15035
1750396214.4752257	252	12286	15053
1750396219.4925754	252	12295	15065
1750396224.5088353	252	12304	15085
1750396229.5271242	252	12320	15103
1750396234.5425396	253	12337	15123
1750396239.5590146	253	12350	15135
1750396244.574662	253	12361	15149
1750396249.5892687	253	12377	15170
1750396254.6063523	253	12394	15185
1750396259.6209657	253	12406	15202
1750396264.636698	253	12420	15217
1750396269.6580806	253	12438	15231
1750396274.67509	253	12449	15241
1750396279.6925504	253	12453	15253
1750396284.7078972	254	12472	15265
1750396289.7239242	254	12474	15276
1750396294.742455	254	12485	15292
1750396299.7587347	254	12501	15311
1750396304.7750242	254	12515	15319
1750396309.7964451	254	12526	15336
1750396314.8127565	254	12537	15348
1750396319.829082	254	12553	15361
1750396324.848007	254	12569	15373
1750396329.8647196	254	12582	15383
1750396334.8809836	255	12590	15400
1750396339.8985815	256	12601	15417
1750396344.9151351	257	12613	15427
1750396349.9315398	257	12624	15437
1750396354.9478428	259	12637	15456
1750396359.9626558	259	12647	15468
1750396364.9781327	259	12664	15486
1750396369.995438	259	12678	15504
1750396375.0133998	259	12687	15518
1750396380.0329406	259	12701	15527
1750396385.0489244	261	12713	15541
1750396390.0648599	261	12726	15557
1750396395.0871997	261	12739	15569
1750396400.1037138	261	12751	15583
1750396405.127809	261	12758	15597
1750396410.1437156	261	12769	15611
1750396415.1610491	262	12779	15626
1750396420.178587	262	12796	15646
1750396425.1951416	262	12808	15660
1750396430.2128725	262	12816	15671
1750396435.229668	262	12824	15686
1750396440.2457414	262	12836	15702
1750396445.2644362	262	12843	15722
1750396450.2796316	262	12864	15735
1750396455.2960687	262	12876	15752
1750396460.3110688	262	12887	15766
1750396465.328163	262	12900	15779
1750396470.344656	263	12913	15788
1750396475.3685036	264	12923	15800
1750396480.38484	264	12941	15809
1750396485.4066913	264	12956	15828
1750396490.423386	264	12968	15836
1750396495.4403603	264	12986	15859
1750396500.4573712	264	12991	15873
1750396505.4735906	264	13003	15894
1750396510.4903011	264	13023	15905
1750396515.5067923	265	13039	15924
1750396520.5236115	265	13055	15937
1750396525.5416195	265	13065	15954
1750396530.5589473	265	13074	15971
1750396535.5815036	265	13086	15985
1750396540.5968008	265	13096	16000
1750396545.6133125	265	13103	16010
1750396550.6328156	265	13114	16019
1750396555.6500075	265	13128	16031
1750396560.6646252	265	13145	16040
1750396565.6809962	265	13155	16053
1750396570.695343	265	13170	16063
1750396575.7095087	265	13183	16070
1750396580.731046	265	13195	16080
1750396585.7450256	265	13206	16096
1750396590.7593327	265	13216	16104
1750396595.7808552	265	13222	16115
1750396600.7946196	265	13237	16131
1750396605.8088608	265	13249	16143
1750396610.831078	266	13264	16160
1750396615.8449154	268	13271	16176
1750396620.8590078	268	13278	16193
1750396625.8782728	269	13287	16208
1750396630.892382	270	13302	16228
1750396635.9064863	271	13313	16240
1750396640.9219387	271	13319	16252
1750396645.936121	271	13330	16266
1750396650.9503903	272	13343	16272
1750396655.9660232	272	13352	16290
1750396660.9801366	272	13370	16306
1750396665.9939585	272	13381	16313
1750396671.0116727	272	13393	16332
1750396676.0259593	272	13412	16346
1750396681.0401595	272	13426	16357
1750396686.058591	272	13436	16371
1750396691.0725725	272	13447	16391
1750396696.0898385	273	13467	16411
1750396701.1049986	273	13474	16427
1750396706.1188939	273	13481	16441
1750396711.1397667	273	13492	16457
1750396716.1537685	273	13504	16469
1750396721.1679313	273	13514	16475
1750396726.1818285	275	13528	16486
1750396731.2009687	275	13541	16490
1750396736.215208	275	13551	16503
1750396741.229119	275	13562	16521
1750396746.2510393	275	13568	16537
1750396751.265349	275	13577	16552
1750396756.2797012	275	13590	16565
1750396761.2936893	275	13601	16579
1750396766.3076468	275	13610	16589
1750396771.321595	277	13620	16604
1750396776.3359032	277	13632	16619
1750396781.3500898	277	13650	16633
1750396786.364458	277	13662	16644
1750396791.378772	277	13671	16655
1750396796.3930407	277	13681	16665
1750396801.407398	277	13696	16682
1750396806.4213622	279	13706	16698
1750396811.4431565	279	13719	16707
1750396816.4569864	279	13734	16716
1750396821.4711137	279	13744	16729
1750396826.493277	279	13753	16738
1750396831.50765	280	13761	16751
1750396836.5217	280	13774	16773
1750396841.5361233	280	13782	16783
1750396846.5502026	280	13800	16794
1750396851.564533	280	13819	16806
1750396856.5784826	280	13831	16821
1750396861.5926728	280	13841	16838
1750396866.6068041	280	13851	16855
1750396871.6224227	281	13861	16871
1750396876.636631	281	13874	16879
1750396881.6505542	281	13886	16897
1750396886.6646528	281	13900	16905
1750396891.686034	281	13906	16915
1750396896.6998491	281	13915	16929
1750396901.7138162	281	13929	16941
1750396906.7278395	283	13941	16960
1750396911.741981	283	13954	16974
1750396916.7560048	283	13965	16986
1750396921.7702317	284	13977	17001
1750396926.7844257	284	13990	17012
1750396931.798702	284	14003	17021
1750396936.8130236	284	14015	17034
1750396941.831886	284	14027	17049
1750396946.8461068	284	14040	17064
1750396951.865241	285	14048	17083
1750396956.8817937	285	14060	17093
1750396961.8959813	286	14066	17113
1750396966.9174201	287	14082	17127
1750396971.9313812	287	14093	17137
1750396976.9455068	289	14107	17152
1750396981.9597094	289	14115	17165
1750396986.9793227	289	14128	17175
1750396991.9937332	289	14136	17185
1750396997.007647	289	14145	17204
1750397002.0290544	289	14154	17216
1750397007.0432775	289	14164	17229
1750397012.0574257	290	14172	17250
1750397017.0712998	292	14182	17266
1750397022.085425	292	14198	17277
1750397027.0995553	292	14212	17295
1750397032.1135697	292	14219	17312
1750397037.1301627	292	14230	17327
1750397042.1474319	292	14239	17336
1750397047.163086	292	14250	17348
1750397052.1785488	292	14262	17365
1750397057.1955886	292	14274	17378
1750397062.2144449	292	14291	17397
1750397067.231116	292	14305	17416
1750397072.2471955	292	14318	17430
1750397077.2656658	292	14336	17452
1750397082.282827	293	14346	17474
1750397087.299905	293	14356	17496
1750397092.3157866	293	14373	17506
1750397097.3335152	295	14386	17519
1750397102.348533	295	14392	17532
1750397107.3658366	295	14399	17545
1750397112.3803253	295	14407	17559
1750397117.394313	296	14420	17571
1750397122.415551	296	14432	17578
1750397127.4305139	296	14446	17588
1750397132.4448853	296	14456	17599
1750397137.465364	296	14465	17620
1750397142.4825678	296	14476	17634
1750397147.4996939	297	14491	17647
1750397152.5166276	298	14510	17665
1750397157.5315747	299	14524	17677
1750397162.5483477	299	14533	17694
1750397167.5655463	299	14542	17720
1750397172.581939	299	14552	17729
1750397177.5989747	299	14567	17746
1750397182.6144018	300	14577	17761
1750397187.6311386	300	14590	17778
1750397192.647651	300	14602	17789
1750397197.6635878	300	14614	17807
1750397202.678218	300	14623	17817
1750397207.6937494	300	14634	17831
1750397212.7113066	300	14646	17844
1750397217.728048	300	14663	17855
1750397222.7450323	300	14675	17874
1750397227.7622008	300	14686	17887
1750397232.7776942	300	14699	17903
1750397237.7953277	301	14712	17921
1750397242.8120217	301	14726	17933
1750397247.8287895	301	14736	17948
1750397252.8448145	302	14745	17960
1750397257.8692157	302	14757	17972
1750397262.892059	302	14773	17980
1750397267.909863	302	14784	17993
1750397272.926789	302	14800	18009
1750397277.943759	302	14811	18024
1750397282.9606607	302	14824	18036
1750397287.9766564	302	14839	18052
1750397292.9937942	302	14853	18067
1750397298.0107086	302	14862	18083
1750397303.0303836	303	14873	18103
1750397308.0472214	303	14884	18115
1750397313.065039	305	14898	18131
1750397318.0811944	305	14915	18140
1750397323.0983365	306	14923	18156
1750397328.1152534	306	14933	18173
1750397333.1335216	306	14953	18189
1750397338.1567588	306	14963	18200
1750397343.1789622	306	14973	18224
1750397348.1950061	306	14985	18241
1750397353.2120848	306	14994	18257
1750397358.2287815	306	15007	18268
1750397363.2459962	306	15019	18278
1750397368.2610667	307	15036	18290
1750397373.2770104	307	15049	18309
1750397378.2939017	307	15064	18319
1750397383.3160233	307	15078	18335
1750397388.3319542	307	15090	18353
1750397393.347139	308	15102	18366
1750397398.367347	309	15112	18383
1750397403.3844578	310	15128	18404
1750397408.402134	310	15139	18409
1750397413.4201229	310	15152	18419
1750397418.4441547	310	15160	18433
1750397423.4678884	310	15167	18453
1750397428.4853022	310	15172	18471
1750397433.5030172	311	15182	18481
1750397438.5203032	311	15200	18497
1750397443.53581	311	15210	18517
1750397448.555594	311	15228	18539
1750397453.5726557	311	15244	18546
1750397458.5874987	312	15256	18560
1750397463.61001	312	15268	18585
1750397468.6242151	312	15277	18600
1750397473.6386235	312	15287	18616
1750397478.6529956	312	15298	18624
1750397483.6741903	312	15308	18637
1750397488.6882737	312	15316	18654
1750397493.7026472	312	15333	18662
1750397498.7166016	312	15345	18680
1750397503.7307985	313	15356	18696
1750397508.7448475	313	15368	18713
1750397513.7590058	313	15376	18723
1750397518.7737796	313	15387	18737
1750397523.7882469	313	15398	18752
1750397528.809508	314	15410	18770
1750397533.8240461	315	15427	18785
1750397538.8379657	315	15435	18801
1750397543.8518624	317	15448	18814
1750397548.8660932	317	15461	18821
1750397553.8801963	318	15470	18833
1750397558.8941953	319	15480	18848
1750397563.9082942	319	15496	18865
1750397568.926923	319	15511	18871
1750397573.9410126	319	15525	18880
1750397578.955076	319	15539	18897
1750397583.9775655	319	15549	18906
1750397588.9917982	319	15560	18915
1750397594.0101995	320	15574	18934
1750397599.028459	320	15582	18947
1750397604.0425391	320	15597	18955
1750397609.0627062	320	15609	18965
1750397614.0796402	320	15622	18986
1750397619.09359	321	15636	18998
1750397624.1075895	321	15648	19015
1750397629.1284695	322	15668	19031
1750397634.1426024	322	15682	19049
1750397639.1564386	322	15691	19057
1750397644.175422	322	15706	19073
1750397649.1896372	322	15716	19093
1750397654.2037952	322	15726	19110
1750397659.2244098	322	15739	19126
1750397664.2384505	323	15755	19142
1750397669.2523873	323	15769	19154
1750397674.266304	323	15777	19178
1750397679.280365	324	15787	19187
1750397684.2943277	325	15800	19202
1750397689.3085568	325	15813	19216
1750397694.3224132	325	15820	19224
1750397699.3363028	326	15831	19241
1750397704.3505373	326	15838	19250
1750397709.364804	326	15845	19259
1750397714.3790894	327	15858	19269
1750397719.4010565	328	15873	19281
1750397724.4153597	328	15884	19297
1750397729.4294236	328	15898	19315
1750397734.4507709	328	15904	19331
1750397739.4648814	329	15926	19351
1750397744.4788818	330	15941	19366
1750397749.4931922	330	15949	19386
1750397754.5071466	332	15967	19402
1750397759.5210469	332	15981	19416
1750397764.5350852	334	16003	19436
1750397769.5491028	334	16013	19447
1750397774.563158	335	16029	19464
1750397779.577125	335	16035	19483
1750397784.5936413	336	16052	19505
1750397789.607947	336	16063	19519
1750397794.6219702	336	16078	19531
1750397799.636266	337	16088	19545
1750397804.650197	337	16106	19563
1750397809.6642566	337	16118	19579
1750397814.6783416	337	16126	19590
1750397819.6921904	337	16138	19605
1750397824.709885	337	16151	19621
1750397829.7238495	338	16162	19632
1750397834.73821	338	16174	19646
1750397839.752289	338	16184	19658
1750397844.7663143	338	16193	19677
1750397849.7806187	338	16207	19693
1750397854.7944484	338	16223	19705
1750397859.8082337	338	16233	19720
1750397864.8221326	338	16246	19733
1750397869.836321	339	16257	19748
1750397874.8507807	339	16268	19755
1750397879.8650303	341	16283	19774
1750397884.8794239	341	16295	19783
1750397889.8935695	342	16312	19800
1750397894.912	342	16325	19820
1750397899.9259403	342	16338	19842
1750397904.9397829	344	16352	19854
1750397909.953949	344	16371	19870
1750397914.9724858	344	16380	19883
1750397919.9864788	344	16394	19894
1750397925.000556	345	16405	19905
1750397930.016166	345	16412	19918
1750397935.0322025	345	16419	19928
1750397940.0482812	345	16430	19944
1750397945.0651255	345	16441	19950
1750397950.0822482	345	16452	19965
1750397955.0989382	346	16462	19986
1750397960.1154563	346	16476	20003
1750397965.1318502	346	16487	20023
1750397970.1486259	348	16494	20040
1750397975.165463	348	16505	20058
1750397980.1824517	348	16515	20076
1750397985.198876	349	16522	20087
1750397990.2158747	349	16530	20101
1750397995.2319827	350	16541	20118
1750398000.2490366	351	16553	20132
1750398005.2662742	351	16566	20136
1750398010.2824996	351	16574	20149
1750398015.2991378	351	16588	20161
1750398020.318109	351	16605	20179
1750398025.3354802	351	16615	20189
1750398030.352205	351	16625	20201
1750398035.3717918	351	16637	20215
1750398040.3872256	351	16652	20234
1750398045.4037418	351	16664	20252
1750398050.4208217	351	16675	20268
1750398055.4375298	351	16685	20282
1750398060.4559577	351	16697	20296
1750398065.47212	352	16712	20309
1750398070.489324	352	16724	20322
1750398075.5064466	352	16735	20333
1750398080.5232072	353	16750	20346
1750398085.540134	353	16761	20357
1750398090.555525	353	16773	20374
1750398095.5721183	353	16786	20389
1750398100.5892982	353	16797	20406
1750398105.6064105	353	16809	20420
1750398110.6230667	353	16821	20439
1750398115.6395836	353	16831	20451
1750398120.6556013	353	16838	20469
1750398125.6724598	353	16844	20481
1750398130.6896112	353	16852	20493
1750398135.7099497	353	16862	20505
1750398140.7258446	353	16872	20518
1750398145.7414553	354	16884	20534
1750398150.7619493	354	16892	20548
1750398155.7792866	354	16900	20563
1750398160.7959645	354	16915	20578
1750398165.8142178	355	16928	20595
1750398170.8390405	355	16941	20615
1750398175.86068	355	16954	20623
1750398180.8776698	355	16961	20632
1750398185.8943324	355	16969	20654
1750398190.91066	355	16983	20673
1750398195.9274547	355	16992	20683
1750398200.9446454	355	17006	20689
1750398205.960568	356	17017	20708
1750398210.9774659	356	17027	20718
1750398215.9966571	356	17038	20737
1750398221.0127165	356	17053	20754
1750398226.0299609	356	17062	20768
1750398231.0500414	356	17070	20789
1750398236.0656078	356	17085	20803
1750398241.0800369	356	17093	20814
1750398246.101748	356	17103	20822
1750398251.1184616	356	17115	20841
1750398256.1349564	356	17126	20850
1750398261.1536913	356	17130	20866
1750398266.1699307	356	17142	20882
1750398271.1856651	357	17155	20901
1750398276.2046416	357	17165	20915
1750398281.2209003	357	17180	20929
1750398286.2381713	357	17194	20942
1750398291.2555146	357	17207	20957
1750398296.2718728	358	17219	20969
1750398301.2869813	359	17232	20983
1750398306.3035784	359	17246	20998
1750398311.3202431	359	17255	21009
1750398316.3369205	360	17266	21026
1750398321.3543477	360	17279	21039
1750398326.3705962	360	17290	21053
1750398331.3878112	360	17301	21068
1750398336.4043858	361	17317	21083
1750398341.4213352	361	17331	21097
1750398346.4384866	364	17345	21113
1750398351.4535356	364	17351	21121
1750398356.4693906	364	17364	21130
1750398361.486204	364	17376	21142
1750398366.5026116	364	17386	21157
1750398371.5193582	364	17397	21170
1750398376.5411942	365	17406	21184
1750398381.5583696	365	17419	21206
1750398386.575165	365	17430	21219
1750398391.5948458	365	17444	21236
1750398396.611319	365	17456	21254
1750398401.6261237	365	17468	21268
1750398406.6434898	365	17479	21282
1750398411.6579278	367	17488	21299
1750398416.6721702	367	17500	21310
1750398421.6940777	367	17515	21326
1750398426.7086112	367	17527	21341
1750398431.7226598	367	17532	21354
1750398436.7367332	367	17545	21366
1750398441.7512434	367	17556	21380
1750398446.7653308	367	17565	21400
1750398451.779839	367	17577	21416
1750398456.7938817	367	17588	21428
1750398461.809915	368	17601	21440
1750398466.826525	368	17617	21455
1750398471.843638	368	17623	21469
1750398476.860207	368	17633	21486
1750398481.8827126	368	17647	21501
1750398486.898911	368	17661	21510
1750398491.915979	368	17675	21523
1750398496.9327738	368	17689	21542
1750398501.9497502	368	17703	21550
1750398506.9663486	368	17712	21565
1750398511.9815137	368	17725	21569
1750398516.9987483	368	17744	21580
1750398522.015783	368	17760	21597
1750398527.0321343	369	17773	21607
1750398532.0494106	369	17781	21620
1750398537.0661156	369	17789	21638
1750398542.0825255	370	17806	21645
1750398547.0993958	370	17815	21659
1750398552.1207623	370	17825	21667
1750398557.137964	370	17835	21683
1750398562.1543467	371	17848	21693
1750398567.171727	371	17862	21707
1750398572.187122	371	17879	21724
1750398577.2039678	371	17891	21745
1750398582.223249	371	17902	21757
1750398587.2406528	372	17916	21777
1750398592.2576349	372	17930	21789
1750398597.2738574	372	17937	21807
1750398602.2900107	372	17952	21822
1750398607.306594	373	17969	21836
1750398612.3256683	373	17986	21846
1750398617.342963	373	17992	21858
1750398622.3583722	373	18002	21871
1750398627.374036	373	18013	21884
1750398632.3905938	373	18027	21894
1750398637.4075203	373	18039	21903
1750398642.424607	373	18048	21910
1750398647.441131	373	18064	21921
1750398652.457355	373	18078	21936
1750398657.4725504	374	18087	21956
1750398662.4870052	374	18099	21975
1750398667.502201	374	18106	21985
1750398672.5246236	375	18114	22000
1750398677.5410388	376	18129	22016
1750398682.5573363	376	18134	22030
1750398687.5743747	376	18144	22049
1750398692.591078	377	18160	22067
1750398697.6099825	377	18170	22078
1750398702.6260734	378	18181	22090
1750398707.6432612	378	18202	22109
1750398712.6624541	378	18210	22122
1750398717.6792452	379	18225	22140
1750398722.6960835	379	18236	22162
1750398727.7143698	379	18244	22174
1750398732.7295997	379	18250	22187
1750398737.7460814	379	18265	22195
1750398742.7675073	379	18274	22209
1750398747.7842364	380	18289	22225
1750398752.800826	380	18299	22243
1750398757.816291	380	18318	22256
1750398762.8332238	380	18328	22262
1750398767.849617	381	18341	22279
1750398772.867699	381	18354	22299
1750398777.8839223	381	18365	22310
1750398782.8990347	381	18376	22321
1750398787.9150085	381	18384	22339
1750398792.930037	381	18397	22354
1750398797.9455922	381	18408	22368
1750398802.9632628	381	18419	22385
1750398807.9788723	383	18430	22401
1750398812.9940555	384	18442	22412
1750398818.0146024	384	18454	22420
1750398823.0297055	384	18464	22433
1750398828.0441363	385	18481	22447
1750398833.0621326	385	18492	22453
1750398838.0765073	385	18501	22460
1750398843.0964515	385	18520	22473
1750398848.1138213	385	18534	22490
1750398853.1292224	385	18541	22505
1750398858.151781	385	18549	22516
1750398863.1687322	385	18557	22530
1750398868.1854198	385	18574	22550
1750398873.2076342	385	18589	22560
1750398878.2242148	385	18601	22572
1750398883.2411985	386	18609	22584
1750398888.2610486	386	18626	22593
1750398893.2778902	386	18637	22602
1750398898.2946808	386	18647	22612
1750398903.3112512	386	18657	22625
1750398908.3285675	386	18669	22638
1750398913.3440566	386	18680	22646
1750398918.3660636	386	18692	22660
1750398923.380946	386	18707	22668
1750398928.395216	387	18715	22683
1750398933.4189517	387	18724	22693
1750398938.4355948	387	18732	22705
1750398943.4527404	388	18746	22730
1750398948.4701037	389	18764	22744
1750398953.485011	389	18772	22759
1750398958.5009027	390	18783	22779
1750398963.5178697	391	18798	22788
1750398968.535026	391	18809	22800
1750398973.5522583	391	18824	22811
1750398978.5675113	391	18839	22819
1750398983.582108	391	18854	22838
1750398988.598501	391	18865	22854
1750398993.6157627	391	18876	22861
1750398998.6316922	391	18883	22872
1750399003.6473079	391	18896	22885
1750399008.6659355	391	18905	22900
1750399013.6814518	393	18921	22911
1750399018.6994383	393	18928	22922
1750399023.7155073	394	18937	22935
1750399028.7307405	395	18948	22954
1750399033.7457037	396	18960	22971
1750399038.7675467	397	18978	22980
1750399043.7834675	397	18989	23000
1750399048.799348	397	18997	23009
1750399053.8188565	397	19005	23025
1750399058.8336277	398	19018	23043
1750399063.8487773	398	19031	23059
1750399068.872306	398	19043	23074
1750399073.887999	398	19055	23083
1750399078.9034796	399	19064	23096
1750399083.9189095	399	19073	23110
1750399088.9334836	399	19082	23127
1750399093.9495661	399	19091	23146
1750399098.966454	399	19101	23155
1750399103.982917	400	19116	23173
1750399108.9994938	400	19126	23187
1750399114.0161984	401	19139	23200
1750399119.032665	401	19154	23210
1750399124.049137	402	19166	23227
1750399129.066268	402	19183	23235
1750399134.08308	403	19192	23252
1750399139.0995295	403	19204	23266
1750399144.116867	403	19222	23287
1750399149.1324418	403	19228	23306
1750399154.148815	403	19239	23329
1750399159.1674085	403	19249	23338
1750399164.184743	404	19261	23355
1750399169.202049	404	19272	23370
1750399174.2197907	404	19285	23381
1750399179.2362397	404	19293	23392
1750399184.2516422	404	19306	23406
1750399189.2730715	404	19320	23418
1750399194.2899501	404	19333	23433
1750399199.3063269	405	19346	23445
1750399204.323191	405	19359	23460
1750399209.340607	405	19372	23477
1750399214.3572755	405	19380	23488
1750399219.3738182	405	19390	23507
1750399224.3911304	405	19398	23519
1750399229.408134	405	19407	23539
1750399234.4253495	405	19419	23558
1750399239.4410882	405	19433	23568
1750399244.4583035	406	19452	23581
1750399249.475424	406	19470	23600
1750399254.4924445	406	19491	23614
1750399259.5096695	406	19505	23631
1750399264.525138	406	19521	23652
1750399269.5413976	406	19529	23663
1750399274.5579362	406	19545	23675
1750399279.57431	406	19553	23693
1750399284.590282	407	19565	23709
1750399289.6060288	407	19571	23725
1750399294.6226134	407	19579	23735
1750399299.637569	407	19590	23746
1750399304.6532767	407	19599	23760
1750399309.6672332	408	19607	23772
1750399314.6812813	408	19618	23784
1750399319.6953344	408	19636	23793
1750399324.7094696	408	19649	23800
1750399329.7233574	408	19660	23813
1750399334.7375538	408	19667	23836
1750399339.7518237	409	19679	23851
1750399344.7656906	410	19693	23863
1750399349.7798014	410	19706	23872
1750399354.7963963	410	19715	23887
1750399359.8107107	410	19724	23904
1750399364.8250203	411	19740	23923
1750399369.838945	411	19753	23940
1750399374.8609407	412	19761	23962
1750399379.8752458	412	19773	23979
1750399384.8897045	412	19784	23990
1750399389.9038332	413	19793	24001
1750399394.9179654	413	19810	24016
1750399399.9319215	414	19816	24028
1750399404.94609	414	19831	24048
1750399409.9637473	414	19845	24063
1750399414.9780202	414	19856	24074
1750399419.9964976	414	19871	24092
1750399425.014925	414	19879	24115
1750399430.0293345	414	19893	24126
1750399435.0513737	414	19904	24138
1750399440.0666332	414	19917	24153
1750399445.0811007	414	19932	24169
1750399450.0954475	414	19943	24178
1750399455.1094172	414	19954	24193
1750399460.123455	415	19964	24211
1750399465.1375935	415	19976	24227
1750399470.1516564	415	19991	24242
1750399475.1706629	415	20005	24257
1750399480.1846814	415	20017	24268
1750399485.1990366	417	20025	24281
1750399490.2130926	417	20031	24295
1750399495.2271724	417	20039	24303
1750399500.2416425	417	20048	24310
1750399505.2559552	417	20055	24320
1750399510.2701662	417	20066	24330
1750399515.2844996	417	20077	24348
1750399520.298458	417	20085	24360
1750399525.3122916	417	20093	24381
1750399530.3264275	417	20103	24398
1750399535.3402915	417	20112	24411
1750399540.3542266	417	20130	24418
1750399545.3757885	417	20142	24431
1750399550.389897	417	20156	24437
1750399555.4042206	417	20178	24450
1750399560.4183698	417	20189	24461
1750399565.432707	417	20198	24471
1750399570.4469962	417	20211	24483
1750399575.4609363	418	20222	24502
1750399580.47494	419	20241	24509
1750399585.4961174	419	20254	24522
1750399590.5100422	419	20264	24533
1750399595.5305653	419	20274	24546
1750399600.5493376	419	20285	24560
1750399605.5634763	419	20299	24579
1750399610.5772996	420	20306	24599
1750399615.5912924	421	20320	24616
1750399620.6124957	421	20331	24626
1750399625.626312	421	20342	24639
1750399630.6405554	421	20347	24652
1750399635.654623	422	20363	24662
1750399640.669049	422	20382	24678
1750399645.6829932	422	20391	24692
1750399650.6971996	422	20407	24707
1750399655.7150202	422	20421	24714
1750399660.7291555	422	20433	24724
1750399665.7432485	422	20444	24732
1750399670.7573428	422	20454	24744
1750399675.7714665	422	20472	24759
1750399680.7856054	423	20483	24781
1750399685.7993894	424	20497	24802
1750399690.8137307	424	20510	24817
1750399695.8278906	424	20517	24828
1750399700.842167	424	20525	24843
1750399705.8607423	425	20540	24855
1750399710.8749316	425	20550	24867
1750399715.8888826	425	20554	24875
1750399720.9034567	426	20570	24896
1750399725.923907	426	20580	24910
1750399730.9378538	426	20588	24926
1750399735.9532735	426	20597	24939
1750399740.975493	426	20614	24953
1750399745.9894953	426	20631	24959
1750399751.0035126	426	20645	24973
1750399756.017655	427	20655	24988
1750399761.0319538	427	20666	25009
1750399766.046008	427	20676	25015
1750399771.0601628	427	20682	25029
1750399776.0742087	427	20703	25037
1750399781.0900018	427	20712	25051
1750399786.113046	427	20725	25063
1750399791.129641	428	20733	25076
1750399796.1468613	428	20743	25081
1750399801.1682248	428	20757	25093
1750399806.1846113	429	20770	25107
1750399811.2014198	429	20776	25118
1750399816.2239776	429	20793	25142
1750399821.240763	429	20809	25159
1750399826.257488	429	20822	25173
1750399831.2774801	430	20834	25187
1750399836.2938244	430	20849	25203
1750399841.3098931	430	20868	25214
1750399846.332115	430	20880	25228
1750399851.3476856	430	20896	25241
1750399856.3642848	430	20903	25249
1750399861.3859634	430	20912	25264
1750399866.4032488	430	20922	25275
1750399871.4202638	430	20929	25292
1750399876.4358382	430	20945	25315
1750399881.452194	431	20953	25330
1750399886.468871	431	20967	25346
1750399891.4857042	431	20982	25361
1750399896.5024705	431	20999	25372
1750399901.51767	431	21020	25382
1750399906.5351694	431	21032	25396
1750399911.551993	431	21042	25407
1750399916.5684187	432	21051	25425
1750399921.5857837	433	21064	25439
1750399926.6014888	433	21070	25454
1750399931.6198876	433	21082	25470
1750399936.637413	433	21088	25484
1750399941.653969	433	21098	25492
1750399946.673896	433	21109	25506
1750399951.690163	434	21119	25520
1750399956.7074895	434	21134	25534
1750399961.7290711	434	21146	25544
1750399966.7456388	434	21158	25562
1750399971.762353	434	21168	25579
1750399976.7837987	435	21178	25593
1750399981.801506	435	21188	25613
1750399986.8181741	436	21201	25633
1750399991.8398647	436	21212	25646
1750399996.8570554	436	21227	25656
1750400001.872278	436	21239	25663
1750400006.891284	438	21251	25679
1750400011.9080925	438	21259	25691
1750400016.9248922	438	21274	25703
1750400021.943905	438	21287	25713
1750400026.9591544	440	21300	25724
1750400031.974276	441	21312	25745
1750400036.9948356	442	21323	25758
1750400042.012372	443	21341	25771
1750400047.029743	443	21351	25785
1750400052.0454082	443	21363	25802
1750400057.062091	444	21381	25824
1750400062.0789237	444	21392	25833
1750400067.096141	444	21408	25848
1750400072.1131363	444	21416	25863
1750400077.128339	444	21429	25874
1750400082.1450493	444	21445	25884
1750400087.1616023	444	21455	25902
1750400092.177794	444	21474	25912
1750400097.196095	444	21480	25922
1750400102.2122297	444	21490	25935
1750400107.2330108	444	21500	25947
1750400112.2502244	444	21511	25959
1750400117.2673607	444	21526	25969
1750400122.2901173	445	21534	25984
1750400127.306013	447	21553	26002
1750400132.3229527	447	21565	26011
1750400137.3461275	447	21581	26014
1750400142.36155	447	21589	26024
1750400147.3785238	447	21600	26038
1750400152.400616	448	21617	26056
1750400157.4152868	448	21625	26063
1750400162.4306312	448	21637	26081
1750400167.4463005	448	21644	26093
1750400172.4618099	448	21652	26104
1750400177.4788342	448	21662	26112
1750400182.4956567	448	21677	26122
1750400187.5105925	448	21684	26141
1750400192.5270581	448	21700	26157
1750400197.5434828	449	21712	26173
1750400202.56072	449	21724	26185
1750400207.5779903	450	21740	26200
1750400212.5947635	450	21754	26206
1750400217.611565	450	21763	26217
1750400222.6279342	450	21774	26231
1750400227.6448274	451	21788	26245
1750400232.6622176	452	21798	26255
1750400237.6780787	452	21802	26270
1750400242.6950614	452	21812	26285
1750400247.7183287	452	21822	26297
1750400252.7330668	452	21835	26307
1750400257.7491434	454	21850	26319
1750400262.7732847	455	21862	26333
1750400267.7903314	456	21873	26344
1750400272.8069072	456	21881	26356
1750400277.8257246	456	21893	26368
1750400282.842472	457	21903	26385
1750400287.8598003	457	21916	26398
1750400292.8767157	457	21928	26413
1750400297.8919618	458	21934	26434
1750400302.908518	458	21940	26452
1750400307.9250178	458	21952	26467
1750400312.941769	458	21965	26484
1750400317.958958	458	21987	26495
1750400322.9758294	458	22004	26512
1750400327.9932404	458	22022	26528
1750400333.009505	458	22034	26543
1750400338.026589	458	22048	26551
1750400343.0437975	458	22060	26562
1750400348.060774	458	22072	26578
1750400353.0775335	458	22090	26589
1750400358.094225	458	22101	26611
1750400363.114548	458	22115	26622
1750400368.131919	458	22127	26635
1750400373.1485755	458	22139	26656
1750400378.1689677	458	22150	26664
1750400383.186045	458	22160	26678
1750400388.202694	458	22168	26691
1750400393.2242277	459	22183	26704
1750400398.2412858	460	22199	26719
1750400403.2588582	460	22210	26728
1750400408.2774332	460	22224	26742
1750400413.2939734	460	22232	26756
1750400418.3113165	460	22243	26765
1750400423.32932	460	22255	26778
1750400428.3462203	460	22273	26794
1750400433.362599	460	22278	26806
1750400438.3835819	460	22290	26815
1750400443.4012141	460	22303	26822
1750400448.4184487	463	22316	26843
1750400453.4356246	463	22326	26859
1750400458.4505522	463	22335	26873
1750400463.4669147	463	22349	26887
1750400468.4853988	463	22362	26899
1750400473.502447	463	22379	26916
1750400478.5198338	463	22390	26926
1750400483.53794	464	22405	26943
1750400488.554752	464	22416	26951
1750400493.571597	464	22435	26964
1750400498.5913007	465	22445	26979
1750400503.6081607	470	22458	27006
1750400508.623948	470	22472	27019
1750400513.6416085	472	22486	27041
1750400518.658502	472	22499	27057
1750400523.6796362	472	22515	27069
1750400528.6971202	472	22525	27081
1750400533.712374	472	22543	27103
1750400538.7378864	472	22549	27117
1750400543.7549806	473	22560	27134
1750400548.7713127	473	22570	27152
1750400553.7913544	473	22585	27164
1750400558.8064575	473	22602	27173
1750400563.8220708	473	22620	27193
1750400568.8453586	473	22635	27211
1750400573.8618083	473	22643	27224
1750400578.8789732	474	22656	27233
1750400583.897055	474	22662	27246
1750400588.9132085	474	22675	27259
1750400593.9292362	474	22685	27274
1750400598.9528837	474	22693	27289
1750400603.9704716	474	22703	27300
1750400608.9850194	475	22712	27309
1750400614.0022802	475	22727	27320
1750400619.0189962	475	22743	27331
1750400624.035618	475	22757	27345
1750400629.0532072	475	22768	27358
1750400634.0700037	475	22779	27370
1750400639.0864408	475	22788	27381
1750400644.1032224	475	22800	27394
1750400649.120169	475	22814	27407
1750400654.1372442	475	22827	27421
1750400659.1534956	476	22832	27434
1750400664.1702352	477	22843	27449
1750400669.1853397	477	22853	27462
1750400674.200634	477	22862	27479
1750400679.2179167	478	22870	27490
1750400684.236528	478	22883	27502
1750400689.2531815	478	22889	27515
1750400694.2686205	478	22894	27524
1750400699.2920313	478	22905	27540
1750400704.3088706	478	22912	27552
1750400709.3243906	478	22918	27560
1750400714.3444884	478	22924	27573
1750400719.3588538	478	22934	27583
1750400724.3735073	478	22942	27593
