1750052146.0980752	0	0	1
1750052151.115095	0	3	12
1750052156.1352458	0	12	25
1750052161.1457734	0	19	35
1750052166.157364	0	22	43
1750052171.1695595	0	25	54
1750052176.1820881	0	30	66
1750052181.1946468	1	38	81
1750052186.2091038	3	45	99
1750052191.2212358	3	51	112
1750052196.2345474	3	58	128
1750052201.2474976	3	63	141
1750052206.2611876	3	70	153
1750052211.272813	3	72	171
1750052216.284397	3	77	184
1750052221.3044226	3	90	197
1750052226.3147898	3	94	215
1750052231.3264034	3	101	225
1750052236.337519	3	109	240
1750052241.35075	3	113	250
1750052246.3625612	3	115	258
1750052251.376196	3	123	281
1750052256.3896422	3	132	298
1750052261.4009867	3	141	311
1750052266.4127564	3	147	325
1750052271.4257014	3	152	339
1750052276.4378977	3	156	357
1750052281.4521177	3	162	368
1750052286.4709775	3	166	384
1750052291.4831512	3	171	400
1750052296.4962244	4	182	409
1750052301.5095692	4	191	424
1750052306.5229266	4	195	435
1750052311.5355313	4	200	449
1750052316.5485544	4	203	466
1750052321.561723	4	210	478
1750052326.5742147	4	218	488
1750052331.587868	4	224	495
1750052336.5999532	4	227	502
1750052341.6135423	4	231	513
1750052346.627133	4	237	518
1750052351.6428943	5	242	530
1750052356.6542633	5	252	546
1750052361.6673486	5	257	553
1750052366.6798308	6	262	566
1750052371.693124	6	270	580
1750052376.7052085	6	273	600
1750052381.7182474	6	278	611
1750052386.7345662	6	280	625
1750052391.7474315	6	286	631
1750052396.7593472	6	289	642
1750052401.7708561	6	295	656
1750052406.7817538	6	303	672
1750052411.7956173	6	309	688
1750052416.809725	6	314	695
1750052421.8256056	6	323	702
1750052426.8378856	6	328	720
1750052431.8515425	6	334	733
1750052436.8650622	6	335	746
1750052441.8786106	6	338	765
1750052446.890688	6	345	778
1750052451.9090788	6	351	786
1750052456.9220536	6	356	802
1750052461.93521	6	363	822
1750052466.949081	6	367	841
1750052471.9613545	6	373	849
1750052476.9744468	7	383	872
1750052481.989226	7	390	881
1750052487.0015616	7	397	894
1750052492.012501	7	407	907
1750052497.0258763	7	410	920
1750052502.0388095	8	413	928
1750052507.0531492	8	417	938
1750052512.0662217	8	422	951
1750052517.0833108	8	426	960
1750052522.0963454	8	430	974
1750052527.1085331	8	431	989
1750052532.122092	8	434	996
1750052537.135454	8	440	1009
1750052542.1489973	9	453	1021
1750052547.163649	9	459	1033
1750052552.1777012	9	462	1046
1750052557.190943	10	469	1064
1750052562.20276	10	477	1074
1750052567.2155771	11	485	1099
1750052572.2272232	11	492	1110
1750052577.2407224	11	497	1125
1750052582.2542605	12	501	1137
1750052587.2681215	12	506	1149
1750052592.282337	13	514	1165
1750052597.2955637	14	520	1178
1750052602.3090556	14	523	1188
1750052607.3253913	16	530	1208
1750052612.3468328	16	537	1224
1750052617.3616483	16	544	1244
1750052622.3759477	16	549	1257
1750052627.3906515	16	555	1274
1750052632.4042623	16	558	1281
1750052637.418468	17	562	1298
1750052642.4320936	17	566	1310
1750052647.4519703	17	571	1322
1750052652.46625	18	582	1336
1750052657.4794111	18	583	1343
1750052662.4928977	18	588	1361
1750052667.5065231	18	598	1374
1750052672.5193214	20	607	1387
1750052677.5360925	20	612	1402
1750052682.5562224	21	620	1417
1750052687.5711868	21	626	1433
1750052692.5833588	21	635	1442
1750052697.5975597	21	645	1452
1750052702.6113362	21	648	1465
1750052707.624912	21	656	1474
1750052712.6377196	21	660	1487
1750052717.6583283	21	666	1499
1750052722.6731265	21	673	1513
1750052727.6857336	21	678	1522
1750052732.6988027	21	682	1541
1750052737.7133677	22	689	1549
1750052742.7319717	22	699	1557
1750052747.7509508	23	710	1568
1750052752.7643178	24	715	1581
1750052757.7780082	24	726	1596
1750052762.7906709	24	734	1609
1750052767.8026316	24	737	1631
1750052772.8161933	24	742	1647
1750052777.8296535	24	753	1657
1750052782.8421392	24	757	1672
1750052787.8549829	25	767	1686
1750052792.8681467	25	769	1692
1750052797.881475	25	773	1706
1750052802.8950467	26	779	1724
1750052807.9077902	26	786	1735
1750052812.9200006	26	790	1747
1750052817.9340267	27	795	1757
1750052822.9481413	27	799	1769
1750052827.9700677	28	806	1776
1750052832.9840245	28	812	1791
1750052837.996984	28	819	1805
1750052843.0107665	28	825	1821
1750052848.0244074	29	832	1828
1750052853.0379927	29	834	1837
1750052858.0537508	29	844	1850
1750052863.0703151	29	855	1857
1750052868.0842478	31	860	1872
1750052873.0984612	31	865	1892
1750052878.1119368	33	873	1907
1750052883.124919	33	879	1914
1750052888.1380005	34	886	1941
1750052893.151356	34	889	1951
1750052898.1686912	34	895	1958
1750052903.1800654	35	902	1966
1750052908.1919558	35	908	1973
1750052913.2047472	35	914	1986
1750052918.2249384	35	919	1999
1750052923.2450166	35	924	2014
1750052928.2641504	35	933	2024
1750052933.2778125	35	942	2037
1750052938.2907012	35	948	2058
1750052943.302783	35	955	2068
1750052948.317049	35	957	2083
1750052953.3302588	35	959	2102
1750052958.3442464	36	975	2120
1750052963.3618898	36	976	2132
1750052968.3749902	36	981	2140
1750052973.3885348	36	986	2147
1750052978.402227	38	995	2160
1750052983.415803	39	1003	2174
1750052988.4352665	39	1008	2186
1750052993.4489365	39	1010	2201
1750052998.463137	40	1016	2213
1750053003.4773285	40	1018	2226
1750053008.4910963	40	1022	2244
1750053013.5042048	41	1030	2256
1750053018.517346	41	1035	2267
1750053023.5321355	41	1041	2287
1750053028.5463078	41	1047	2309
1750053033.5601943	41	1050	2322
1750053038.577917	41	1054	2334
1750053043.5953991	41	1061	2346
1750053048.6076057	41	1065	2361
1750053053.6210952	41	1069	2371
1750053058.6348042	41	1074	2385
1750053063.6490886	41	1077	2397
1750053068.670476	41	1086	2410
1750053073.68465	41	1090	2421
1750053078.7038958	41	1094	2438
1750053083.7184777	41	1100	2453
1750053088.7338152	41	1107	2462
1750053093.7479477	41	1116	2476
1750053098.7627566	41	1119	2496
1750053103.7834198	43	1125	2515
1750053108.8031614	43	1131	2534
1750053113.8159285	43	1133	2551
1750053118.828406	43	1141	2557
1750053123.8420289	43	1149	2574
1750053128.8544102	43	1157	2595
1750053133.8701565	43	1163	2606
1750053138.883115	43	1168	2618
1750053143.8967092	43	1172	2631
1750053148.909188	43	1175	2637
1750053153.9218426	43	1182	2648
1750053158.935153	43	1186	2659
1750053163.9486713	43	1196	2671
1750053168.9618292	43	1204	2687
1750053173.9746354	43	1212	2700
1750053178.9869146	44	1223	2715
1750053184.0043454	45	1229	2732
1750053189.0173547	45	1231	2745
1750053194.0334404	45	1235	2757
1750053199.0475662	45	1243	2767
1750053204.061184	45	1253	2785
1750053209.07511	45	1262	2803
1750053214.090055	45	1267	2819
1750053219.1027808	45	1275	2828
1750053224.1160345	45	1282	2846
1750053229.1296082	47	1291	2861
1750053234.142556	47	1298	2875
1750053239.155399	47	1302	2886
1750053244.1687114	47	1309	2896
1750053249.1814756	47	1314	2916
1750053254.194984	47	1321	2923
1750053259.2094395	47	1327	2932
1750053264.2234862	47	1334	2940
1750053269.2445748	47	1341	2947
1750053274.2583811	47	1344	2957
1750053279.2727206	48	1349	2970
1750053284.2865472	48	1356	2977
1750053289.3009439	48	1358	2992
1750053294.3178048	48	1363	3000
1750053299.3345573	48	1364	3014
1750053304.3483021	48	1370	3028
1750053309.3631365	48	1377	3042
1750053314.3782144	48	1386	3049
1750053319.3925831	48	1397	3063
1750053324.407428	48	1406	3079
1750053329.4260323	48	1412	3097
1750053334.4389374	48	1421	3111
1750053339.453175	48	1423	3121
1750053344.4662673	49	1427	3132
1750053349.4800425	49	1431	3147
1750053354.4946105	49	1438	3158
1750053359.5085862	49	1443	3170
1750053364.5225818	49	1448	3181
1750053369.536769	49	1456	3196
1750053374.5495286	49	1459	3211
1750053379.5618415	49	1465	3227
1750053384.5831277	49	1473	3241
1750053389.5971704	49	1476	3258
1750053394.611861	49	1485	3271
1750053399.6255877	49	1489	3281
1750053404.6380932	49	1495	3301
1750053409.6515508	50	1499	3316
1750053414.66915	50	1502	3321
1750053419.6835747	50	1508	3341
1750053424.6982553	51	1512	3357
1750053429.712924	51	1514	3372
1750053434.728382	51	1523	3388
1750053439.7421122	51	1532	3401
1750053444.7598717	51	1540	3414
1750053449.774436	51	1546	3422
1750053454.7984087	51	1553	3436
1750053459.812711	51	1560	3445
1750053464.8255787	51	1563	3456
1750053469.8395996	52	1568	3468
1750053474.8537319	52	1571	3485
1750053479.8719037	52	1580	3503
1750053484.8871431	52	1588	3514
1750053489.9000113	53	1595	3535
1750053494.9147317	53	1598	3547
1750053499.9287179	53	1601	3558
1750053504.9425094	53	1606	3568
1750053509.9614644	53	1612	3576
1750053514.9751475	53	1614	3587
1750053519.990414	53	1619	3601
1750053525.005165	53	1626	3620
1750053530.0190315	53	1631	3632
1750053535.03275	53	1635	3649
1750053540.0458448	53	1641	3661
1750053545.0611608	53	1654	3670
1750053550.0741048	53	1661	3685
1750053555.0891635	54	1667	3698
1750053560.1034713	54	1676	3713
1750053565.1223047	54	1686	3726
1750053570.1363318	54	1691	3736
1750053575.1506152	54	1698	3749
1750053580.164462	54	1706	3768
1750053585.1788077	54	1711	3777
1750053590.193121	54	1720	3789
1750053595.2071097	54	1721	3800
1750053600.2282717	54	1725	3810
1750053605.2420924	54	1730	3821
1750053610.2564034	54	1734	3837
1750053615.2706285	55	1744	3851
1750053620.2855117	55	1751	3854
1750053625.2985432	55	1761	3864
1750053630.3197324	55	1769	3874
1750053635.3347216	56	1777	3887
1750053640.3498397	56	1786	3900
1750053645.3636322	57	1795	3911
1750053650.377072	57	1798	3919
1750053655.3906474	58	1801	3937
1750053660.4066632	59	1809	3947
1750053665.4206233	59	1814	3960
1750053670.4355054	60	1819	3975
1750053675.4492018	60	1823	3982
1750053680.463029	60	1831	3992
1750053685.4776804	61	1840	4010
1750053690.49796	61	1843	4018
1750053695.5123427	63	1849	4035
1750053700.5270202	63	1858	4051
1750053705.5407608	63	1863	4070
1750053710.555529	63	1872	4084
1750053715.5713925	63	1877	4092
1750053720.585768	63	1883	4104
1750053725.6052444	63	1888	4113
1750053730.6190205	63	1895	4120
1750053735.6359425	64	1901	4140
1750053740.6502125	65	1910	4152
1750053745.66376	65	1911	4166
1750053750.6782348	65	1913	4179
1750053755.6980262	65	1916	4191
1750053760.7179444	66	1926	4210
1750053765.7373629	66	1930	4224
1750053770.7523594	67	1936	4234
1750053775.7665977	69	1946	4249
1750053780.780763	69	1949	4262
1750053785.795891	69	1958	4279
1750053790.8112087	69	1963	4290
1750053795.8244035	69	1969	4303
1750053800.8421795	70	1976	4311
1750053805.8546362	71	1980	4320
1750053810.8668535	71	1985	4334
1750053815.8800724	72	1992	4347
1750053820.8928838	72	1992	4359
1750053825.9070263	72	1998	4374
1750053830.9198322	72	2003	4379
1750053835.9330583	72	2011	4391
1750053840.9471529	72	2018	4407
1750053845.9671552	72	2023	4418
1750053850.9812453	72	2026	4436
1750053855.996162	72	2034	4451
1750053861.0112922	72	2036	4462
1750053866.0256982	72	2040	4473
1750053871.0404363	72	2042	4487
1750053876.0576653	72	2053	4499
1750053881.0731223	72	2060	4511
1750053886.0860546	72	2066	4525
1750053891.1004548	72	2069	4538
1750053896.1146717	72	2076	4548
1750053901.1295109	72	2084	4562
1750053906.1452076	72	2093	4574
1750053911.1596365	72	2098	4590
1750053916.1745486	72	2104	4604
1750053921.1891758	73	2110	4620
1750053926.2035766	73	2121	4636
1750053931.2183564	73	2126	4656
1750053936.2326505	74	2133	4667
1750053941.255473	74	2138	4681
1750053946.2726662	74	2143	4694
1750053951.286059	75	2149	4707
1750053956.2998738	75	2153	4723
1750053961.314154	75	2155	4738
1750053966.328326	76	2163	4756
1750053971.3425853	76	2167	4769
1750053976.3573165	76	2173	4782
1750053981.3757274	76	2177	4790
1750053986.3900032	76	2185	4801
1750053991.4041944	76	2190	4816
1750053996.4172513	76	2195	4829
1750054001.432206	76	2202	4843
1750054006.4522104	76	2215	4857
1750054011.4730155	76	2220	4869
1750054016.4875243	77	2222	4884
1750054021.50239	77	2224	4900
1750054026.5169275	77	2232	4910
1750054031.5321617	78	2236	4920
1750054036.5467193	78	2244	4932
1750054041.5668626	79	2249	4950
1750054046.5806737	79	2250	4964
1750054051.5954125	79	2255	4977
1750054056.6096127	79	2259	4992
1750054061.6243188	79	2260	5003
1750054066.6389873	79	2262	5014
1750054071.653256	79	2267	5025
1750054076.6738875	79	2273	5037
1750054081.6878097	79	2280	5045
1750054086.7012236	79	2285	5058
1750054091.71477	79	2291	5068
1750054096.7280512	79	2299	5078
1750054101.7416217	80	2305	5096
1750054106.7546916	81	2308	5108
1750054111.7752972	82	2318	5122
1750054116.7902727	82	2322	5134
1750054121.8054798	82	2329	5146
1750054126.8200486	83	2338	5159
1750054131.8329315	83	2345	5169
1750054136.8478332	83	2351	5183
1750054141.8629477	83	2358	5191
1750054146.876963	83	2360	5202
1750054151.891752	83	2365	5224
1750054156.9068127	83	2371	5231
1750054161.9214272	83	2382	5247
1750054166.9371066	83	2387	5256
1750054171.9511607	83	2395	5265
1750054176.9658968	83	2404	5283
1750054181.979379	83	2411	5298
1750054186.9932854	83	2416	5310
1750054192.0067573	83	2422	5317
1750054197.0197918	83	2432	5334
1750054202.033239	83	2441	5344
1750054207.0474484	83	2444	5349
1750054212.061852	83	2450	5362
1750054217.0765705	83	2454	5377
1750054222.0941148	83	2465	5386
1750054227.1079473	83	2472	5399
1750054232.121603	83	2480	5414
1750054237.1357453	83	2484	5426
1750054242.1500347	83	2491	5445
1750054247.164852	85	2497	5457
1750054252.1792712	85	2506	5474
1750054257.1957054	85	2509	5486
1750054262.2108557	85	2512	5498
1750054267.2246103	85	2516	5514
1750054272.2384057	85	2524	5523
1750054277.2525475	85	2533	5533
1750054282.2674747	85	2536	5550
1750054287.2859895	86	2547	5567
1750054292.2988317	86	2552	5579
1750054297.311524	86	2556	5589
1750054302.3249538	86	2562	5600
1750054307.337889	86	2565	5616
1750054312.3516922	87	2570	5631
1750054317.3678935	87	2577	5647
1750054322.3815234	87	2583	5663
1750054327.395825	87	2587	5676
1750054332.409475	87	2590	5688
1750054337.421976	87	2594	5705
1750054342.435532	87	2597	5717
1750054347.4576762	87	2605	5730
1750054352.4707472	88	2615	5741
1750054357.4831522	88	2620	5756
1750054362.4970188	88	2628	5773
1750054367.5107143	88	2634	5785
1750054372.5243158	88	2639	5803
1750054377.5386224	88	2647	5813
1750054382.5516074	88	2653	5824
1750054387.565297	88	2664	5836
1750054392.5780718	88	2670	5848
1750054397.5902734	88	2678	5862
1750054402.6052232	88	2684	5873
1750054407.6211555	88	2690	5878
1750054412.6345093	88	2695	5891
1750054417.6482747	88	2704	5903
1750054422.6622043	88	2711	5914
1750054427.6799774	88	2716	5932
1750054432.7012918	89	2724	5946
1750054437.7240613	89	2730	5958
1750054442.7371442	89	2735	5967
1750054447.7521796	89	2740	5981
1750054452.765096	89	2749	5992
1750054457.7784855	89	2758	6007
1750054462.7919407	89	2759	6024
1750054467.8054886	89	2760	6036
1750054472.827407	89	2764	6046
1750054477.842666	89	2770	6065
1750054482.8583803	89	2777	6078
1750054487.872403	89	2782	6084
1750054492.8877423	89	2785	6095
1750054497.9020426	89	2793	6109
1750054502.9234252	89	2801	6120
1750054507.9358478	89	2807	6135
1750054512.9495625	90	2817	6150
1750054517.9629276	91	2830	6158
1750054522.9777765	92	2840	6177
1750054527.9907203	92	2846	6189
1750054533.004435	93	2848	6201
1750054538.018794	93	2853	6220
1750054543.0323386	93	2860	6231
1750054548.0447698	94	2863	6246
1750054553.0571506	94	2868	6254
1750054558.0719447	95	2878	6275
1750054563.0858552	95	2886	6292
1750054568.100532	96	2891	6302
1750054573.1146815	96	2900	6319
1750054578.127605	97	2904	6331
1750054583.1488092	97	2908	6341
1750054588.16324	97	2911	6356
1750054593.1770804	97	2914	6368
1750054598.1919649	97	2921	6380
1750054603.2056413	97	2926	6395
1750054608.2196734	97	2933	6406
1750054613.234267	97	2939	6422
1750054618.2545524	97	2940	6435
1750054623.2701235	99	2945	6452
1750054628.2831988	99	2949	6463
1750054633.2980676	99	2958	6477
1750054638.3141925	99	2968	6490
1750054643.3276196	99	2974	6501
1750054648.3475904	99	2979	6513
1750054653.3617237	99	2979	6528
1750054658.3772666	99	2980	6541
1750054663.3902726	99	2983	6558
1750054668.4055896	100	2989	6575
1750054673.4194193	100	2995	6590
1750054678.4382849	101	3003	6605
1750054683.4539955	101	3004	6619
1750054688.4700956	101	3006	6628
1750054693.4847562	101	3018	6641
1750054698.4994454	101	3028	6657
1750054703.5145903	101	3036	6671
1750054708.5306702	101	3041	6679
1750054713.5445514	101	3047	6693
1750054718.5584342	101	3055	6706
1750054723.5725145	101	3060	6720
1750054728.5884106	101	3064	6738
1750054733.6107445	101	3072	6749
1750054738.6257572	101	3076	6758
1750054743.641653	101	3083	6768
1750054748.6553547	101	3089	6780
1750054753.66953	101	3098	6787
1750054758.6852777	101	3108	6805
1750054763.700184	101	3113	6818
1750054768.721728	101	3115	6840
1750054773.7355585	102	3126	6855
1750054778.7492602	102	3131	6866
1750054783.7635758	102	3135	6875
1750054788.7824736	102	3140	6887
1750054793.8025084	102	3145	6898
1750054798.8165672	102	3148	6910
1750054803.8319592	102	3154	6921
1750054808.847757	102	3159	6942
1750054813.8625498	103	3164	6953
1750054818.876729	103	3170	6965
1750054823.8903542	103	3173	6975
1750054828.9053924	103	3180	6991
1750054833.9210052	103	3191	7003
1750054838.9368699	103	3198	7012
1750054843.9527366	103	3204	7020
1750054848.97059	103	3206	7028
1750054853.984607	103	3209	7050
1750054858.9992235	103	3218	7069
1750054864.0126824	104	3224	7076
1750054869.0268986	104	3227	7082
1750054874.0484877	104	3232	7097
1750054879.0635004	104	3238	7110
1750054884.082816	104	3247	7124
1750054889.0966475	104	3255	7136
1750054894.1287825	104	3259	7151
1750054899.1451771	104	3261	7167
1750054904.159575	105	3267	7183
1750054909.1742194	105	3277	7193
1750054914.1894197	105	3281	7209
1750054919.2043788	105	3287	7215
1750054924.2203927	105	3292	7225
1750054929.2352846	105	3297	7245
1750054934.2508526	105	3302	7254
1750054939.2662287	105	3310	7270
1750054944.2806253	105	3316	7287
1750054949.2997184	105	3320	7301
1750054954.3140512	105	3328	7314
1750054959.3286586	105	3335	7323
1750054964.343508	105	3340	7337
1750054969.3620374	105	3346	7346
1750054974.382147	105	3355	7361
1750054979.4036577	105	3362	7376
1750054984.4184432	105	3367	7394
1750054989.432727	105	3370	7406
1750054994.448367	106	3376	7422
1750054999.4632535	106	3378	7436
1750055004.477024	106	3379	7444
1750055009.4988012	106	3387	7460
1750055014.5148523	106	3394	7472
1750055019.5302851	106	3396	7491
1750055024.5460768	106	3398	7507
1750055029.561449	106	3406	7515
1750055034.5776222	106	3408	7525
1750055039.5947707	106	3419	7537
1750055044.6108072	106	3427	7549
1750055049.6262167	106	3433	7563
1750055054.6492224	106	3435	7571
1750055059.6640344	106	3440	7585
1750055064.683897	106	3446	7598
1750055069.6996043	107	3455	7614
1750055074.714082	107	3461	7625
1750055079.7284648	107	3469	7639
1750055084.743876	107	3476	7657
1750055089.7640264	108	3487	7671
1750055094.7863874	109	3493	7689
1750055099.801174	109	3501	7702
1750055104.815577	109	3509	7720
1750055109.8288836	109	3514	7731
1750055114.8423848	109	3519	7740
1750055119.857419	110	3535	7749
1750055124.8715928	110	3541	7761
1750055129.8858752	110	3549	7771
1750055134.899999	110	3555	7781
1750055139.9154098	110	3562	7793
1750055144.9292502	110	3567	7809
1750055149.9442132	110	3572	7820
1750055154.9595997	110	3575	7830
1750055159.975294	111	3583	7845
1750055164.989022	111	3586	7859
1750055170.00282	111	3591	7875
1750055175.0174963	111	3597	7895
1750055180.0387394	111	3603	7909
1750055185.0523002	111	3608	7916
1750055190.0656326	111	3612	7932
1750055195.0796402	111	3616	7947
1750055200.1014917	111	3620	7966
1750055205.1229362	111	3631	7981
1750055210.142492	111	3634	7994
1750055215.1569555	111	3638	8005
1750055220.1711392	111	3642	8017
1750055225.186398	111	3648	8023
1750055230.2009628	112	3655	8035
1750055235.2173867	112	3657	8042
1750055240.230966	112	3661	8056
1750055245.2532306	112	3663	8064
1750055250.2688086	112	3667	8081
1750055255.2836137	112	3669	8093
1750055260.2980824	112	3676	8104
1750055265.3144178	112	3679	8118
1750055270.335513	113	3689	8129
1750055275.3564079	113	3694	8145
1750055280.3724062	113	3701	8157
1750055285.3885171	113	3708	8173
1750055290.404205	113	3714	8191
1750055295.419295	113	3721	8202
1750055300.433578	113	3728	8215
1750055305.4546685	113	3737	8228
1750055310.4693806	113	3743	8243
1750055315.4844363	113	3752	8255
1750055320.4984133	114	3756	8266
1750055325.5133548	114	3763	8276
1750055330.5293858	115	3768	8289
1750055335.5455804	115	3777	8299
1750055340.5606263	115	3784	8313
1750055345.576551	115	3787	8323
1750055350.590921	115	3792	8338
1750055355.6066859	115	3793	8355
1750055360.621269	115	3796	8367
1750055365.6399112	116	3803	8379
1750055370.6555874	116	3806	8389
1750055375.6776028	116	3811	8401
1750055380.6923618	116	3815	8414
1750055385.7072954	116	3820	8426
1750055390.7231948	117	3827	8438
1750055395.7390199	117	3831	8451
1750055400.7560792	117	3838	8466
1750055405.771022	117	3843	8481
1750055410.7851124	117	3847	8503
1750055415.8003566	117	3855	8513
1750055420.8157477	117	3862	8521
1750055425.8312008	117	3868	8535
1750055430.8516448	117	3874	8549
1750055435.8655474	117	3887	8563
1750055440.8806026	117	3891	8581
1750055445.8963227	117	3895	8593
1750055450.9127936	117	3901	8607
1750055455.9287455	117	3905	8621
1750055460.9443567	117	3909	8632
1750055465.9600432	117	3916	8644
1750055470.976141	117	3926	8656
1750055475.9908004	117	3931	8672
1750055481.0055542	117	3936	8682
1750055486.0209758	118	3940	8701
1750055491.0371995	118	3945	8719
1750055496.0510888	118	3950	8736
1750055501.0663328	118	3959	8755
1750055506.0819492	119	3966	8770
1750055511.0981903	119	3973	8788
1750055516.1136243	119	3979	8801
1750055521.1332803	119	3981	8817
1750055526.1482952	119	3984	8832
1750055531.1641345	119	3988	8852
1750055536.1797745	119	3999	8860
1750055541.1956499	119	4005	8872
1750055546.2116332	119	4011	8880
1750055551.2300591	119	4017	8895
1750055556.2454596	119	4022	8910
1750055561.2610383	119	4030	8922
1750055566.2765393	119	4039	8936
1750055571.2925277	119	4046	8954
1750055576.3087547	119	4053	8966
1750055581.322927	119	4055	8976
1750055586.33863	120	4060	8987
1750055591.3536623	120	4063	8995
1750055596.3695168	120	4070	9006
1750055601.386151	121	4078	9017
1750055606.4000778	121	4083	9027
1750055611.4158866	121	4088	9034
1750055616.4306228	121	4094	9042
1750055621.4462442	121	4102	9052
1750055626.4620898	121	4107	9064
1750055631.4759443	121	4113	9077
1750055636.490988	121	4116	9091
1750055641.507787	121	4120	9108
1750055646.52464	121	4127	9120
1750055651.5389335	121	4133	9136
1750055656.5536509	122	4139	9155
1750055661.569536	122	4143	9168
1750055666.5856943	123	4149	9182
1750055671.602527	123	4155	9190
1750055676.618819	123	4159	9203
1750055681.635538	123	4165	9220
1750055686.6512628	123	4170	9233
1750055691.6653714	123	4177	9244
1750055696.6801775	123	4184	9259
1750055701.6961315	123	4190	9269
1750055706.7113488	123	4193	9283
1750055711.727505	125	4201	9296
1750055716.7424068	125	4207	9316
1750055721.7567053	125	4212	9327
1750055726.7725635	125	4222	9334
1750055731.7911947	125	4224	9355
1750055736.8070471	125	4233	9361
1750055741.821278	126	4240	9377
1750055746.8371627	126	4245	9394
1750055751.8533573	126	4248	9408
1750055756.868844	126	4251	9422
1750055761.8844824	126	4259	9434
1750055766.9032445	126	4268	9450
1750055771.9176276	126	4271	9464
1750055776.9320242	126	4281	9482
1750055781.94781	126	4287	9496
1750055786.962429	126	4291	9506
1750055791.9773383	126	4293	9515
1750055796.9971416	126	4294	9527
1750055802.0125902	126	4297	9544
1750055807.027642	126	4297	9557
1750055812.042662	126	4302	9572
1750055817.0577333	126	4308	9586
1750055822.0741763	127	4314	9603
1750055827.0901096	127	4321	9613
1750055832.1065683	127	4328	9632
1750055837.1218803	127	4332	9645
1750055842.1383522	127	4334	9650
1750055847.1531434	128	4339	9673
1750055852.1686685	128	4342	9680
1750055857.1849475	129	4347	9696
1750055862.207505	129	4352	9707
1750055867.227049	129	4360	9723
1750055872.2413688	129	4366	9732
1750055877.2562582	129	4370	9742
1750055882.2707021	130	4374	9753
1750055887.2862628	130	4379	9765
1750055892.3017607	130	4387	9775
1750055897.3169973	131	4390	9787
1750055902.3352864	131	4401	9801
1750055907.3504474	131	4404	9821
1750055912.3664734	131	4411	9834
1750055917.3826988	131	4415	9841
1750055922.3994029	133	4425	9856
1750055927.419233	134	4432	9864
1750055932.44057	134	4439	9878
1750055937.4549265	134	4444	9892
1750055942.4689837	134	4448	9907
1750055947.483066	134	4458	9929
1750055952.4970279	134	4466	9942
1750055957.512676	134	4469	9955
1750055962.5263386	135	4476	9972
1750055967.5401459	135	4482	9984
1750055972.5538845	135	4487	9995
1750055977.569242	135	4491	10010
1750055982.5854917	135	4498	10021
1750055987.6001334	135	4508	10036
1750055992.6141722	135	4514	10052
1750055997.6278534	135	4519	10062
1750056002.6430647	135	4527	10073
1750056007.660229	135	4531	10088
1750056012.6748965	135	4535	10105
1750056017.69502	135	4539	10123
1750056022.7104845	135	4544	10134
1750056027.7260685	135	4550	10143
1750056032.74058	135	4555	10155
1750056037.758704	135	4560	10172
1750056042.774333	135	4566	10186
1750056047.789581	135	4571	10200
1750056052.8042734	135	4572	10213
1750056057.8197148	135	4577	10220
1750056062.835049	135	4582	10245
1750056067.8510664	135	4588	10256
1750056072.8680596	135	4595	10268
1750056077.8843472	135	4600	10286
1750056082.8992763	135	4604	10300
1750056087.913738	135	4609	10308
1750056092.9334753	135	4614	10320
1750056097.948683	135	4621	10330
1750056102.964607	135	4622	10339
1750056107.9809105	135	4628	10350
1750056112.9960897	135	4634	10363
1750056118.0114694	135	4637	10376
1750056123.0269053	135	4646	10390
1750056128.0425315	136	4653	10412
1750056133.0588098	136	4658	10424
1750056138.0732408	136	4661	10436
1750056143.0880146	136	4662	10447
1750056148.1020303	136	4665	10462
1750056153.117475	136	4671	10474
1750056158.1323044	136	4676	10481
1750056163.1477447	136	4681	10495
1750056168.1637824	136	4690	10509
1750056173.1798	136	4695	10525
1750056178.2000194	137	4703	10535
1750056183.2165797	137	4716	10548
1750056188.2319696	137	4718	10555
1750056193.2470827	137	4720	10569
1750056198.262131	137	4725	10583
1750056203.2769687	137	4729	10597
1750056208.2971642	137	4736	10613
1750056213.3112528	137	4745	10626
1750056218.325683	137	4748	10641
1750056223.3394551	137	4754	10660
1750056228.3540087	137	4764	10669
1750056233.3690763	137	4769	10685
1750056238.389771	138	4778	10700
1750056243.4043605	138	4780	10714
1750056248.4184642	138	4786	10724
1750056253.4326754	140	4795	10742
1750056258.447292	140	4803	10757
1750056263.4618742	140	4804	10766
1750056268.476248	140	4808	10778
1750056273.4911652	140	4814	10798
1750056278.5063396	140	4819	10812
1750056283.5209773	140	4823	10824
1750056288.5356128	140	4830	10835
1750056293.5587184	140	4836	10848
1750056298.5732753	140	4840	10862
1750056303.5880747	140	4847	10875
1750056308.603352	141	4854	10883
1750056313.618697	141	4860	10899
1750056318.6349287	142	4867	10911
1750056323.6494834	143	4874	10930
1750056328.6721144	144	4881	10940
1750056333.687	144	4886	10952
1750056338.7026076	144	4889	10962
1750056343.7165754	144	4892	10972
1750056348.7362182	144	4901	10982
1750056353.7576585	144	4904	10996
1750056358.78177	144	4911	11011
1750056363.796973	144	4919	11020
1750056368.812086	145	4924	11036
1750056373.8272235	145	4935	11048
1750056378.8431337	145	4937	11059
1750056383.8581522	146	4943	11075
1750056388.8734365	146	4950	11088
1750056393.8952408	146	4954	11101
1750056398.9104362	146	4955	11118
1750056403.9260736	146	4960	11130
1750056408.9412026	146	4971	11143
1750056413.9559476	146	4980	11156
1750056418.9764407	146	4982	11163
1750056424.0014243	146	4989	11177
1750056429.0182452	146	4994	11189
1750056434.034318	146	4997	11201
1750056439.0511348	146	5002	11219
1750056444.067145	146	5004	11228
1750056449.0824666	146	5010	11241
1750056454.1006615	147	5019	11260
1750056459.1170428	147	5021	11275
1750056464.1328096	147	5025	11290
1750056469.1490972	147	5031	11296
1750056474.165735	147	5037	11315
1750056479.1819713	147	5044	11327
1750056484.1982913	147	5050	11341
1750056489.2198863	147	5055	11352
1750056494.2341518	147	5065	11360
1750056499.2477853	147	5073	11377
1750056504.2612464	147	5080	11397
1750056509.2755098	147	5086	11416
1750056514.2934442	147	5094	11430
1750056519.3075445	147	5094	11439
1750056524.3216553	148	5097	11456
1750056529.3368719	148	5106	11468
1750056534.3508294	148	5111	11482
1750056539.3667703	148	5117	11495
1750056544.3811657	148	5122	11512
1750056549.3965886	148	5126	11532
1750056554.411731	148	5131	11544
1750056559.4268813	148	5134	11558
1750056564.4451964	148	5142	11575
1750056569.4600556	148	5152	11599
1750056574.474672	150	5165	11616
1750056579.489295	151	5174	11631
1750056584.5041065	151	5179	11648
1750056589.5192873	151	5191	11661
1750056594.534184	151	5200	11673
1750056599.548795	151	5206	11684
1750056604.5649805	151	5208	11696
1750056609.5800984	151	5211	11704
1750056614.5970232	152	5216	11710
1750056619.612803	152	5222	11718
1750056624.634102	152	5226	11734
1750056629.6508405	152	5234	11747
1750056634.665987	152	5243	11755
1750056639.6824782	152	5247	11766
1750056644.6996627	152	5249	11781
1750056649.722579	152	5253	11794
1750056654.743488	152	5257	11799
1750056659.759837	152	5261	11820
1750056664.7747848	152	5266	11828
1750056669.7909184	152	5269	11846
1750056674.806637	152	5272	11855
1750056679.822919	152	5276	11876
1750056684.8389504	152	5281	11892
1750056689.860121	152	5284	11909
1750056694.8760686	152	5295	11923
1750056699.8907506	152	5299	11942
1750056704.906911	153	5308	11953
1750056709.9232879	153	5316	11971
1750056714.9459326	153	5323	11991
1750056719.9683747	153	5329	12010
1750056724.9838414	153	5333	12020
1750056730.000043	154	5337	12034
1750056735.01443	154	5343	12051
1750056740.0306818	154	5350	12061
1750056745.0490928	154	5356	12070
1750056750.0647826	154	5361	12086
1750056755.081078	154	5365	12095
1750056760.0963643	154	5368	12114
1750056765.112097	154	5372	12136
1750056770.1274471	154	5377	12147
1750056775.1439724	154	5386	12161
1750056780.1586514	154	5390	12170
1750056785.174201	154	5391	12180
1750056790.189871	154	5394	12194
1750056795.207031	154	5395	12206
1750056800.2221453	155	5402	12217
1750056805.2432225	156	5410	12237
1750056810.2586937	156	5416	12254
1750056815.273528	156	5423	12265
1750056820.2891424	156	5429	12280
1750056825.3080637	156	5435	12298
1750056830.3327532	156	5445	12313
1750056835.350326	156	5454	12332
1750056840.3663342	156	5459	12346
1750056845.382794	156	5468	12370
1750056850.397561	156	5475	12382
1750056855.4134774	156	5481	12394
1750056860.4306643	156	5491	12408
1750056865.4460602	156	5497	12415
1750056870.4711056	156	5502	12424
1750056875.4874969	156	5506	12438
1750056880.5034175	156	5512	12447
1750056885.5193193	157	5518	12460
1750056890.535538	157	5521	12470
1750056895.556063	157	5524	12478
1750056900.580228	158	5530	12492
1750056905.5960696	158	5539	12507
1750056910.6105726	158	5545	12514
1750056915.6261177	158	5550	12523
1750056920.6411068	158	5560	12541
1750056925.6561306	158	5566	12554
1750056930.6721437	158	5572	12569
1750056935.6956787	158	5580	12580
1750056940.7113929	158	5589	12595
1750056945.7272367	159	5598	12607
1750056950.7425966	159	5603	12623
1750056955.760541	159	5607	12638
1750056960.7817204	159	5618	12651
1750056965.798792	159	5625	12672
1750056970.8144736	159	5630	12692
1750056975.830215	159	5638	12700
1750056980.8463628	159	5645	12710
1750056985.8618636	159	5649	12716
1750056990.8775935	159	5654	12725
1750056995.8924127	159	5657	12743
1750057000.9083147	159	5662	12755
1750057005.9240324	159	5671	12770
1750057010.946087	159	5680	12782
1750057015.9692168	160	5687	12797
1750057020.9836905	160	5691	12815
1750057025.9979131	161	5699	12823
1750057031.0122566	161	5704	12839
1750057036.0272765	161	5712	12850
1750057041.0464032	161	5714	12861
1750057046.060744	161	5718	12883
1750057051.0749707	162	5726	12905
1750057056.089902	163	5733	12914
1750057061.1039255	163	5738	12927
1750057066.1185493	163	5744	12936
1750057071.1337283	163	5747	12947
1750057076.14816	163	5752	12959
1750057081.1623673	163	5764	12966
1750057086.1773489	163	5778	12980
1750057091.1994247	164	5788	12997
1750057096.2142353	164	5793	13008
1750057101.231288	164	5795	13025
1750057106.2473688	164	5799	13035
1750057111.2642846	164	5806	13048
1750057116.2811198	164	5811	13060
1750057121.2974374	165	5817	13074
1750057126.312407	165	5822	13084
1750057131.328714	165	5832	13096
1750057136.343959	165	5840	13113
1750057141.3604443	165	5845	13123
1750057146.375044	165	5851	13141
1750057151.3912723	165	5854	13159
1750057156.4064577	165	5860	13172
1750057161.4208233	165	5868	13183
1750057166.4360123	165	5872	13198
1750057171.4502642	165	5879	13209
1750057176.465109	165	5887	13222
1750057181.481998	165	5890	13230
1750057186.498577	165	5898	13241
1750057191.51365	165	5903	13255
1750057196.5295148	166	5909	13268
1750057201.5537016	166	5912	13277
1750057206.5735242	166	5922	13290
1750057211.590335	167	5929	13306
1750057216.606105	167	5939	13317
1750057221.6213646	167	5950	13328
1750057226.6374488	167	5955	13341
1750057231.652153	167	5961	13353
1750057236.6725287	167	5967	13364
1750057241.6868587	167	5973	13374
1750057246.7003748	167	5978	13382
1750057251.7161915	167	5985	13393
1750057256.7317662	167	5989	13411
1750057261.747604	167	5996	13420
1750057266.7634268	167	6001	13434
1750057271.7783737	167	6007	13450
1750057276.795151	167	6015	13463
1750057281.8113532	167	6018	13474
1750057286.8265486	167	6024	13486
1750057291.8425422	167	6030	13495
1750057296.864308	167	6036	13509
1750057301.8801897	167	6042	13522
1750057306.8949723	167	6048	13541
1750057311.909465	167	6051	13548
1750057316.9247985	168	6055	13564
1750057321.9469602	168	6059	13577
1750057326.9623265	168	6066	13590
1750057331.9765158	168	6070	13606
1750057336.9911025	168	6076	13622
1750057342.0076041	168	6084	13637
1750057347.0229442	168	6088	13648
1750057352.0421345	168	6097	13664
1750057357.0581627	168	6104	13680
1750057362.0727086	168	6106	13692
1750057367.0877297	168	6109	13701
1750057372.102557	168	6115	13719
1750057377.1175869	168	6119	13728
1750057382.1313875	168	6128	13741
1750057387.1463623	168	6133	13751
1750057392.1612754	168	6139	13765
1750057397.175466	168	6149	13775
1750057402.1898665	168	6157	13789
1750057407.204098	169	6167	13804
1750057412.2244718	169	6169	13814
1750057417.239906	169	6178	13832
1750057422.2564042	169	6185	13844
1750057427.2717602	169	6187	13857
1750057432.2873042	169	6196	13860
1750057437.309279	170	6205	13870
1750057442.333217	170	6212	13885
1750057447.3499804	170	6216	13904
1750057452.3658507	170	6220	13917
1750057457.3813698	170	6227	13932
1750057462.397406	170	6233	13943
1750057467.4133475	170	6237	13959
1750057472.427985	170	6241	13969
1750057477.448141	170	6249	13985
1750057482.4625626	170	6254	13997
1750057487.4770617	172	6263	14012
1750057492.4916685	172	6270	14024
1750057497.512234	172	6278	14042
1750057502.5333817	172	6285	14058
1750057507.548621	172	6288	14071
1750057512.5633357	173	6295	14086
1750057517.5785832	173	6299	14105
1750057522.5938747	173	6303	14113
1750057527.6091604	174	6310	14127
1750057532.6236153	174	6316	14142
1750057537.6386957	174	6320	14157
1750057542.6533296	174	6329	14172
1750057547.6689124	174	6332	14183
1750057552.6854475	174	6334	14195
1750057557.705186	174	6341	14206
1750057562.7196035	174	6349	14222
1750057567.7431278	174	6354	14231
1750057572.757785	174	6361	14249
1750057577.7727482	174	6368	14261
1750057582.788027	174	6377	14272
1750057587.8114393	174	6381	14284
1750057592.825871	174	6388	14298
1750057597.8419158	175	6392	14312
1750057602.8581479	175	6398	14327
1750057607.8732276	175	6402	14335
1750057612.8879454	175	6406	14350
1750057617.9027064	177	6416	14366
1750057622.9250216	178	6423	14385
1750057627.9417357	178	6430	14391
1750057632.957155	178	6437	14408
1750057637.973902	178	6440	14415
1750057642.989108	178	6443	14423
1750057648.0059545	178	6444	14435
1750057653.029556	178	6451	14444
1750057658.0461283	178	6456	14456
1750057663.0628011	178	6461	14464
1750057668.0788717	178	6467	14483
1750057673.0949557	178	6472	14496
1750057678.1108751	178	6478	14520
1750057683.12677	178	6481	14536
1750057688.1434317	178	6482	14553
1750057693.1602888	178	6489	14558
1750057698.176064	178	6495	14574
1750057703.190771	178	6501	14587
1750057708.206878	178	6509	14600
1750057713.226179	178	6516	14614
1750057718.242041	178	6525	14627
1750057723.2669528	178	6533	14639
1750057728.2828119	178	6535	14656
1750057733.2990158	179	6540	14663
1750057738.3148565	179	6546	14679
1750057743.3299723	179	6549	14696
1750057748.3483224	179	6553	14707
1750057753.36414	179	6559	14716
1750057758.380492	179	6561	14727
1750057763.3966265	179	6564	14740
1750057768.412499	180	6574	14758
1750057773.4280157	181	6581	14771
1750057778.4489117	181	6585	14787
1750057783.465498	181	6589	14801
1750057788.481437	181	6595	14811
1750057793.4981225	182	6602	14833
1750057798.515213	182	6609	14845
1750057803.5319023	182	6614	14863
1750057808.5474946	182	6620	14878
1750057813.5704648	182	6627	14889
1750057818.5857925	184	6635	14905
1750057823.6038518	184	6642	14919
1750057828.619524	185	6647	14931
1750057833.634792	185	6653	14947
1750057838.6511872	185	6657	14959
1750057843.672104	185	6664	14974
1750057848.688064	185	6670	14986
1750057853.7036548	185	6676	15005
1750057858.719928	185	6679	15021
1750057863.7353904	185	6684	15032
1750057868.7514834	185	6690	15046
1750057873.7666037	186	6694	15052
1750057878.7821057	187	6698	15070
1750057883.796727	187	6705	15082
1750057888.813431	187	6716	15099
1750057893.8301911	188	6725	15113
1750057898.8513818	190	6729	15128
1750057903.8667152	190	6735	15144
1750057908.8820653	190	6740	15155
1750057913.8987858	191	6747	15172
1750057918.9150867	191	6752	15188
1750057923.9302402	191	6757	15205
1750057928.9489448	191	6762	15219
1750057933.9649615	191	6768	15237
1750057938.9807434	191	6770	15250
1750057943.9967709	191	6775	15267
1750057949.0121093	191	6783	15278
1750057954.0282016	191	6794	15295
1750057959.0502067	191	6799	15306
1750057964.0643764	191	6802	15316
1750057969.0800998	191	6809	15329
1750057974.0965302	191	6813	15335
1750057979.1119802	191	6821	15353
1750057984.12885	191	6830	15362
1750057989.1442447	191	6834	15376
1750057994.1603544	191	6836	15393
1750057999.1771114	191	6838	15408
1750058004.1927977	191	6841	15420
1750058009.2080193	191	6846	15431
1750058014.2237086	191	6851	15450
1750058019.2434535	191	6858	15465
1750058024.2597976	191	6865	15479
1750058029.2740357	191	6872	15490
1750058034.2889357	191	6883	15506
1750058039.309437	191	6887	15516
1750058044.331472	192	6892	15533
1750058049.3463314	192	6894	15548
1750058054.3625927	192	6898	15562
1750058059.378937	192	6901	15577
1750058064.3943405	192	6908	15596
1750058069.4099042	192	6915	15603
1750058074.4250257	192	6922	15613
1750058079.4414275	192	6927	15624
1750058084.4572086	193	6932	15633
1750058089.4739509	194	6936	15650
1750058094.489321	194	6942	15674
1750058099.5048676	195	6949	15688
1750058104.5212102	195	6953	15700
1750058109.5354342	195	6954	15722
1750058114.5500863	195	6961	15733
1750058119.566003	195	6968	15752
1750058124.58471	195	6976	15764
1750058129.5994725	195	6984	15778
1750058134.6208777	195	6988	15798
1750058139.6355755	195	6995	15805
1750058144.6508749	195	7000	15825
1750058149.6666632	195	7006	15838
1750058154.686601	196	7016	15860
1750058159.70783	196	7023	15874
1750058164.729543	196	7031	15886
1750058169.7461305	196	7038	15898
1750058174.7626326	196	7045	15915
1750058179.7785983	196	7050	15925
1750058184.7940342	196	7057	15940
1750058189.809301	196	7065	15951
1750058194.8257978	196	7071	15966
1750058199.8435898	196	7078	15977
1750058204.860592	197	7086	15993
1750058209.8762164	198	7093	16015
1750058214.892376	199	7101	16029
1750058219.9081225	199	7103	16041
1750058224.924854	199	7111	16051
1750058229.9480624	199	7116	16070
1750058234.9630108	199	7123	16083
1750058239.9781346	199	7129	16094
1750058244.9945545	199	7132	16104
1750058250.0106983	199	7133	16124
1750058255.0271192	199	7141	16134
1750058260.043566	199	7147	16144
1750058265.0589795	199	7152	16151
1750058270.074556	199	7156	16162
1750058275.090534	199	7161	16174
1750058280.1049938	199	7167	16185
1750058285.1193674	199	7176	16202
1750058290.1346552	199	7177	16211
1750058295.1486223	199	7181	16224
1750058300.16493	199	7185	16236
1750058305.180232	199	7191	16245
1750058310.1959429	199	7196	16263
1750058315.212341	199	7205	16280
1750058320.2306573	199	7211	16293
1750058325.24489	199	7218	16309
1750058330.2597451	199	7224	16318
1750058335.2750518	199	7231	16329
1750058340.2914598	199	7236	16344
1750058345.3076313	199	7245	16356
1750058350.32369	200	7254	16368
1750058355.3395884	200	7259	16382
1750058360.3543777	200	7265	16399
1750058365.3695633	200	7268	16410
1750058370.3835576	200	7274	16421
1750058375.4040902	201	7280	16433
1750058380.4201448	201	7283	16450
1750058385.4365919	201	7286	16461
1750058390.4519255	202	7300	16476
1750058395.4664419	202	7304	16487
1750058400.4805536	202	7309	16494
1750058405.4964778	202	7317	16502
1750058410.5171368	202	7324	16515
1750058415.533401	203	7336	16532
1750058420.5494144	203	7341	16545
1750058425.5654283	203	7345	16563
1750058430.5806983	203	7351	16581
1750058435.5962226	204	7359	16591
1750058440.6119637	204	7365	16601
1750058445.6328115	204	7374	16616
1750058450.6470418	204	7378	16629
1750058455.661162	204	7383	16637
1750058460.6773288	204	7393	16650
1750058465.6970367	204	7399	16662
1750058470.7178032	205	7414	16676
1750058475.7420678	205	7423	16685
1750058480.7581666	205	7424	16693
1750058485.7748346	205	7428	16705
1750058490.7905183	205	7436	16721
1750058495.8072486	205	7442	16730
1750058500.8228853	205	7450	16749
1750058505.839211	205	7459	16758
1750058510.8552203	205	7464	16771
1750058515.8713608	206	7468	16785
1750058520.8867605	207	7471	16800
1750058525.9023297	207	7481	16817
1750058530.9170706	207	7485	16827
1750058535.93303	208	7490	16840
1750058540.9480925	209	7495	16854
1750058545.9644363	209	7498	16862
1750058550.9801059	209	7504	16882
1750058555.9956636	209	7508	16897
1750058561.0105698	209	7515	16913
1750058566.028446	209	7522	16923
1750058571.0513291	209	7527	16934
1750058576.0715976	209	7532	16939
1750058581.0877707	209	7537	16951
1750058586.1029215	209	7543	16966
1750058591.1175487	209	7548	16973
1750058596.1336703	209	7551	16990
1750058601.1505885	209	7556	17001
1750058606.1667106	209	7559	17013
1750058611.1855338	209	7559	17030
1750058616.2007911	209	7568	17046
1750058621.2170596	209	7576	17065
1750058626.2323606	209	7586	17081
1750058631.2523322	209	7590	17093
1750058636.2738812	209	7597	17107
1750058641.2953894	209	7601	17134
1750058646.3111312	209	7603	17150
1750058651.3270476	209	7611	17162
1750058656.3430548	209	7615	17172
1750058661.3594432	209	7620	17185
1750058666.3758838	209	7626	17201
1750058671.3915062	209	7631	17216
1750058676.4101274	209	7639	17226
1750058681.4261074	209	7645	17241
1750058686.4409995	209	7651	17253
1750058691.4572399	209	7656	17266
1750058696.4735096	209	7661	17277
1750058701.4922886	209	7669	17290
1750058706.5157223	210	7676	17307
1750058711.5317793	210	7684	17327
1750058716.5482519	211	7690	17348
1750058721.5640285	211	7701	17358
1750058726.5791905	211	7706	17374
1750058731.5949037	211	7712	17386
1750058736.609676	211	7715	17397
1750058741.630751	211	7720	17412
1750058746.6448922	211	7724	17430
1750058751.6591287	211	7732	17438
1750058756.674515	211	7736	17454
1750058761.6927154	212	7743	17473
1750058766.711654	213	7749	17486
1750058771.7269936	213	7755	17503
1750058776.7425961	213	7764	17524
1750058781.7585235	213	7770	17533
1750058786.7739234	213	7776	17549
1750058791.7894423	213	7784	17564
1750058796.8118374	213	7788	17577
1750058801.828457	213	7792	17589
1750058806.8452678	213	7801	17606
1750058811.8617258	213	7806	17617
1750058816.877402	213	7809	17626
1750058821.8926492	213	7811	17635
1750058826.9174683	213	7816	17642
1750058831.9369252	213	7821	17653
1750058836.9540803	213	7828	17662
1750058841.9708307	213	7838	17666
1750058846.9867308	213	7845	17677
1750058852.0016842	213	7851	17685
1750058857.0183709	214	7861	17705
1750058862.0386775	214	7864	17724
1750058867.0548573	214	7871	17735
1750058872.0700796	214	7879	17746
1750058877.0845366	214	7884	17758
1750058882.1002963	214	7890	17773
1750058887.1158159	214	7898	17784
1750058892.1323118	214	7900	17793
1750058897.149698	214	7905	17808
1750058902.1660244	214	7910	17821
1750058907.1826034	214	7918	17832
1750058912.197245	215	7926	17844
1750058917.2173905	215	7931	17851
1750058922.233461	216	7940	17860
1750058927.2494698	216	7948	17876
1750058932.2658558	216	7949	17885
1750058937.280532	216	7962	17901
1750058942.2965498	216	7966	17917
1750058947.3165958	216	7971	17937
1750058952.3320868	216	7973	17950
1750058957.3482363	218	7980	17968
1750058962.3637648	218	7988	17979
1750058967.3800073	218	7991	17992
1750058972.3953366	218	7998	17999
1750058977.4180853	218	8003	18017
1750058982.4336503	218	8009	18029
1750058987.4496694	218	8011	18040
1750058992.4659226	218	8015	18045
1750058997.4811478	218	8022	18057
1750059002.4972613	219	8028	18067
1750059007.5136235	219	8031	18077
1750059012.5302074	219	8036	18088
1750059017.5465016	219	8042	18099
1750059022.5627048	219	8051	18110
1750059027.579198	220	8061	18122
1750059032.5997045	221	8069	18137
1750059037.6147249	221	8073	18153
1750059042.6298974	221	8078	18168
1750059047.6450615	221	8082	18184
1750059052.6596258	221	8091	18191
1750059057.6836717	221	8095	18213
1750059062.6989634	221	8107	18229
1750059067.7137175	222	8115	18243
1750059072.730283	222	8121	18257
1750059077.746189	222	8127	18272
1750059082.7627735	222	8130	18283
1750059087.7784777	223	8135	18300
1750059092.7938364	224	8143	18316
1750059097.8159003	224	8153	18326
1750059102.8299065	224	8159	18347
1750059107.8461308	224	8162	18359
1750059112.8620615	224	8168	18369
1750059117.878095	224	8173	18380
1750059122.8934567	224	8181	18391
1750059127.9094174	224	8191	18404
1750059132.9247804	225	8197	18410
1750059137.9418805	225	8202	18419
1750059142.9573925	225	8206	18431
1750059147.9720702	225	8212	18444
1750059152.9874163	225	8220	18461
1750059158.0106359	225	8230	18481
1750059163.0262356	225	8234	18504
1750059168.0416942	226	8243	18514
1750059173.0569792	227	8245	18526
1750059178.072217	227	8251	18536
1750059183.0885558	227	8255	18546
1750059188.1055093	227	8261	18559
1750059193.1220562	227	8268	18579
1750059198.1375103	227	8275	18595
1750059203.1531167	228	8279	18610
1750059208.1692207	228	8288	18631
1750059213.1916957	228	8293	18641
1750059218.2077627	228	8302	18652
1750059223.225249	228	8306	18662
1750059228.2419307	228	8312	18672
1750059233.258491	228	8318	18688
1750059238.2750616	228	8323	18704
1750059243.2911377	228	8332	18716
1750059248.3084486	228	8335	18728
1750059253.3248274	228	8346	18737
1750059258.3393068	228	8356	18749
1750059263.3553224	228	8361	18761
1750059268.37237	228	8367	18782
1750059273.3881075	228	8371	18791
1750059278.4099984	228	8375	18805
1750059283.4253738	228	8381	18820
1750059288.4412603	228	8386	18834
1750059293.457414	228	8391	18848
1750059298.4738686	228	8395	18857
1750059303.4893563	228	8404	18869
1750059308.504394	228	8409	18887
1750059313.5201583	228	8419	18901
1750059318.53622	228	8426	18916
1750059323.5522356	228	8430	18928
1750059328.5690708	228	8434	18942
1750059333.5842235	228	8442	18960
1750059338.60276	228	8448	18971
1750059343.6185093	229	8451	18984
1750059348.6433682	230	8456	19000
1750059353.659299	230	8465	19012
1750059358.6744232	230	8471	19021
1750059363.6909516	230	8473	19031
1750059368.7060795	230	8478	19046
1750059373.7234097	230	8484	19060
1750059378.7391794	230	8495	19077
1750059383.7555144	230	8502	19087
1750059388.7712057	230	8509	19103
1750059393.7879083	230	8517	19114
1750059398.8035374	230	8525	19123
1750059403.8221667	230	8536	19134
1750059408.8466406	230	8540	19154
1750059413.862603	230	8546	19165
1750059418.8780248	230	8555	19178
1750059423.8943899	230	8562	19190
1750059428.911399	230	8567	19208
1750059433.9273489	230	8573	19216
1750059438.9420252	231	8579	19229
1750059443.958205	231	8584	19239
1750059448.9742005	232	8589	19249
1750059453.9896245	232	8592	19263
1750059459.0053918	232	8600	19276
1750059464.0224261	232	8606	19298
1750059469.0409353	232	8613	19313
1750059474.0628493	233	8623	19326
1750059479.0846696	233	8628	19343
1750059484.098915	233	8633	19354
1750059489.114027	233	8637	19361
1750059494.1277597	233	8644	19372
1750059499.1420493	233	8645	19384
1750059504.1605685	234	8647	19396
1750059509.174893	234	8653	19412
1750059514.1951556	234	8658	19421
1750059519.2101955	234	8659	19432
1750059524.223959	234	8661	19447
1750059529.2378638	234	8666	19459
1750059534.259014	234	8671	19471
1750059539.2807305	234	8678	19491
1750059544.3032324	234	8682	19504
1750059549.318779	234	8685	19515
1750059554.3338635	234	8690	19529
1750059559.3486354	234	8696	19542
1750059564.3631845	234	8704	19554
1750059569.3772118	234	8705	19569
1750059574.391885	234	8711	19580
1750059579.4064448	234	8722	19588
1750059584.4213686	234	8729	19600
1750059589.435798	234	8730	19615
1750059594.4504683	234	8734	19628
1750059599.4660738	234	8738	19637
1750059604.481185	234	8744	19657
1750059609.496353	234	8751	19672
1750059614.5115535	235	8757	19688
1750059619.52662	235	8762	19704
1750059624.5432265	235	8764	19717
1750059629.5605536	235	8770	19730
1750059634.5753763	235	8773	19742
1750059639.5903637	235	8773	19762
1750059644.604802	235	8780	19774
1750059649.628378	235	8783	19786
1750059654.6513567	236	8787	19802
1750059659.6734633	236	8794	19812
1750059664.6897888	236	8800	19827
1750059669.7051325	236	8805	19840
1750059674.7204819	236	8808	19859
1750059679.7371526	236	8809	19874
1750059684.753435	236	8813	19880
1750059689.769008	237	8824	19891
1750059694.7878919	237	8833	19907
1750059699.8042543	237	8845	19915
1750059704.8209147	237	8851	19926
1750059709.8375988	237	8858	19938
1750059714.8537953	237	8867	19956
1750059719.8743775	238	8873	19970
1750059724.895404	238	8880	19980
1750059729.910908	238	8885	19994
1750059734.926869	239	8890	20006
1750059739.9417982	239	8898	20019
1750059744.9557543	239	8905	20028
1750059749.9738975	239	8911	20035
1750059754.989615	239	8920	20044
1750059760.0129838	239	8927	20057
1750059765.027782	239	8934	20073
1750059770.0433433	239	8936	20094
1750059775.0592344	239	8943	20111
1750059780.0774744	239	8949	20126
1750059785.0987155	239	8954	20135
1750059790.1125994	239	8959	20151
1750059795.1285	240	8970	20164
1750059800.1432462	240	8973	20184
1750059805.1586094	240	8979	20195
1750059810.174066	240	8981	20213
1750059815.1962113	240	8987	20233
1750059820.2105289	240	8994	20248
1750059825.224541	241	8999	20266
1750059830.238739	241	9004	20282
1750059835.2531648	242	9012	20295
1750059840.268633	242	9018	20304
1750059845.28346	242	9022	20319
1750059850.2982552	243	9026	20338
1750059855.3128579	243	9036	20348
1750059860.3277419	243	9047	20362
1750059865.344138	243	9052	20383
1750059870.3582637	243	9059	20397
1750059875.3777242	244	9067	20411
1750059880.393602	244	9075	20417
1750059885.4087176	244	9079	20430
1750059890.423327	244	9085	20442
1750059895.4415677	244	9087	20451
1750059900.4644785	244	9091	20466
1750059905.4855216	245	9099	20480
1750059910.499226	245	9105	20493
1750059915.5130408	245	9112	20506
1750059920.5271316	245	9118	20514
1750059925.5426416	245	9126	20525
1750059930.5612366	246	9134	20540
1750059935.5772533	246	9145	20554
1750059940.5937128	246	9150	20564
1750059945.6078806	246	9152	20579
1750059950.6230884	246	9159	20593
1750059955.6379094	246	9164	20617
1750059960.6527991	246	9166	20635
1750059965.6686528	247	9169	20651
1750059970.6832356	247	9172	20664
1750059975.6986387	247	9180	20683
1750059980.715759	247	9184	20697
1750059985.7313266	247	9192	20712
1750059990.7487915	247	9201	20724
1750059995.7641554	247	9207	20737
1750060000.7786808	247	9214	20749
1750060005.793232	247	9223	20765
1750060010.807898	247	9231	20779
1750060015.8227184	247	9237	20787
1750060020.8378506	247	9248	20798
1750060025.852252	247	9249	20808
1750060030.8659232	247	9256	20819
1750060035.8880336	247	9264	20834
1750060040.9022155	248	9268	20849
1750060045.917042	248	9274	20857
1750060050.931844	248	9277	20874
1750060055.945857	248	9285	20889
1750060060.9626536	249	9291	20905
1750060065.976929	249	9296	20915
1750060070.991872	249	9300	20930
1750060076.0067527	249	9303	20941
1750060081.022506	249	9308	20955
1750060086.037109	249	9310	20969
1750060091.0516133	249	9315	20985
1750060096.066351	250	9320	20995
1750060101.079849	251	9326	21023
1750060106.0933714	251	9335	21034
1750060111.115482	251	9340	21046
1750060116.1316931	251	9349	21062
1750060121.1535103	251	9354	21079
1750060126.1675804	251	9359	21096
1750060131.1832144	251	9366	21112
1750060136.1979547	251	9372	21122
1750060141.217234	251	9375	21138
1750060146.239565	251	9382	21152
1750060151.2614508	252	9386	21168
1750060156.2757225	252	9393	21179
1750060161.2905414	252	9396	21195
1750060166.3058589	252	9403	21216
1750060171.3207586	252	9406	21225
1750060176.3368356	252	9413	21235
1750060181.3547218	252	9418	21248
1750060186.375627	252	9423	21258
1750060191.3896258	252	9428	21276
