1750052195.9843364	0	4	4
1750052200.994542	0	17	16
1750052206.0058155	0	31	24
1750052211.0202107	0	46	28
1750052216.030097	0	59	36
1750052221.0401013	0	71	46
1750052226.0498748	0	79	53
1750052231.0656054	0	93	62
1750052236.077775	0	104	67
1750052241.0906148	0	119	77
1750052246.1030593	0	132	88
1750052251.1152842	0	149	94
1750052256.1345978	0	166	100
1750052261.1482172	0	180	106
1750052266.1611297	0	193	112
1750052271.1748903	0	207	131
1750052276.1890478	0	223	139
1750052281.205705	0	239	153
1750052286.2189898	0	255	157
1750052291.231939	0	274	166
1750052296.2450254	0	286	176
1750052301.2574093	0	304	186
1750052306.2702746	0	315	196
1750052311.2838602	0	338	202
1750052316.298097	0	358	210
1750052321.3114288	0	375	217
1750052326.333294	0	392	225
1750052331.3468912	0	412	231
1750052336.3603287	0	426	239
1750052341.3740208	0	439	250
1750052346.389395	0	457	259
1750052351.4017687	0	473	268
1750052356.4149127	0	497	276
1750052361.4282827	0	517	285
1750052366.4417794	0	526	293
1750052371.4548974	0	548	300
1750052376.4683633	0	557	310
1750052381.4820762	0	580	325
1750052386.4956303	0	601	333
1750052391.5089178	0	619	339
1750052396.5249326	0	633	348
1750052401.537606	0	645	352
1750052406.5500789	0	658	359
1750052411.5644796	0	669	363
1750052416.5777354	0	685	377
1750052421.5909016	0	696	380
1750052426.60459	0	710	390
1750052431.6176736	0	721	396
1750052436.6356122	0	735	400
1750052441.649627	0	747	409
1750052446.663443	0	759	417
1750052451.676942	0	780	428
1750052456.690541	0	798	438
1750052461.7087088	0	819	450
1750052466.7227228	0	830	460
1750052471.7359412	0	848	474
1750052476.7493064	0	864	483
1750052481.7625356	0	882	490
1750052486.77663	0	902	498
1750052491.7873616	0	918	512
1750052496.8001828	0	934	518
1750052501.8193026	0	946	533
1750052506.8333292	0	958	546
1750052511.8447485	0	972	559
1750052516.8581939	0	989	573
1750052521.8718503	0	1002	582
1750052526.8903959	0	1020	594
1750052531.905015	0	1037	602
1750052536.917315	0	1060	612
1750052541.9308388	0	1075	617
1750052546.9465802	0	1087	623
1750052551.9623682	0	1104	637
1750052556.974129	0	1114	643
1750052561.9856925	0	1129	651
1750052567.0056148	0	1147	658
1750052572.0168335	0	1161	665
1750052577.0310056	0	1181	672
1750052582.0429807	0	1198	682
1750052587.0553758	0	1211	689
1750052592.068082	0	1227	703
1750052597.079506	0	1238	710
1750052602.0904312	0	1247	724
1750052607.1015441	0	1268	733
1750052612.1152775	0	1284	743
1750052617.1292286	0	1300	751
1750052622.1430156	0	1312	760
1750052627.1573598	0	1320	767
1750052632.1703634	0	1340	773
1750052637.1914437	0	1355	783
1750052642.2042844	0	1367	793
1750052647.2177923	0	1380	796
1750052652.2322187	0	1398	807
1750052657.2456348	0	1411	817
1750052662.2603483	0	1425	829
1750052667.274562	0	1442	843
1750052672.2877412	0	1457	850
1750052677.3019497	0	1477	866
1750052682.317032	0	1488	874
1750052687.3307812	0	1500	885
1750052692.345789	0	1525	898
1750052697.3588219	0	1545	904
1750052702.379328	0	1560	914
1750052707.3923619	0	1569	917
1750052712.4056628	0	1580	926
1750052717.4195096	0	1591	936
1750052722.4314775	0	1605	944
1750052727.4453337	0	1619	952
1750052732.458649	0	1638	960
1750052737.4733398	0	1661	968
1750052742.484651	0	1678	975
1750052747.4979615	0	1692	980
1750052752.5128696	0	1711	988
1750052757.527243	0	1723	997
1750052762.5412295	0	1744	1008
1750052767.5536635	0	1758	1016
1750052772.5648446	0	1773	1029
1750052777.5788043	0	1785	1038
1750052782.5917287	0	1802	1042
1750052787.6053102	0	1825	1052
1750052792.6172502	0	1845	1063
1750052797.6290472	0	1865	1068
1750052802.6433103	0	1879	1074
1750052807.656911	0	1890	1080
1750052812.6711926	0	1904	1089
1750052817.6846445	0	1918	1099
1750052822.697181	0	1939	1104
1750052827.7151227	0	1962	1112
1750052832.7284772	0	1973	1124
1750052837.7414076	0	1990	1133
1750052842.754671	0	2006	1143
1750052847.769301	0	2031	1150
1750052852.7815685	0	2044	1169
1750052857.7951255	0	2056	1175
1750052862.8088036	0	2077	1183
1750052867.822159	0	2091	1191
1750052872.839293	0	2104	1198
1750052877.8545368	0	2128	1204
1750052882.8677685	0	2145	1215
1750052887.881578	0	2161	1227
1750052892.8944888	0	2175	1235
1750052897.9149883	0	2191	1243
1750052902.9282484	0	2206	1247
1750052907.9409068	0	2224	1256
1750052912.9547896	0	2239	1262
1750052917.9676592	0	2258	1276
1750052922.9848022	0	2271	1281
1750052927.99782	0	2293	1286
1750052933.010471	0	2307	1294
1750052938.0225015	0	2322	1302
1750052943.0358431	0	2341	1312
1750052948.0496016	0	2358	1318
1750052953.0631514	0	2372	1326
1750052958.0743535	0	2386	1336
1750052963.0872092	0	2401	1344
1750052968.1056354	0	2416	1352
1750052973.1220417	0	2433	1357
1750052978.134458	0	2446	1367
1750052983.1546893	0	2463	1380
1750052988.1684654	0	2478	1387
1750052993.1813524	0	2496	1396
1750052998.1943755	0	2513	1406
1750053003.207886	0	2529	1420
1750053008.220031	0	2543	1426
1750053013.2337961	0	2557	1438
1750053018.2482147	0	2571	1446
1750053023.2626493	0	2589	1454
1750053028.276082	0	2603	1460
1750053033.289149	0	2618	1467
1750053038.3026407	0	2631	1481
1750053043.3201256	0	2646	1490
1750053048.3330731	0	2661	1497
1750053053.3457253	0	2680	1505
1750053058.3594732	0	2692	1516
1750053063.3727272	0	2703	1521
1750053068.3876808	0	2717	1527
1750053073.3994277	0	2733	1541
1750053078.4121087	0	2746	1551
1750053083.4258726	0	2764	1564
1750053088.439946	0	2783	1575
1750053093.4509873	0	2796	1580
1750053098.4636238	0	2811	1592
1750053103.4768558	0	2821	1604
1750053108.4903445	0	2834	1614
1750053113.5101678	0	2848	1619
1750053118.5300906	0	2863	1631
1750053123.5431225	0	2870	1637
1750053128.5629952	0	2885	1647
1750053133.5769322	0	2901	1657
1750053138.5899005	0	2917	1668
1750053143.600767	0	2941	1679
1750053148.6139886	0	2959	1689
1750053153.6269069	0	2978	1696
1750053158.6406589	0	2992	1707
1750053163.6556506	0	3011	1718
1750053168.6706603	0	3030	1725
1750053173.6838772	0	3046	1736
1750053178.69758	0	3061	1746
1750053183.7106419	0	3080	1755
1750053188.7264955	0	3093	1764
1750053193.7401185	0	3110	1775
1750053198.7536085	0	3123	1784
1750053203.7667313	0	3138	1795
1750053208.7803946	0	3154	1807
1750053213.7972636	0	3171	1816
1750053218.8110497	0	3188	1827
1750053223.8243463	0	3200	1835
1750053228.8377726	0	3214	1852
1750053233.8516548	0	3232	1859
1750053238.8705196	0	3248	1870
1750053243.8833334	0	3261	1874
1750053248.897037	0	3271	1886
1750053253.911183	0	3287	1895
1750053258.924803	0	3307	1904
1750053263.9381926	0	3322	1918
1750053268.9515402	0	3337	1921
1750053273.9654	0	3353	1930
1750053278.9782317	0	3370	1940
1750053283.9913123	0	3393	1941
1750053289.0098107	0	3411	1951
1750053294.0224261	0	3421	1960
1750053299.0359254	0	3438	1973
1750053304.0498893	0	3454	1981
1750053309.063723	0	3471	1990
1750053314.0746105	0	3486	2000
1750053319.0877855	0	3504	2010
1750053324.1041803	0	3515	2019
1750053329.1166441	0	3534	2028
1750053334.1320992	0	3555	2036
1750053339.1448803	0	3569	2046
1750053344.1571105	0	3585	2056
1750053349.177183	0	3594	2067
1750053354.1889675	0	3615	2074
1750053359.1998954	0	3626	2091
1750053364.209988	0	3639	2099
1750053369.2218192	0	3652	2111
1750053374.2336602	0	3675	2118
1750053379.244269	0	3686	2134
1750053384.2543852	0	3701	2141
1750053389.2653947	0	3714	2149
1750053394.279185	0	3733	2155
1750053399.2905128	0	3750	2164
1750053404.301298	0	3768	2170
1750053409.3134217	0	3782	2184
1750053414.3325965	0	3802	2193
1750053419.3451438	0	3812	2201
1750053424.357059	0	3833	2206
1750053429.3676333	0	3852	2218
1750053434.3800461	0	3870	2222
1750053439.3924115	0	3884	2226
1750053444.403928	0	3903	2230
1750053449.4234877	0	3919	2235
1750053454.4344103	0	3933	2244
1750053459.445956	0	3947	2252
1750053464.4582682	0	3964	2259
1750053469.4708724	0	3982	2266
1750053474.4899695	0	3989	2274
1750053479.502796	0	4007	2279
1750053484.51728	0	4026	2288
1750053489.5305188	0	4039	2295
1750053494.5436742	0	4053	2305
1750053499.5563421	0	4070	2313
1750053504.568984	0	4086	2324
1750053509.5815794	0	4103	2335
1750053514.595256	0	4115	2352
1750053519.6114395	0	4134	2359
1750053524.628624	0	4147	2366
1750053529.6425886	0	4159	2373
1750053534.6566143	0	4179	2384
1750053539.6707177	0	4194	2388
1750053544.6850514	0	4214	2398
1750053549.6984656	0	4227	2403
1750053554.7103221	0	4248	2409
1750053559.7234414	0	4258	2419
1750053564.7360823	0	4275	2428
1750053569.7544985	0	4285	2437
1750053574.7673352	0	4292	2445
1750053579.7794442	0	4318	2459
1750053584.7926395	0	4332	2466
1750053589.8052907	0	4353	2470
1750053594.8255305	0	4366	2479
1750053599.8382876	0	4379	2488
1750053604.8524957	0	4401	2494
1750053609.866675	0	4411	2496
1750053614.880162	0	4426	2503
1750053619.8974614	0	4439	2514
1750053624.910212	1	4450	2526
1750053629.92384	1	4466	2534
1750053634.9368975	1	4482	2543
1750053639.9499288	1	4495	2549
1750053644.962611	1	4508	2557
1750053649.9749532	1	4525	2567
1750053654.9885254	1	4541	2586
1750053660.0019753	1	4558	2600
1750053665.0219579	1	4580	2609
1750053670.0387492	1	4606	2618
1750053675.0530062	1	4619	2623
1750053680.0712433	1	4634	2627
1750053685.0845203	1	4649	2633
1750053690.0981748	1	4668	2641
1750053695.111572	1	4684	2651
1750053700.1247072	1	4699	2659
1750053705.145174	1	4718	2662
1750053710.1580584	1	4733	2669
1750053715.17228	1	4752	2676
1750053720.1843014	1	4758	2683
1750053725.1972935	1	4781	2692
1750053730.2161143	1	4802	2700
1750053735.231623	1	4820	2713
1750053740.244391	1	4839	2723
1750053745.2632694	1	4855	2729
1750053750.275563	1	4870	2737
1750053755.287907	1	4883	2743
1750053760.3013327	1	4905	2753
1750053765.3144867	1	4915	2762
1750053770.3287446	1	4922	2770
1750053775.3405626	1	4935	2774
1750053780.355744	1	4947	2789
1750053785.3699753	1	4960	2794
1750053790.3832948	1	4972	2804
1750053795.397468	1	4990	2817
1750053800.4112792	1	5011	2827
1750053805.4290328	1	5021	2835
1750053810.4425044	1	5033	2844
1750053815.45567	1	5042	2851
1750053820.46839	1	5058	2858
1750053825.4810507	1	5063	2871
1750053830.4979086	1	5080	2879
1750053835.51096	1	5090	2885
1750053840.5248823	1	5118	2892
1750053845.5380678	1	5129	2898
1750053850.5521288	1	5145	2905
1750053855.5658293	1	5166	2908
1750053860.5791233	1	5171	2916
1750053865.592312	1	5187	2925
1750053870.6053836	1	5198	2934
1750053875.6180913	1	5215	2942
1750053880.6367795	1	5234	2948
1750053885.6500754	1	5252	2958
1750053890.6649253	1	5271	2969
1750053895.6778042	1	5285	2973
1750053900.6918757	1	5299	2983
1750053905.704982	1	5324	2995
1750053910.7192092	1	5339	3003
1750053915.7309735	1	5347	3013
1750053920.7436743	1	5360	3022
1750053925.7584045	1	5384	3028
1750053930.7728822	1	5392	3036
1750053935.7869194	1	5401	3039
1750053940.7995317	1	5420	3044
1750053945.8128018	1	5430	3053
1750053950.8316922	1	5442	3058
1750053955.8446152	1	5454	3065
1750053960.8566997	1	5472	3070
1750053965.869844	1	5496	3080
1750053970.882591	1	5510	3086
1750053975.8964632	1	5532	3103
1750053980.9093022	1	5543	3115
1750053985.9201388	1	5553	3123
1750053990.9336946	1	5564	3137
1750053995.9464295	1	5586	3146
1750054000.9587057	1	5598	3153
1750054005.9720156	1	5613	3168
1750054010.9836047	1	5628	3173
1750054015.9964483	1	5641	3178
1750054021.0161128	1	5652	3186
1750054026.0369413	1	5670	3194
1750054031.0496588	1	5684	3205
1750054036.0649686	1	5706	3214
1750054041.078971	1	5723	3220
1750054046.0924835	1	5737	3236
1750054051.106188	1	5750	3242
1750054056.1198533	1	5756	3251
1750054061.1318965	1	5765	3256
1750054066.1447742	2	5781	3263
1750054071.1580553	2	5796	3269
1750054076.1741283	2	5816	3282
1750054081.1874228	2	5836	3293
1750054086.2005165	2	5856	3297
1750054091.2141552	2	5868	3306
1750054096.228849	2	5891	3315
1750054101.2419245	2	5909	3330
1750054106.254839	2	5924	3343
1750054111.2692027	2	5937	3352
1750054116.2811356	2	5956	3356
1750054121.2973185	2	5971	3364
1750054126.3108542	2	5987	3374
1750054131.3240044	2	5999	3381
1750054136.3368583	2	6016	3387
1750054141.349921	2	6029	3397
1750054146.3665762	2	6051	3405
1750054151.3773568	2	6068	3416
1750054156.3882668	2	6085	3424
1750054161.3991709	2	6098	3438
1750054166.4102988	2	6116	3450
1750054171.4220514	2	6128	3460
1750054176.4334779	2	6147	3468
1750054181.4452674	2	6162	3475
1750054186.4566045	2	6180	3485
1750054191.4679358	2	6193	3494
1750054196.4798748	2	6208	3500
1750054201.500145	2	6235	3507
1750054206.5156755	2	6256	3510
1750054211.529556	2	6271	3515
1750054216.5428507	2	6284	3524
1750054221.555429	2	6298	3532
1750054226.573288	2	6313	3540
1750054231.5870962	2	6326	3549
1750054236.599683	2	6339	3564
1750054241.6117337	2	6349	3571
1750054246.6256676	2	6363	3583
1750054251.6407607	2	6377	3590
1750054256.6517794	2	6387	3602
1750054261.6636276	2	6400	3608
1750054266.6766598	2	6418	3622
1750054271.688492	2	6432	3630
1750054276.7011533	2	6447	3637
1750054281.7130587	2	6464	3653
1750054286.7261443	2	6480	3668
1750054291.7393038	2	6495	3679
1750054296.7568607	2	6512	3693
1750054301.773667	2	6524	3704
1750054306.786899	2	6540	3714
1750054311.8002114	2	6551	3724
1750054316.8127716	2	6561	3730
1750054321.8254533	2	6574	3737
1750054326.8385634	2	6591	3746
1750054331.8527734	2	6605	3755
1750054336.8647635	2	6618	3762
1750054341.8774383	2	6632	3772
1750054346.8942776	2	6641	3787
1750054351.910066	2	6657	3793
1750054356.922834	2	6676	3801
1750054361.9349492	2	6692	3810
1750054366.9471588	2	6700	3818
1750054371.9608614	2	6717	3825
1750054376.9739974	2	6735	3832
1750054381.9856713	2	6747	3839
1750054386.9984763	2	6760	3850
1750054392.0109036	2	6778	3857
1750054397.0300643	2	6791	3868
1750054402.0437474	2	6803	3877
1750054407.0552003	2	6814	3882
1750054412.0673885	2	6832	3889
1750054417.08119	2	6841	3897
1750054422.1006722	2	6858	3905
1750054427.1148143	2	6873	3922
1750054432.1281135	2	6892	3934
1750054437.1418211	2	6907	3942
1750054442.1556473	2	6923	3948
1750054447.1689308	2	6942	3956
1750054452.1827986	2	6953	3967
1750054457.1962788	3	6965	3983
1750054462.2101557	3	6984	3989
1750054467.2236977	3	6996	4000
1750054472.2434702	3	7010	4009
1750054477.2565467	3	7032	4018
1750054482.2685876	3	7051	4023
1750054487.2814255	3	7066	4035
1750054492.2931888	3	7080	4050
1750054497.306601	3	7100	4064
1750054502.3189983	3	7117	4070
1750054507.3340569	3	7125	4077
1750054512.3551104	3	7148	4086
1750054517.370138	3	7160	4095
1750054522.3846936	3	7180	4102
1750054527.3975844	3	7197	4114
1750054532.409389	3	7210	4124
1750054537.4206975	3	7229	4129
1750054542.4311345	3	7246	4136
1750054547.4434962	3	7270	4145
1750054552.456221	3	7286	4152
1750054557.476591	3	7301	4168
1750054562.491483	3	7315	4173
1750054567.5054977	3	7327	4181
1750054572.5186765	3	7350	4188
1750054577.5319154	3	7362	4198
1750054582.5452807	3	7374	4210
1750054587.5578907	3	7385	4218
1750054592.5709963	3	7398	4228
1750054597.584034	3	7415	4235
1750054602.595833	3	7434	4243
1750054607.6079671	3	7442	4249
1750054612.6204517	3	7457	4261
1750054617.638658	3	7469	4263
1750054622.6524382	3	7486	4271
1750054627.6647806	3	7500	4280
1750054632.6759644	3	7520	4284
1750054637.6867595	3	7537	4291
1750054642.6984975	3	7548	4297
1750054647.711005	3	7563	4312
1750054652.728384	3	7581	4321
1750054657.7409067	3	7596	4328
1750054662.7540994	3	7612	4338
1750054667.7670147	3	7627	4344
1750054672.7803757	3	7640	4353
1750054677.7915006	3	7649	4358
1750054682.804661	3	7670	4362
1750054687.8194742	3	7693	4373
1750054692.8336072	3	7710	4381
1750054697.8467498	3	7721	4385
1750054702.8597322	3	7739	4390
1750054707.8739638	3	7752	4399
1750054712.891762	3	7767	4415
1750054717.9054275	3	7783	4420
1750054722.917988	3	7801	4430
1750054727.928489	3	7818	4443
1750054732.939524	3	7835	4453
1750054737.9578285	3	7853	4462
1750054742.9711354	3	7874	4471
1750054747.9841292	3	7887	4477
1750054752.9988809	3	7902	4484
1750054758.010584	3	7917	4494
1750054763.033278	3	7930	4500
1750054768.046836	3	7946	4512
1750054773.0605202	3	7959	4523
1750054778.072383	3	7971	4529
1750054783.0831552	3	7980	4536
1750054788.0968983	3	7996	4548
1750054793.1074584	3	8005	4557
1750054798.1268914	3	8017	4564
1750054803.1403124	3	8037	4569
1750054808.1530159	3	8048	4575
1750054813.1641924	3	8064	4583
1750054818.1751366	3	8074	4594
1750054823.1856818	3	8086	4601
1750054828.198937	3	8104	4605
1750054833.2199497	3	8116	4612
1750054838.2359967	3	8128	4621
1750054843.249338	3	8144	4630
1750054848.2634487	3	8158	4637
1750054853.2771635	3	8178	4643
1750054858.2942321	3	8200	4649
1750054863.3053064	3	8214	4656
1750054868.3161588	3	8224	4664
1750054873.3299556	3	8238	4670
1750054878.3431692	3	8254	4680
1750054883.3556697	3	8267	4697
1750054888.3689427	3	8281	4707
1750054893.385223	3	8291	4717
1750054898.3980014	3	8307	4726
1750054903.4120727	3	8325	4733
1750054908.4251645	3	8340	4740
1750054913.4377706	3	8353	4747
1750054918.451507	4	8364	4760
1750054923.4638896	4	8385	4769
1750054928.4836018	4	8403	4779
1750054933.4968026	4	8414	4790
1750054938.5100255	4	8423	4801
1750054943.523593	4	8439	4810
1750054948.5365973	4	8451	4825
1750054953.5574455	4	8463	4834
1750054958.5714304	4	8477	4847
1750054963.5851023	4	8492	4856
1750054968.599371	4	8514	4862
1750054973.6118753	4	8533	4873
1750054978.6278772	4	8551	4880
1750054983.6429837	4	8568	4890
1750054988.6564355	4	8583	4899
1750054993.6698565	4	8598	4915
1750054998.6824393	4	8621	4920
1750055003.6995316	4	8629	4927
1750055008.7119775	4	8639	4934
1750055013.7251115	4	8657	4945
1750055018.7384267	4	8679	4952
1750055023.751683	4	8693	4960
1750055028.766781	4	8709	4966
1750055033.7786002	4	8720	4971
1750055038.792656	4	8738	4981
1750055043.8056862	4	8755	5001
1750055048.81861	4	8768	5011
1750055053.838881	4	8779	5021
1750055058.8515615	4	8793	5024
1750055063.8666642	4	8812	5031
1750055068.8798578	4	8828	5037
1750055073.8925264	4	8846	5049
1750055078.90633	4	8865	5061
1750055083.9201636	4	8875	5072
1750055088.933736	4	8888	5082
1750055093.9480562	4	8901	5089
1750055098.961638	4	8914	5093
1750055103.9790084	4	8932	5107
1750055108.990053	4	8948	5112
1750055114.0003533	4	8963	5123
1750055119.0126107	4	8984	5136
1750055124.0254886	4	8998	5150
1750055129.040879	4	9014	5162
1750055134.0531461	4	9032	5173
1750055139.0737624	4	9058	5185
1750055144.084642	4	9066	5192
1750055149.0980227	5	9083	5199
1750055154.111395	5	9095	5206
1750055159.1244323	5	9112	5213
1750055164.137014	5	9126	5220
1750055169.1480396	5	9146	5230
1750055174.1634727	5	9163	5233
1750055179.178232	5	9187	5245
1750055184.188799	5	9199	5257
1750055189.1991942	5	9219	5262
1750055194.2112322	5	9233	5274
1750055199.2255561	5	9242	5283
1750055204.2395685	5	9259	5295
1750055209.2538927	5	9276	5306
1750055214.2675014	5	9293	5315
1750055219.2805977	5	9317	5320
1750055224.3006647	5	9329	5331
1750055229.3138447	5	9338	5338
1750055234.3279827	5	9356	5344
1750055239.341436	5	9375	5353
1750055244.3530374	5	9394	5362
1750055249.3667283	5	9415	5375
1750055254.3809366	5	9423	5388
1750055259.3943183	5	9437	5402
1750055264.4070623	5	9454	5408
1750055269.4244092	5	9470	5415
1750055274.4426382	5	9486	5426
1750055279.455845	5	9504	5428
1750055284.4724376	5	9519	5432
1750055289.485177	5	9546	5443
1750055294.4970446	5	9562	5452
1750055299.5105996	5	9576	5462
1750055304.52379	5	9593	5472
1750055309.535949	5	9609	5483
1750055314.5472078	5	9628	5495
1750055319.5635955	5	9638	5504
1750055324.5948617	5	9651	5512
1750055329.6087725	5	9675	5518
1750055334.6217957	5	9688	5527
1750055339.6383393	5	9701	5542
1750055344.652241	5	9714	5550
1750055349.6689517	5	9724	5555
1750055354.6809	5	9745	5565
1750055359.693422	5	9760	5574
1750055364.7069345	5	9772	5586
1750055369.7203505	5	9786	5595
1750055374.7339654	5	9800	5604
1750055379.7475922	5	9814	5610
1750055384.761659	5	9830	5618
1750055389.777904	5	9840	5630
1750055394.7915516	5	9861	5633
1750055399.805738	5	9871	5641
1750055404.8184214	5	9889	5651
1750055409.8320746	5	9908	5664
1750055414.8452337	5	9926	5676
1750055419.85912	5	9945	5682
1750055424.8726428	6	9963	5689
1750055429.8857443	6	9980	5700
1750055434.899616	6	9993	5708
1750055439.912058	6	10017	5715
1750055444.9270802	6	10038	5722
1750055449.9408052	6	10055	5732
1750055454.9540815	6	10059	5739
1750055459.9670725	6	10073	5744
1750055464.9796875	6	10085	5753
1750055469.9943473	6	10098	5764
1750055475.0085235	6	10118	5777
1750055480.0229545	6	10126	5787
1750055485.043339	6	10136	5798
1750055490.05576	6	10154	5813
1750055495.069961	6	10165	5818
1750055500.083761	6	10177	5824
1750055505.096919	6	10190	5832
1750055510.1108196	6	10203	5843
1750055515.124972	6	10216	5847
1750055520.1375337	6	10235	5855
1750055525.149983	6	10256	5864
1750055530.1706374	6	10272	5872
1750055535.1857772	6	10284	5883
1750055540.2001266	6	10300	5897
1750055545.214488	6	10315	5908
1750055550.2269633	6	10325	5914
1750055555.2430553	6	10342	5927
1750055560.256453	6	10357	5939
1750055565.2701616	6	10368	5947
1750055570.2842734	6	10382	5956
1750055575.2967782	6	10400	5963
1750055580.31397	6	10416	5976
1750055585.3290577	6	10428	5983
1750055590.3436582	6	10451	5997
1750055595.3579812	6	10472	6004
1750055600.37128	6	10494	6011
1750055605.390827	6	10513	6019
1750055610.40455	6	10527	6026
1750055615.4176335	6	10544	6033
1750055620.4315717	6	10562	6043
1750055625.4451957	6	10581	6050
1750055630.4582684	6	10596	6065
1750055635.472042	6	10606	6078
1750055640.4850333	6	10619	6090
1750055645.4987576	6	10631	6099
1750055650.512949	6	10651	6109
1750055655.5275345	6	10671	6118
1750055660.5395858	6	10686	6127
1750055665.5513704	6	10698	6140
1750055670.564242	6	10714	6145
1750055675.5836475	6	10723	6153
1750055680.6018174	6	10742	6165
1750055685.614996	6	10765	6177
1750055690.6338875	6	10782	6185
1750055695.6460943	6	10793	6190
1750055700.658595	6	10808	6201
1750055705.672571	6	10818	6211
1750055710.6854777	6	10840	6213
1750055715.6992543	6	10864	6226
1750055720.7129018	6	10880	6233
1750055725.7258048	6	10896	6246
1750055730.7412322	6	10912	6253
1750055735.7543328	6	10923	6265
1750055740.7666624	6	10932	6268
1750055745.780252	6	10953	6275
1750055750.7995653	6	10965	6282
1750055755.8127332	6	10981	6295
1750055760.8265088	6	11002	6306
1750055765.8401098	6	11013	6317
1750055770.8542564	6	11030	6330
1750055775.8682766	6	11044	6342
1750055780.882747	6	11053	6352
1750055785.8960083	6	11068	6361
1750055790.9099338	6	11078	6370
1750055795.923816	6	11098	6371
1750055800.9440184	6	11113	6384
1750055805.958056	6	11120	6396
1750055810.9697995	6	11135	6404
1750055815.9833195	6	11151	6416
1750055820.996532	6	11164	6425
1750055826.0098155	6	11178	6439
1750055831.0231442	6	11196	6447
1750055836.0376575	6	11209	6459
1750055841.0513444	6	11219	6462
1750055846.063463	6	11234	6468
1750055851.0849943	6	11252	6476
1750055856.0980973	6	11265	6483
1750055861.1117358	6	11284	6488
1750055866.1252894	6	11300	6493
1750055871.1382518	6	11317	6501
1750055876.1519306	6	11333	6509
1750055881.165659	6	11348	6518
1750055886.1801848	6	11357	6524
1750055891.198887	6	11374	6534
1750055896.212516	6	11388	6543
1750055901.2314634	6	11400	6551
1750055906.2447765	6	11416	6561
1750055911.256774	6	11432	6566
1750055916.269547	6	11452	6577
1750055921.2821474	6	11468	6586
1750055926.2959275	6	11475	6598
1750055931.3099823	6	11493	6607
1750055936.3245425	6	11507	6615
1750055941.3385155	6	11519	6622
1750055946.3513045	6	11541	6628
1750055951.3651738	6	11556	6638
1750055956.3777661	6	11568	6645
1750055961.3992925	6	11591	6650
1750055966.4114575	6	11610	6656
1750055971.425991	6	11629	6664
1750055976.439812	6	11646	6674
1750055981.4523447	6	11658	6679
1750055986.466475	6	11672	6694
1750055991.4808576	6	11688	6705
1750055996.4944315	6	11701	6720
1750056001.5081232	6	11722	6727
1750056006.521304	6	11738	6731
1750056011.5345588	6	11757	6739
1750056016.548933	6	11774	6748
1750056021.5625446	6	11784	6756
1750056026.576081	6	11800	6761
1750056031.58927	6	11811	6769
1750056036.6018777	6	11824	6784
1750056041.6159737	6	11838	6791
1750056046.62977	6	11855	6803
1750056051.6437721	6	11871	6816
1750056056.6633077	6	11887	6821
1750056061.676704	6	11904	6833
1750056066.6909924	6	11924	6845
1750056071.7046096	6	11943	6859
1750056076.7194557	6	11953	6867
1750056081.7409902	6	11965	6877
1750056086.7561932	6	11982	6883
1750056091.7693372	6	11994	6890
1750056096.7823954	6	12008	6902
1750056101.796035	6	12024	6910
1750056106.8105676	6	12036	6919
1750056111.8239908	6	12047	6925
1750056116.8366604	6	12069	6931
1750056121.848759	6	12081	6940
1750056126.8620946	6	12095	6948
1750056131.8799179	6	12109	6959
1750056136.8921535	6	12129	6965
1750056141.9050725	6	12145	6974
1750056146.9188151	6	12162	6985
1750056151.932385	6	12183	6998
1750056156.9458945	6	12197	7005
1750056161.9597583	6	12208	7015
1750056166.9722838	6	12218	7021
1750056171.986496	6	12233	7031
1750056177.0000684	6	12245	7038
1750056182.0135884	6	12256	7046
1750056187.0278301	6	12273	7057
1750056192.0405989	6	12289	7067
1750056197.0546668	6	12303	7078
1750056202.0709498	6	12314	7083
1750056207.0845056	6	12338	7093
1750056212.098142	6	12348	7104
1750056217.1112168	6	12367	7116
1750056222.1252284	6	12379	7131
1750056227.1436443	6	12397	7138
1750056232.1603222	6	12413	7148
1750056237.1738327	6	12433	7155
1750056242.1864378	6	12449	7166
1750056247.1999547	6	12454	7179
1750056252.2140892	6	12466	7187
1750056257.2278552	6	12479	7193
1750056262.2406628	6	12498	7203
1750056267.2537992	6	12508	7212
1750056272.2676544	6	12526	7222
1750056277.2834084	6	12548	7229
1750056282.2969255	6	12567	7240
1750056287.3103995	6	12578	7253
1750056292.3231647	6	12588	7259
1750056297.3364437	6	12606	7269
1750056302.35344	6	12627	7280
1750056307.3672822	6	12645	7285
1750056312.3818674	6	12662	7300
1750056317.3943934	6	12674	7307
1750056322.4078333	6	12683	7314
1750056327.4241884	6	12706	7321
1750056332.4382486	6	12715	7333
1750056337.450662	6	12727	7342
1750056342.4620757	6	12740	7352
1750056347.4752543	6	12758	7359
1750056352.4902718	6	12774	7364
1750056357.5046804	6	12793	7375
1750056362.5189538	6	12802	7381
1750056367.5328102	6	12816	7390
1750056372.5469675	6	12825	7396
1750056377.5611644	6	12844	7405
1750056382.5740626	6	12857	7422
1750056387.592199	6	12872	7432
1750056392.605778	6	12889	7440
1750056397.619956	6	12897	7448
1750056402.6414125	6	12913	7455
1750056407.654603	6	12927	7464
1750056412.6667955	6	12942	7476
1750056417.6799016	6	12960	7482
1750056422.6921952	7	12975	7493
1750056427.7047806	7	12986	7499
1750056432.7186687	7	12997	7502
1750056437.7314024	7	13015	7507
1750056442.743478	7	13031	7514
1750056447.7586021	7	13051	7524
1750056452.7719593	7	13062	7528
1750056457.785511	7	13073	7543
1750056462.7997124	7	13091	7546
1750056467.8138528	7	13102	7554
1750056472.8272483	7	13121	7565
1750056477.842478	7	13141	7571
1750056482.8568554	7	13160	7579
1750056487.8711393	7	13171	7585
1750056492.8845499	7	13182	7595
1750056497.9033165	8	13210	7607
1750056502.9151523	8	13227	7614
1750056507.9284034	8	13249	7624
1750056512.942135	8	13265	7632
1750056517.9572654	8	13282	7643
1750056522.97197	8	13300	7658
1750056527.9851978	8	13317	7670
1750056532.9974568	8	13334	7681
1750056538.0117118	8	13352	7688
1750056543.0251727	8	13366	7698
1750056548.0392134	8	13382	7708
1750056553.0530899	8	13400	7720
1750056558.0664945	8	13417	7733
1750056563.0794892	8	13435	7744
1750056568.0914044	8	13447	7755
1750056573.1063747	8	13465	7761
1750056578.1201384	8	13486	7770
1750056583.1333554	8	13501	7780
1750056588.1475728	8	13509	7792
1750056593.1626284	8	13535	7801
1750056598.1763017	8	13549	7810
1750056603.1901646	8	13562	7825
1750056608.2040389	8	13579	7832
1750056613.217675	8	13590	7838
1750056618.234212	8	13601	7843
1750056623.2470424	8	13613	7854
1750056628.2608395	8	13623	7858
1750056633.2744603	8	13630	7868
1750056638.288486	8	13647	7877
1750056643.3019993	8	13664	7887
1750056648.3168921	8	13682	7893
1750056653.3319	8	13696	7903
1750056658.3467064	8	13716	7910
1750056663.3616266	8	13738	7914
1750056668.377252	8	13757	7922
1750056673.3909152	8	13772	7927
1750056678.4047077	8	13786	7929
1750056683.4190629	8	13804	7944
1750056688.433586	8	13821	7953
1750056693.454091	8	13834	7969
1750056698.4678497	8	13853	7980
1750056703.4817867	8	13870	7993
1750056708.4957845	8	13890	8004
1750056713.5104427	8	13911	8017
1750056718.5233886	8	13927	8029
1750056723.5372221	8	13936	8041
1750056728.5526826	8	13952	8051
1750056733.5741587	8	13969	8060
1750056738.5880692	8	13981	8068
1750056743.6014574	8	13995	8075
1750056748.615343	8	14008	8083
1750056753.6289444	8	14027	8089
1750056758.6428745	8	14046	8101
1750056763.6550565	8	14060	8107
1750056768.6691465	8	14084	8114
1750056773.6832793	8	14100	8125
1750056778.6990209	8	14120	8131
1750056783.7138145	8	14135	8140
1750056788.7272208	8	14147	8149
1750056793.7416444	8	14164	8157
1750056798.756085	8	14182	8167
1750056803.7693973	8	14206	8174
1750056808.7834144	8	14223	8182
1750056813.7971954	8	14236	8183
1750056818.811442	8	14253	8189
1750056823.8261464	8	14270	8199
1750056828.840655	8	14286	8203
1750056833.8551269	8	14298	8215
1750056838.8700027	8	14311	8224
1750056843.8832953	8	14330	8234
1750056848.8966143	8	14344	8240
1750056853.910917	8	14361	8250
1750056858.9249544	8	14383	8255
1750056863.9375234	8	14395	8264
1750056868.9512835	8	14410	8274
1750056873.9648623	8	14425	8281
1750056878.9782832	8	14444	8292
1750056883.9927626	8	14457	8300
1750056889.0059276	8	14474	8316
1750056894.019856	8	14488	8322
1750056899.0330887	8	14505	8334
1750056904.0545583	8	14517	8341
1750056909.0681117	8	14539	8346
1750056914.0823448	8	14560	8358
1750056919.1036117	8	14570	8365
1750056924.1159136	8	14586	8377
1750056929.1313052	8	14601	8388
1750056934.1456196	8	14616	8394
1750056939.1584156	8	14641	8403
1750056944.1708422	8	14656	8413
1750056949.1844928	8	14675	8423
1750056954.1984272	8	14693	8436
1750056959.212126	8	14713	8447
1750056964.226852	8	14730	8459
1750056969.241306	8	14748	8468
1750056974.2547135	8	14761	8471
1750056979.2687945	8	14779	8481
1750056984.2822323	8	14793	8493
1750056989.2955132	8	14808	8498
1750056994.3090534	8	14822	8510
1750056999.3227925	8	14835	8518
1750057004.3394113	8	14849	8527
1750057009.3602803	8	14863	8542
1750057014.3741367	8	14888	8552
1750057019.3875444	8	14902	8560
1750057024.4001625	8	14917	8568
1750057029.4140458	8	14933	8576
1750057034.4280531	8	14950	8585
1750057039.4420614	8	14968	8599
1750057044.4552424	8	14986	8608
1750057049.46828	8	15000	8619
1750057054.4823964	8	15018	8631
1750057059.4968498	8	15035	8640
1750057064.5113301	8	15050	8644
1750057069.533262	8	15066	8655
1750057074.5518608	8	15085	8667
1750057079.5665033	8	15103	8674
1750057084.5810633	8	15123	8679
1750057089.5962498	8	15143	8693
1750057094.609923	8	15164	8699
1750057099.6300743	8	15178	8703
1750057104.6431859	8	15195	8713
1750057109.6570547	8	15210	8725
1750057114.6706033	8	15225	8735
1750057119.6839628	8	15241	8741
1750057124.6976562	8	15262	8752
1750057129.7102172	8	15279	8758
1750057134.7248561	8	15297	8765
1750057139.7418387	8	15307	8771
1750057144.7541153	8	15322	8777
1750057149.7721162	8	15334	8788
1750057154.7839012	8	15349	8798
1750057159.7970653	8	15364	8803
1750057164.810976	8	15378	8812
1750057169.8233228	8	15388	8821
1750057174.8353631	8	15407	8827
1750057179.8471012	8	15426	8838
1750057184.8595433	8	15441	8852
1750057189.8738513	8	15457	8863
1750057194.885737	8	15474	8873
1750057199.8980618	8	15491	8882
1750057204.9100294	8	15502	8895
1750057209.9270759	8	15514	8908
1750057214.939319	8	15521	8918
1750057219.9509313	8	15532	8926
1750057224.9636972	8	15544	8934
1750057229.9763694	8	15562	8941
1750057234.995702	8	15590	8947
1750057240.0075755	8	15609	8959
1750057245.0187595	8	15624	8973
1750057250.031744	8	15641	8981
1750057255.0449305	8	15659	8990
1750057260.05657	8	15666	8999
1750057265.0700357	8	15684	9006
1750057270.083026	8	15694	9018
1750057275.0958953	8	15706	9027
1750057280.1091175	8	15726	9036
1750057285.1293445	8	15742	9046
1750057290.1425464	8	15752	9055
1750057295.1562839	8	15765	9065
1750057300.1699016	8	15774	9074
1750057305.183018	8	15795	9081
1750057310.1961503	8	15810	9096
1750057315.2094145	8	15827	9102
1750057320.2234046	8	15842	9110
1750057325.2373352	8	15854	9122
1750057330.2506208	8	15870	9133
1750057335.2649372	8	15884	9142
1750057340.2789018	8	15906	9153
1750057345.2912674	8	15917	9167
1750057350.304959	8	15932	9172
1750057355.3210108	8	15946	9182
1750057360.334858	8	15964	9190
1750057365.3480854	8	15979	9196
1750057370.360928	8	15991	9209
1750057375.3748813	8	16007	9219
1750057380.3904803	8	16019	9227
1750057385.403792	8	16029	9235
1750057390.4176269	8	16051	9245
1750057395.431949	8	16067	9249
1750057400.4455185	8	16088	9254
1750057405.4612532	8	16107	9263
1750057410.4755564	8	16122	9271
1750057415.4888933	8	16135	9282
1750057420.5023358	8	16151	9291
1750057425.5159817	8	16172	9304
1750057430.5290952	8	16185	9312
1750057435.5431998	8	16200	9321
1750057440.5567589	8	16213	9327
1750057445.5701423	8	16225	9343
1750057450.5837255	8	16236	9349
1750057455.6042953	8	16254	9360
1750057460.61681	8	16266	9367
1750057465.62977	8	16283	9373
1750057470.6429431	8	16303	9381
1750057475.6569562	8	16316	9386
1750057480.6715603	8	16326	9391
1750057485.6865573	8	16340	9405
1750057490.6998167	8	16354	9415
1750057495.7217145	8	16362	9427
1750057500.7365706	8	16373	9432
1750057505.7507899	8	16391	9438
1750057510.7650647	8	16404	9444
1750057515.7786832	8	16429	9455
1750057520.7967694	8	16445	9462
1750057525.8104198	8	16461	9471
1750057530.8234186	8	16482	9478
1750057535.837572	8	16499	9487
1750057540.8515246	8	16507	9497
1750057545.8659241	8	16526	9506
1750057550.8795686	8	16546	9523
1750057555.8943267	8	16560	9529
1750057560.91573	8	16583	9535
1750057565.9300022	8	16599	9546
1750057570.9438963	8	16610	9556
1750057575.9578192	8	16636	9565
1750057580.9705412	8	16653	9572
1750057585.9836266	8	16667	9581
1750057590.9970882	8	16680	9588
1750057596.0115554	8	16696	9597
1750057601.025264	8	16706	9607
1750057606.039492	8	16728	9614
1750057611.0529563	8	16743	9624
1750057616.0662453	8	16760	9631
1750057621.0865898	8	16771	9636
1750057626.1061487	8	16780	9644
1750057631.1205978	8	16796	9651
1750057636.1355622	8	16818	9660
1750057641.1500227	8	16831	9674
1750057646.1635067	8	16849	9681
1750057651.1832986	8	16860	9691
1750057656.1978805	8	16868	9703
1750057661.2117295	8	16877	9714
1750057666.2249544	9	16899	9724
1750057671.2384927	9	16911	9732
1750057676.2541454	9	16930	9746
1750057681.2685802	9	16948	9753
1750057686.2846239	9	16962	9756
1750057691.3017957	9	16967	9759
1750057696.3156304	9	16984	9771
1750057701.332592	9	16993	9781
1750057706.3462634	9	17016	9790
1750057711.3604648	9	17037	9795
1750057716.374217	9	17050	9810
1750057721.3887208	9	17063	9825
1750057726.4019024	9	17079	9837
1750057731.4164488	9	17091	9846
1750057736.4308171	9	17111	9853
1750057741.445209	9	17127	9868
1750057746.4587467	9	17145	9875
1750057751.4723475	9	17167	9879
1750057756.4861424	9	17178	9890
1750057761.501781	9	17197	9901
1750057766.513547	9	17214	9908
1750057771.5258613	9	17230	9914
1750057776.5379019	9	17249	9921
1750057781.5496523	9	17263	9923
1750057786.56135	9	17281	9935
1750057791.5737214	9	17296	9943
1750057796.5931299	9	17311	9954
1750057801.605035	9	17329	9966
1750057806.6176527	9	17343	9977
1750057811.6304238	9	17366	9985
1750057816.6431255	9	17381	9993
1750057821.6555889	9	17396	10005
1750057826.668808	9	17418	10013
1750057831.681653	9	17429	10022
1750057836.6950219	9	17441	10028
1750057841.7088673	9	17454	10036
1750057846.72141	9	17464	10046
1750057851.733756	9	17475	10054
1750057856.7475975	9	17492	10069
1750057861.7608802	9	17509	10077
1750057866.7807946	9	17528	10085
1750057871.7971165	9	17545	10096
1750057876.8110423	9	17562	10101
1750057881.8254526	9	17571	10108
1750057886.8387725	9	17588	10125
1750057891.8565004	9	17605	10134
1750057896.8699985	10	17619	10146
1750057901.8837757	10	17629	10147
1750057906.8976295	10	17643	10152
1750057911.9117193	10	17659	10156
1750057916.9308946	10	17676	10160
1750057921.9454553	10	17683	10169
1750057926.9605422	10	17694	10181
1750057931.9754503	10	17707	10190
1750057936.9894538	10	17722	10197
1750057942.0027611	10	17736	10204
1750057947.0177677	10	17749	10214
1750057952.0318627	10	17763	10223
1750057957.0476813	10	17779	10234
1750057962.0621226	10	17796	10247
1750057967.0788305	10	17815	10254
1750057972.0929787	10	17831	10265
1750057977.1147728	10	17846	10276
1750057982.1299279	10	17861	10284
1750057987.1445975	10	17877	10289
1750057992.1603024	10	17888	10295
1750057997.1762583	10	17901	10309
1750058002.198326	10	17914	10320
1750058007.2128897	10	17933	10336
1750058012.2286777	10	17946	10344
1750058017.2445545	10	17959	10355
1750058022.2603498	10	17976	10364
1750058027.2745223	10	17997	10375
1750058032.293358	10	18014	10387
1750058037.308717	10	18032	10399
1750058042.3303487	10	18048	10414
1750058047.3445184	10	18063	10429
1750058052.359466	10	18083	10436
1750058057.3747563	10	18100	10449
1750058062.3906786	10	18111	10453
1750058067.4111314	10	18128	10460
1750058072.4261606	10	18143	10470
1750058077.4409575	10	18156	10478
1750058082.4568937	10	18182	10486
1750058087.4727635	10	18200	10490
1750058092.488525	10	18215	10496
1750058097.505875	10	18230	10508
1750058102.5210524	10	18249	10517
1750058107.5421295	10	18258	10523
1750058112.5633922	10	18274	10529
1750058117.5776398	10	18285	10534
1750058122.5938995	10	18300	10541
1750058127.6082268	10	18315	10552
1750058132.622537	10	18334	10561
1750058137.635679	10	18350	10564
1750058142.6503897	10	18368	10574
1750058147.6653366	10	18381	10582
1750058152.6804655	10	18398	10593
1750058157.7001216	10	18414	10602
1750058162.7167895	10	18428	10612
1750058167.731918	10	18444	10624
1750058172.7463684	10	18454	10634
1750058177.7613246	10	18471	10643
1750058182.776048	10	18491	10648
1750058187.7982328	10	18507	10658
1750058192.8138754	10	18521	10664
1750058197.8329897	10	18537	10674
1750058202.8483598	10	18545	10685
1750058207.8632379	10	18555	10699
1750058212.878761	10	18566	10708
1750058217.893715	10	18577	10718
1750058222.9099636	10	18598	10724
1750058227.9269757	10	18612	10733
1750058232.9429536	10	18633	10740
1750058237.9581654	10	18640	10749
1750058242.9727585	10	18648	10760
1750058247.989464	10	18663	10776
1750058253.0040953	10	18675	10779
1750058258.0190656	10	18691	10789
1750058263.0403202	10	18710	10800
1750058268.053688	10	18725	10808
1750058273.0671093	10	18738	10824
1750058278.0803506	10	18753	10834
1750058283.0937088	10	18764	10843
1750058288.1069386	10	18782	10854
1750058293.1202667	10	18794	10864
1750058298.1395748	10	18811	10869
1750058303.1539545	10	18831	10880
1750058308.1681602	10	18845	10892
1750058313.1821392	10	18862	10903
1750058318.195852	10	18881	10912
1750058323.2098706	10	18904	10919
1750058328.2246397	10	18916	10927
1750058333.2389855	10	18928	10933
1750058338.2549121	10	18946	10939
1750058343.2685606	10	18961	10947
1750058348.282123	10	18976	10953
1750058353.2961187	10	18987	10962
1750058358.3108127	10	18999	10974
1750058363.324306	10	19012	10982
1750058368.3428042	10	19028	10989
1750058373.361448	10	19045	10999
1750058378.3759341	10	19056	11012
1750058383.3901541	10	19074	11022
1750058388.4055738	10	19092	11031
1750058393.4216177	10	19103	11036
1750058398.4362519	10	19118	11045
1750058403.450808	10	19140	11051
1750058408.4659572	10	19157	11062
1750058413.4821672	10	19173	11071
1750058418.498425	10	19187	11083
1750058423.5136237	10	19203	11093
1750058428.5290053	10	19220	11102
1750058433.5451374	10	19234	11109
1750058438.5594034	10	19252	11116
1750058443.5813642	10	19275	11127
1750058448.595001	10	19287	11136
1750058453.6098104	10	19301	11147
1750058458.6249697	10	19313	11151
1750058463.639978	10	19329	11162
1750058468.6550553	10	19347	11175
1750058473.6706514	10	19360	11196
1750058478.6858363	10	19377	11208
1750058483.708433	10	19393	11218
1750058488.7233686	10	19412	11227
1750058493.7386103	10	19431	11240
1750058498.7543106	10	19447	11245
1750058503.7687702	11	19459	11255
1750058508.7884812	11	19471	11263
1750058513.8043084	11	19492	11272
1750058518.8198192	11	19505	11281
1750058523.8352208	11	19520	11291
1750058528.8491614	11	19541	11302
1750058533.863964	11	19555	11308
1750058538.8783424	11	19575	11318
1750058543.8939126	11	19591	11330
1750058548.909751	11	19608	11333
1750058553.9250755	11	19624	11337
1750058558.948399	11	19646	11344
1750058563.9633698	11	19664	11355
1750058568.978841	11	19682	11360
1750058573.994067	11	19703	11364
1750058579.0095735	11	19723	11373
1750058584.025121	11	19737	11380
1750058589.038742	11	19749	11389
1750058594.054456	11	19760	11400
1750058599.0743237	11	19784	11408
1750058604.0904915	11	19798	11417
1750058609.105746	11	19811	11425
1750058614.1196575	11	19826	11432
1750058619.1339715	11	19838	11437
1750058624.149525	11	19860	11449
1750058629.1654074	11	19874	11456
1750058634.1813648	11	19892	11464
1750058639.1948502	11	19907	11467
1750058644.21172	11	19916	11477
1750058649.2304716	11	19937	11482
1750058654.2459252	11	19947	11494
1750058659.2618363	11	19957	11512
1750058664.2773783	11	19972	11522
1750058669.293498	11	19984	11534
1750058674.3094072	11	19998	11544
1750058679.3249454	11	20018	11554
1750058684.3405612	11	20036	11560
1750058689.3557098	11	20057	11569
1750058694.372195	11	20075	11575
1750058699.3871675	11	20091	11583
1750058704.4015796	11	20100	11593
1750058709.41691	11	20109	11597
1750058714.4324932	11	20121	11606
1750058719.4540398	11	20138	11616
1750058724.4684815	11	20151	11625
1750058729.482592	11	20166	11633
1750058734.4971552	11	20185	11641
1750058739.5126219	11	20199	11650
1750058744.5306745	11	20210	11659
1750058749.5440392	11	20226	11670
1750058754.5601242	11	20242	11682
1750058759.5759726	11	20252	11692
1750058764.5911658	11	20270	11700
1750058769.605914	11	20285	11709
1750058774.619631	11	20298	11719
1750058779.6340306	11	20312	11728
1750058784.6495054	11	20330	11738
1750058789.667045	11	20345	11748
1750058794.6857457	11	20358	11757
1750058799.6999767	11	20372	11766
1750058804.7210608	11	20389	11772
1750058809.736195	11	20408	11780
1750058814.7515428	11	20424	11788
1750058819.7670846	11	20444	11798
1750058824.7823315	11	20463	11807
1750058829.8058438	11	20479	11819
1750058834.8221984	11	20492	11830
1750058839.8377485	11	20511	11840
1750058844.8527138	11	20527	11849
1750058849.8677893	11	20545	11856
1750058854.8872247	11	20558	11865
1750058859.904456	11	20581	11873
1750058864.9203393	11	20593	11888
1750058869.9444196	11	20608	11895
1750058874.95879	11	20623	11905
1750058879.9736056	11	20638	11921
1750058884.989615	11	20653	11926
1750058890.0041564	11	20673	11931
1750058895.0189319	11	20686	11940
1750058900.033975	11	20701	11949
1750058905.0497515	11	20716	11956
1750058910.0649385	11	20730	11973
1750058915.0798104	11	20743	11983
1750058920.0965	11	20749	11991
1750058925.11062	11	20764	11999
1750058930.1285067	11	20779	12013
1750058935.142842	11	20790	12022
1750058940.1566176	11	20799	12030
1750058945.1703672	11	20812	12042
1750058950.1855738	11	20828	12055
1750058955.2031038	11	20845	12064
1750058960.2173765	11	20858	12076
1750058965.232243	11	20874	12082
1750058970.2489705	11	20896	12089
1750058975.2637477	11	20913	12100
1750058980.2881439	11	20917	12108
1750058985.3032382	11	20938	12118
1750058990.3190548	11	20956	12121
1750058995.334448	11	20967	12131
1750059000.3492599	11	20988	12139
1750059005.3639412	11	20999	12153
1750059010.3786838	11	21016	12160
1750059015.3944187	11	21033	12174
1750059020.4090786	11	21042	12187
1750059025.423076	11	21059	12201
1750059030.4382281	11	21080	12206
1750059035.4526925	11	21093	12216
1750059040.4669363	11	21112	12226
1750059045.482079	11	21128	12237
1750059050.498701	11	21147	12244
1750059055.5144868	11	21163	12255
1750059060.529145	11	21180	12268
1750059065.5438225	11	21198	12273
1750059070.559083	12	21209	12281
1750059075.578707	12	21219	12291
1750059080.5937061	12	21234	12299
1750059085.6070695	12	21250	12307
1750059090.6216428	12	21266	12313
1750059095.637275	12	21282	12317
1750059100.6576655	12	21297	12326
1750059105.6733556	12	21303	12342
1750059110.6884809	12	21327	12349
1750059115.704175	12	21345	12358
1750059120.718026	12	21358	12366
1750059125.7328622	12	21372	12378
1750059130.7482634	12	21389	12389
1750059135.763946	12	21404	12398
1750059140.7787845	12	21418	12410
1750059145.793835	12	21431	12422
1750059150.8085773	12	21451	12427
1750059155.8245294	12	21462	12436
1750059160.8383243	12	21478	12444
1750059165.8541987	12	21492	12452
1750059170.8757014	12	21507	12460
1750059175.890463	12	21523	12471
1750059180.9061742	12	21541	12475
1750059185.9218283	12	21558	12482
1750059190.9371228	12	21575	12490
1750059195.956304	12	21593	12501
1750059200.9746773	12	21607	12511
1750059205.9886231	12	21621	12523
1750059211.0035298	12	21639	12529
1750059216.0182123	12	21651	12538
1750059221.0365098	12	21671	12552
1750059226.0516138	12	21694	12562
1750059231.0672057	12	21707	12567
1750059236.082407	12	21731	12579
1750059241.098114	12	21744	12587
1750059246.1131654	12	21762	12601
1750059251.1279898	12	21778	12613
1750059256.1429107	12	21798	12620
1750059261.1580708	12	21813	12629
1750059266.1737425	12	21829	12636
1750059271.1943634	12	21841	12642
1750059276.2100694	12	21858	12650
1750059281.225625	12	21870	12661
1750059286.2414799	12	21888	12670
1750059291.256351	12	21908	12678
1750059296.2716298	12	21922	12687
1750059301.2871072	12	21934	12695
1750059306.3021944	12	21948	12701
1750059311.3255568	12	21966	12711
1750059316.3403347	12	21984	12715
1750059321.35599	12	21996	12727
1750059326.3721385	12	22013	12734
1750059331.3856335	12	22027	12744
1750059336.4018824	12	22047	12750
1750059341.4170096	12	22064	12760
1750059346.4312248	12	22078	12766
1750059351.4468093	12	22094	12777
1750059356.4606512	12	22104	12780
1750059361.482504	12	22119	12791
1750059366.4986053	12	22134	12798
1750059371.5148005	12	22151	12808
1750059376.5302482	12	22168	12820
1750059381.5454364	12	22189	12829
1750059386.569224	12	22210	12834
1750059391.5849597	12	22223	12838
1750059396.5996444	12	22240	12847
1750059401.6147845	12	22260	12856
1750059406.6307533	12	22278	12873
1750059411.644577	12	22294	12885
1750059416.6589026	12	22310	12891
1750059421.6776838	12	22323	12902
1750059426.7001212	12	22336	12913
1750059431.7156863	12	22354	12920
1750059436.7309105	12	22366	12931
1750059441.7456775	12	22378	12939
1750059446.7611833	12	22390	12949
1750059451.7778254	12	22404	12963
1750059456.793341	12	22416	12970
1750059461.8091514	12	22436	12978
1750059466.8250513	12	22448	12983
1750059471.8419852	12	22461	12995
1750059476.8603187	12	22481	13010
1750059481.8750298	12	22497	13022
1750059486.8905158	12	22513	13033
1750059491.9060774	12	22525	13044
1750059496.922991	12	22538	13056
1750059501.9383137	12	22551	13070
1750059506.9539604	12	22565	13081
1750059511.9687324	12	22581	13094
1750059516.9825528	12	22597	13099
1750059522.0030162	12	22614	13105
1750059527.0182817	12	22627	13116
1750059532.0330665	12	22638	13126
1750059537.0481827	12	22654	13134
1750059542.0624995	12	22667	13145
1750059547.0853224	12	22684	13152
1750059552.1002147	12	22698	13162
1750059557.1159093	12	22715	13171
1750059562.1308107	12	22731	13186
1750059567.1457987	12	22748	13194
1750059572.161236	12	22773	13198
1750059577.1771276	12	22788	13203
1750059582.192014	12	22809	13216
1750059587.2067404	12	22826	13224
1750059592.2224033	12	22832	13238
1750059597.238486	12	22844	13252
1750059602.2543125	12	22858	13261
1750059607.2695348	12	22871	13264
1750059612.283912	12	22884	13271
1750059617.299333	12	22899	13278
1750059622.3178768	12	22916	13289
1750059627.3336067	12	22934	13298
1750059632.3492808	12	22953	13304
1750059637.3645794	12	22966	13314
1750059642.3814168	12	22980	13322
1750059647.3964334	12	22993	13327
1750059652.410491	12	23005	13337
1750059657.4260337	12	23024	13341
1750059662.4416845	12	23046	13349
1750059667.4590693	12	23062	13357
1750059672.4755986	12	23073	13368
1750059677.4900699	12	23089	13378
1750059682.5056577	12	23103	13386
1750059687.5204692	12	23120	13390
1750059692.538783	12	23131	13394
1750059697.5543659	12	23138	13401
1750059702.568311	12	23156	13406
1750059707.58286	12	23170	13418
1750059712.5983436	12	23189	13429
1750059717.6135514	12	23203	13438
1750059722.627743	12	23214	13444
1750059727.6423047	12	23234	13450
1750059732.657288	12	23257	13461
1750059737.672545	12	23275	13468
1750059742.6875842	12	23295	13483
1750059747.7034807	12	23312	13496
1750059752.717853	12	23326	13501
1750059757.7320988	12	23338	13513
1750059762.7465713	12	23361	13523
1750059767.7693975	12	23371	13529
1750059772.7843692	12	23383	13536
1750059777.8039281	12	23392	13545
1750059782.8188686	12	23410	13556
1750059787.8339393	12	23420	13562
1750059792.8493874	12	23442	13573
1750059797.8631897	12	23459	13581
1750059802.877822	12	23471	13589
1750059807.8931868	12	23488	13592
1750059812.9079275	12	23505	13599
1750059817.9262466	12	23519	13610
1750059822.9423547	12	23536	13620
1750059827.9574478	12	23555	13627
1750059832.9733548	12	23567	13638
1750059837.991786	12	23581	13646
1750059843.0072932	12	23592	13663
1750059848.0207648	12	23604	13675
1750059853.0341268	12	23626	13688
1750059858.0471342	12	23650	13703
