1750062774.7318223	0	3	3
1750062779.7430284	0	20	11
1750062784.7550697	0	33	20
1750062789.7687378	0	48	31
1750062794.7819288	0	72	40
1750062799.7945352	0	81	50
1750062804.807109	0	98	61
1750062809.8270388	0	113	72
1750062814.840315	0	136	82
1750062819.8533728	0	153	95
1750062824.867333	0	168	100
1750062829.8812191	0	181	107
1750062834.8950162	0	201	118
1750062839.9087765	0	218	131
1750062844.9213128	0	231	141
1750062849.9419577	0	246	151
1750062854.9579945	0	264	160
1750062859.9713802	0	277	173
1750062864.9874911	0	288	182
1750062870.0080032	0	304	198
1750062875.021054	0	314	207
1750062880.0329823	0	326	218
1750062885.0465827	0	341	224
1750062890.060354	0	365	232
1750062895.0777388	0	381	236
1750062900.0890324	0	398	252
1750062905.1033683	0	421	256
1750062910.115929	0	440	263
1750062915.1292365	0	456	278
1750062920.1422586	0	469	285
1750062925.155588	0	488	301
1750062930.1686008	0	506	308
1750062935.184447	0	520	320
1750062940.1976395	0	534	329
1750062945.211392	0	545	338
1750062950.2255366	0	555	347
1750062955.239642	0	570	351
1750062960.2536907	0	585	362
1750062965.2662303	0	603	371
1750062970.2796452	0	610	380
1750062975.293762	0	624	391
1750062980.3067825	0	638	406
1750062985.3197987	0	652	419
1750062990.3337226	0	666	434
1750062995.3470473	0	683	447
1750063000.360796	0	705	457
1750063005.3744957	0	719	467
1750063010.3878434	0	729	473
1750063015.3986852	0	747	489
1750063020.409994	0	762	500
1750063025.43005	0	776	511
1750063030.4424727	0	790	519
1750063035.454514	0	807	524
1750063040.4755125	0	823	529
1750063045.4881408	0	835	533
1750063050.5016534	0	849	539
1750063055.5183277	0	868	543
1750063060.5314386	0	882	552
1750063065.5446591	0	898	560
1750063070.557049	0	922	572
1750063075.5691495	0	934	579
1750063080.5807674	0	950	589
1750063085.5949302	0	967	595
1750063090.609288	0	977	603
1750063095.6266103	0	993	621
1750063100.6398125	0	1007	632
1750063105.6527407	0	1022	643
1750063110.6663432	0	1037	648
1750063115.6803834	0	1057	658
1750063120.6939955	0	1080	665
1750063125.7088242	0	1100	674
1750063130.7228365	0	1114	682
1750063135.7376266	0	1135	695
1750063140.7517588	0	1152	702
1750063145.7661483	0	1168	710
1750063150.786519	0	1182	714
1750063155.7991884	0	1200	725
1750063160.813784	0	1210	735
1750063165.828221	0	1222	748
1750063170.8418884	0	1246	757
1750063175.8553984	0	1259	766
1750063180.8686423	0	1264	776
1750063185.8823822	0	1274	785
1750063190.9004722	0	1287	792
1750063195.9155068	0	1302	803
1750063200.9295352	0	1317	813
1750063205.9419441	0	1329	824
1750063210.953372	0	1348	836
1750063215.9666529	0	1363	843
1750063220.9858809	0	1382	851
1750063225.998834	0	1390	861
1750063231.0132802	0	1405	869
1750063236.0340245	0	1421	874
1750063241.0467267	0	1439	884
1750063246.0613043	0	1456	892
1750063251.0809364	0	1486	898
1750063256.0949767	0	1497	914
1750063261.1083305	0	1514	927
1750063266.1251717	0	1533	934
1750063271.138001	0	1553	943
1750063276.1510768	0	1564	950
1750063281.1642807	0	1574	954
1750063286.1777792	0	1597	962
1750063291.1907287	0	1608	972
1750063296.2050993	0	1621	978
1750063301.2193646	0	1636	982
1750063306.2349615	0	1652	989
1750063311.2488348	0	1675	995
1750063316.2613707	0	1685	1006
1750063321.2743077	0	1705	1013
1750063326.2880754	0	1724	1024
1750063331.3023207	0	1743	1033
1750063336.315356	0	1761	1041
1750063341.3257413	0	1779	1049
1750063346.339332	0	1789	1057
1750063351.3523076	0	1809	1068
1750063356.3650105	0	1826	1077
1750063361.376825	0	1842	1086
1750063366.389907	0	1861	1098
1750063371.40355	0	1889	1113
1750063376.4161453	0	1903	1122
1750063381.4338095	0	1921	1132
1750063386.4465294	0	1940	1143
1750063391.4599035	0	1952	1155
1750063396.4727778	0	1973	1164
1750063401.4864595	0	1992	1173
1750063406.499421	0	2008	1187
1750063411.5133207	0	2025	1198
1750063416.5243907	0	2041	1216
1750063421.5380638	0	2052	1224
1750063426.5507972	0	2072	1232
1750063431.5705297	0	2089	1238
1750063436.5837243	0	2104	1246
1750063441.5941663	0	2115	1254
1750063446.6045907	0	2129	1261
1750063451.6148756	0	2143	1268
1750063456.627554	0	2154	1280
1750063461.6388083	0	2171	1290
1750063466.6527739	0	2185	1299
1750063471.666294	0	2190	1307
1750063476.6806757	0	2207	1316
1750063481.6937087	0	2226	1323
1750063486.707512	0	2246	1332
1750063491.7209249	0	2267	1344
1750063496.7329707	0	2284	1358
1750063501.7467985	0	2300	1367
1750063506.7604415	0	2312	1378
1750063511.7735553	0	2331	1385
1750063516.7878258	0	2345	1391
1750063521.8006008	0	2365	1398
1750063526.8147147	0	2381	1412
1750063531.8272953	0	2397	1421
1750063536.8409445	0	2411	1429
1750063541.8522089	0	2428	1440
1750063546.8650413	0	2443	1449
1750063551.8775327	0	2457	1453
1750063556.8900323	0	2483	1463
1750063561.9029946	0	2499	1473
1750063566.9148595	0	2516	1481
1750063571.9276023	0	2529	1492
1750063576.942139	0	2544	1499
1750063581.9534917	0	2559	1510
1750063586.9669604	0	2571	1520
1750063591.979831	0	2586	1527
1750063596.9937408	0	2607	1536
1750063602.0078645	0	2629	1544
1750063607.0219274	0	2643	1556
1750063612.0396364	0	2656	1562
1750063617.0604103	0	2674	1568
1750063622.074079	0	2686	1583
1750063627.087719	0	2706	1591
1750063632.1013877	0	2723	1609
1750063637.1145735	0	2743	1619
1750063642.1340263	0	2756	1628
1750063647.1477005	0	2769	1639
1750063652.1614666	0	2785	1642
1750063657.174567	0	2803	1652
1750063662.1878765	0	2820	1660
1750063667.201908	0	2831	1667
1750063672.2143369	0	2845	1671
1750063677.225153	0	2861	1682
1750063682.241104	0	2876	1692
1750063687.2548916	0	2889	1700
1750063692.2693045	0	2906	1708
1750063697.2828476	0	2920	1711
1750063702.2962766	0	2933	1722
1750063707.3165512	0	2957	1730
1750063712.3296773	0	2979	1739
1750063717.3429077	0	3004	1744
1750063722.3546286	0	3019	1751
1750063727.3687472	0	3038	1756
1750063732.3810759	0	3052	1764
1750063737.3946705	0	3066	1768
1750063742.4064105	0	3082	1774
1750063747.4231718	0	3094	1784
1750063752.435384	0	3105	1793
1750063757.4510267	0	3116	1798
1750063762.4643152	0	3135	1805
1750063767.4770772	0	3148	1812
1750063772.4963925	0	3163	1820
1750063777.5097752	0	3178	1829
1750063782.5238016	0	3197	1837
1750063787.5375001	0	3218	1845
1750063792.5505223	0	3231	1858
1750063797.5609314	0	3243	1872
1750063802.5733662	0	3264	1882
1750063807.590035	0	3284	1890
1750063812.60432	0	3305	1898
1750063817.6197288	0	3326	1907
1750063822.6348102	0	3342	1916
1750063827.647801	0	3354	1929
1750063832.659873	0	3368	1940
1750063837.6735847	0	3385	1947
1750063842.6874516	0	3400	1957
1750063847.7064292	0	3411	1963
1750063852.719048	0	3429	1967
1750063857.7322266	0	3447	1978
1750063862.7452152	0	3462	1984
1750063867.7576551	0	3473	1994
1750063872.7772262	0	3482	2000
1750063877.7943907	0	3501	2011
1750063882.8066895	0	3524	2025
1750063887.8270977	0	3537	2039
1750063892.8403413	0	3545	2046
1750063897.8531654	0	3561	2051
1750063902.8743935	0	3579	2063
1750063907.8875966	0	3598	2072
1750063912.9015899	0	3610	2079
1750063917.9224813	0	3625	2092
1750063922.9360502	0	3637	2099
1750063927.9491253	0	3659	2111
1750063932.9710684	0	3674	2116
1750063937.9853373	0	3689	2123
1750063942.9994967	0	3705	2137
1750063948.017397	0	3714	2147
1750063953.0302444	0	3733	2161
1750063958.0433147	0	3755	2169
1750063963.0564115	0	3780	2178
1750063968.070129	0	3796	2182
1750063973.082842	0	3807	2195
1750063978.0962942	0	3824	2204
1750063983.1116626	0	3837	2214
1750063988.124085	0	3851	2227
1750063993.1377149	0	3864	2237
1750063998.1497228	0	3880	2245
1750064003.1629455	0	3899	2254
1750064008.1762164	0	3924	2259
1750064013.1893654	0	3937	2272
1750064018.2024524	0	3954	2282
1750064023.2144866	0	3970	2295
1750064028.227312	0	3985	2308
1750064033.2404456	0	3998	2316
1750064038.2616675	0	4021	2330
1750064043.2749906	0	4039	2343
1750064048.2856638	0	4052	2355
1750064053.2978494	0	4068	2365
1750064058.30976	1	4081	2376
1750064063.322121	1	4089	2382
1750064068.3350682	1	4112	2404
1750064073.3477876	1	4133	2416
1750064078.3607123	1	4149	2424
1750064083.3769994	1	4163	2433
1750064088.3953578	1	4175	2437
1750064093.4089277	1	4191	2444
1750064098.425788	1	4202	2452
1750064103.4380817	1	4218	2459
1750064108.45134	1	4236	2470
1750064113.4646955	1	4248	2484
1750064118.4772751	1	4264	2496
1750064123.4899743	1	4278	2503
1750064128.5039175	1	4292	2512
1750064133.5170405	1	4303	2523
1750064138.530803	1	4315	2535
1750064143.5445204	1	4336	2547
1750064148.56549	1	4350	2562
1750064153.5819077	1	4366	2567
1750064158.5956967	1	4383	2578
1750064163.6113033	1	4401	2590
1750064168.6244078	1	4414	2597
1750064173.6366847	1	4421	2605
1750064178.648202	1	4443	2614
1750064183.661539	1	4460	2624
1750064188.6744125	1	4481	2638
1750064193.6879227	1	4499	2648
1750064198.7018766	1	4518	2664
1750064203.7159698	1	4532	2669
1750064208.730101	1	4551	2677
1750064213.752152	1	4571	2682
1750064218.7684648	1	4590	2689
1750064223.7813964	1	4617	2698
1750064228.8015397	1	4629	2706
1750064233.8146505	1	4650	2712
1750064238.8270245	1	4669	2726
1750064243.8393302	1	4684	2741
1750064248.852933	1	4697	2743
1750064253.8663466	1	4713	2746
1750064258.8804903	1	4729	2759
1750064263.8921802	1	4740	2770
1750064268.906855	1	4754	2780
1750064273.9203897	1	4765	2789
1750064278.9334304	1	4788	2795
1750064283.946362	1	4805	2807
1750064288.9608345	1	4821	2815
1750064293.9737937	1	4840	2824
1750064298.9867606	1	4858	2829
1750064303.9993773	1	4874	2839
1750064309.012118	1	4886	2849
1750064314.0313063	1	4906	2859
1750064319.044391	1	4918	2864
1750064324.0567756	1	4933	2873
1750064329.0704522	1	4951	2882
1750064334.0809007	1	4967	2896
1750064339.0937939	1	4986	2906
1750064344.10699	1	5003	2911
1750064349.120534	1	5022	2919
1750064354.133693	1	5037	2930
1750064359.1487315	1	5053	2938
1750064364.1665616	1	5066	2947
1750064369.1796615	1	5083	2955
1750064374.198883	1	5097	2965
1750064379.2120583	1	5114	2972
1750064384.226188	1	5129	2980
1750064389.2389975	1	5147	2987
1750064394.252394	1	5166	2994
1750064399.2664459	1	5181	3002
1750064404.2792745	1	5198	3009
1750064409.2931085	1	5207	3014
1750064414.305572	1	5224	3026
1750064419.3189473	1	5238	3037
1750064424.3314984	1	5252	3050
1750064429.3449907	1	5272	3063
1750064434.3580446	1	5291	3066
1750064439.3718789	1	5310	3075
1750064444.3824043	1	5329	3085
1750064449.3951666	1	5340	3095
1750064454.4084873	1	5361	3105
1750064459.4253302	1	5373	3120
1750064464.4386573	1	5384	3132
1750064469.4512544	1	5399	3143
1750064474.4617891	1	5415	3150
1750064479.4722552	1	5437	3159
1750064484.482553	1	5451	3169
1750064489.4931393	1	5471	3177
1750064494.5031812	1	5490	3187
1750064499.5154018	1	5505	3199
1750064504.5289714	1	5520	3215
1750064509.5424564	1	5535	3224
1750064514.5586848	1	5556	3229
1750064519.5719907	1	5576	3235
1750064524.5852678	1	5596	3246
1750064529.5990725	1	5606	3253
1750064534.6131876	1	5628	3257
1750064539.6284544	1	5641	3267
1750064544.6410894	1	5650	3273
1750064549.651439	1	5657	3280
1750064554.6614354	1	5671	3285
1750064559.6711907	1	5686	3294
1750064564.6832714	2	5705	3299
1750064569.6973608	2	5724	3307
1750064574.7119043	2	5742	3317
1750064579.7253783	2	5761	3324
1750064584.742136	2	5774	3331
1750064589.7554967	2	5801	3341
1750064594.7690988	2	5813	3345
1750064599.7824807	2	5837	3351
1750064604.7962337	2	5848	3357
1750064609.806911	2	5866	3368
1750064614.8171382	2	5878	3377
1750064619.830306	2	5893	3389
1750064624.8449903	2	5912	3398
1750064629.857558	2	5923	3407
1750064634.8697338	2	5940	3416
1750064639.8826413	2	5959	3425
1750064644.9008164	2	5975	3433
1750064649.9140406	2	5989	3440
1750064654.9278927	2	6006	3448
1750064659.940949	2	6027	3455
1750064664.951663	2	6046	3470
1750064669.965948	2	6062	3482
1750064674.976353	2	6075	3492
1750064679.9863365	2	6094	3505
1750064684.9960933	2	6110	3514
1750064690.0083477	2	6124	3524
1750064695.0193493	2	6143	3534
1750064700.0326977	2	6157	3542
1750064705.0463207	2	6178	3551
1750064710.0597956	2	6195	3562
1750064715.0728369	2	6220	3573
1750064720.0838015	2	6241	3584
1750064725.1001883	2	6260	3593
1750064730.1104546	2	6280	3604
1750064735.1213846	2	6295	3611
1750064740.1316352	2	6316	3620
1750064745.141848	2	6332	3627
1750064750.152456	2	6347	3638
1750064755.1643949	2	6362	3643
1750064760.1762345	2	6373	3652
1750064765.1886973	2	6389	3660
1750064770.2010684	2	6406	3666
1750064775.213182	2	6428	3673
1750064780.2258773	2	6449	3683
1750064785.2439306	2	6472	3691
1750064790.254834	2	6493	3701
1750064795.2746973	2	6508	3709
1750064800.2855258	2	6523	3720
1750064805.2961762	2	6534	3734
1750064810.307018	2	6557	3740
1750064815.3173132	2	6570	3743
1750064820.3273134	2	6589	3755
1750064825.3396277	2	6604	3770
1750064830.3498013	2	6614	3777
1750064835.3596897	2	6632	3785
1750064840.3716683	2	6642	3798
1750064845.38459	2	6653	3804
1750064850.3969815	2	6675	3812
1750064855.4092147	2	6690	3824
1750064860.4297273	2	6701	3832
1750064865.4434793	2	6719	3842
1750064870.4566367	2	6732	3848
1750064875.4768214	2	6742	3865
1750064880.4898782	2	6760	3878
1750064885.5031145	2	6770	3884
1750064890.5163782	2	6780	3888
1750064895.5296693	2	6800	3895
1750064900.5432925	2	6823	3902
1750064905.5568306	2	6846	3912
1750064910.5741756	2	6868	3919
1750064915.5896783	2	6880	3930
1750064920.6033218	2	6892	3944
1750064925.6168416	2	6915	3953
1750064930.6296966	2	6936	3959
1750064935.6414602	2	6958	3965
1750064940.6524928	2	6967	3977
1750064945.665782	2	6984	3985
1750064950.6786208	2	6994	3994
1750064955.691804	2	7007	4007
1750064960.7085621	2	7025	4015
1750064965.7214732	2	7039	4022
1750064970.7356365	2	7062	4034
1750064975.749273	2	7080	4039
1750064980.7628713	2	7098	4053
1750064985.7832015	2	7119	4063
1750064990.795374	2	7136	4077
1750064995.8082824	2	7153	4088
1750065000.8220406	2	7167	4095
1750065005.8352494	2	7182	4107
1750065010.8487473	2	7202	4116
1750065015.8624187	2	7221	4123
1750065020.8757908	3	7235	4132
1750065025.889029	3	7252	4136
1750065030.9032059	3	7261	4145
1750065035.9164338	3	7273	4154
1750065040.9276688	3	7294	4165
1750065045.9415185	3	7313	4175
1750065050.9558778	3	7328	4184
1750065055.9683046	3	7345	4195
1750065060.985963	3	7359	4201
1750065065.9985814	3	7376	4213
1750065071.0164835	3	7397	4223
1750065076.0304105	3	7417	4232
1750065081.04387	3	7426	4239
1750065086.0647388	3	7438	4249
1750065091.0750866	3	7450	4258
1750065096.0889552	3	7461	4267
1750065101.103125	3	7481	4276
1750065106.1168334	3	7492	4286
1750065111.1304402	3	7506	4291
1750065116.1424282	3	7518	4299
1750065121.1550374	3	7538	4310
1750065126.1721911	3	7552	4319
1750065131.186372	3	7563	4330
1750065136.2065248	3	7575	4342
1750065141.2286587	3	7599	4346
1750065146.2413042	3	7619	4351
1750065151.2539763	3	7637	4368
1750065156.2666907	3	7652	4377
1750065161.2796926	3	7661	4388
1750065166.293659	3	7686	4397
1750065171.3067832	3	7698	4404
1750065176.3188248	3	7719	4416
1750065181.3305619	3	7732	4427
1750065186.344401	3	7755	4438
1750065191.3598645	3	7759	4444
1750065196.3727388	3	7769	4453
1750065201.3867726	3	7783	4457
1750065206.4002514	3	7799	4467
1750065211.4138296	3	7816	4478
1750065216.4274497	3	7832	4487
1750065221.4407356	3	7850	4495
1750065226.454627	3	7870	4507
1750065231.4668617	3	7882	4514
1750065236.4817827	3	7905	4519
1750065241.4959457	3	7920	4525
1750065246.5091462	3	7939	4532
1750065251.5225973	3	7950	4542
1750065256.5360112	3	7965	4555
1750065261.553967	3	7977	4565
1750065266.566863	3	8002	4577
1750065271.5804787	3	8017	4582
1750065276.5933995	3	8033	4594
1750065281.6059978	3	8041	4599
1750065286.6199973	3	8053	4606
1750065291.6312644	3	8073	4613
1750065296.6456258	3	8086	4626
1750065301.658481	3	8094	4631
1750065306.6709032	3	8114	4640
1750065311.6828735	3	8120	4646
1750065316.696508	3	8141	4656
1750065321.709458	3	8162	4662
1750065326.7218273	3	8177	4667
1750065331.74256	3	8195	4672
1750065336.7604852	3	8216	4682
1750065341.7738378	3	8229	4695
1750065346.792159	3	8245	4704
1750065351.8051555	3	8265	4713
1750065356.817714	3	8278	4722
1750065361.8307762	3	8295	4730
1750065366.844552	3	8319	4735
1750065371.8582592	3	8329	4744
1750065376.8696334	3	8336	4755
1750065381.88408	3	8354	4764
1750065386.8973317	3	8365	4769
1750065391.9110544	3	8381	4781
1750065396.9253979	3	8396	4785
1750065401.9387357	3	8414	4790
1750065406.9516609	3	8433	4799
1750065411.9656768	3	8455	4807
1750065416.9789531	3	8466	4811
1750065421.9921546	3	8479	4816
1750065427.0050197	3	8492	4831
1750065432.0186338	3	8508	4837
1750065437.0328023	3	8524	4844
1750065442.0473437	3	8540	4857
1750065447.0615144	3	8559	4862
1750065452.0736842	3	8572	4872
1750065457.0909593	3	8590	4880
1750065462.1030324	3	8606	4888
1750065467.1157017	3	8612	4901
1750065472.1296663	3	8624	4912
1750065477.1439068	3	8640	4921
1750065482.1558194	3	8652	4928
1750065487.1675298	3	8671	4936
1750065492.1812773	3	8683	4946
1750065497.1945193	3	8698	4960
1750065502.2078726	3	8719	4973
1750065507.2205477	3	8742	4985
1750065512.2349083	3	8756	4995
1750065517.2477167	3	8766	5011
1750065522.2612522	3	8780	5019
1750065527.275543	3	8797	5027
1750065532.2886987	3	8812	5036
1750065537.302894	3	8826	5045
1750065542.3163047	3	8850	5054
1750065547.3298619	3	8866	5060
1750065552.3439915	3	8884	5065
1750065557.3576362	3	8901	5078
1750065562.3714623	3	8914	5083
1750065567.3849392	3	8928	5096
1750065572.3956826	3	8955	5101
1750065577.4093494	3	8972	5109
1750065582.4210005	3	8980	5118
1750065587.4336374	3	8999	5130
1750065592.446718	3	9017	5138
1750065597.4575734	3	9031	5150
1750065602.47051	3	9053	5162
1750065607.481877	3	9064	5172
1750065612.4950278	3	9073	5186
1750065617.507599	3	9088	5195
1750065622.5207765	3	9107	5204
1750065627.540409	3	9125	5211
1750065632.552251	3	9143	5222
1750065637.5650747	3	9160	5224
1750065642.5787191	3	9173	5232
1750065647.591656	3	9183	5244
1750065652.6118639	3	9194	5256
1750065657.625967	3	9208	5262
1750065662.6382453	3	9227	5271
1750065667.651701	3	9238	5276
1750065672.6647127	3	9249	5285
1750065677.6770387	3	9269	5292
1750065682.6906357	3	9285	5303
1750065687.704786	3	9301	5309
1750065692.722699	3	9310	5322
1750065697.7352688	3	9323	5333
1750065702.749175	3	9332	5344
1750065707.7619514	3	9351	5350
1750065712.7751913	3	9368	5359
1750065717.7881608	3	9382	5381
1750065722.8007827	3	9409	5393
1750065727.8134344	3	9428	5405
1750065732.8265052	3	9440	5416
1750065737.839954	3	9460	5433
1750065742.854619	3	9483	5436
1750065747.8673244	3	9497	5443
1750065752.8802595	3	9515	5452
1750065757.8942912	3	9537	5465
1750065762.9093504	3	9551	5476
1750065767.9231443	3	9564	5488
1750065772.9361653	3	9579	5493
1750065777.9491026	3	9599	5503
1750065782.9621134	3	9609	5510
1750065787.980486	3	9620	5522
1750065792.9941878	3	9630	5536
1750065798.0076447	3	9647	5542
1750065803.021315	3	9664	5556
1750065808.0333335	3	9681	5566
1750065813.0512378	3	9696	5570
1750065818.0649934	3	9715	5581
1750065823.0782967	3	9725	5590
1750065828.0907655	3	9740	5601
1750065833.102581	3	9758	5611
1750065838.1127913	3	9775	5614
1750065843.123793	3	9793	5624
1750065848.1387553	3	9803	5633
1750065853.1514347	3	9818	5644
1750065858.16298	3	9829	5650
1750065863.1759574	3	9849	5660
1750065868.189259	3	9867	5669
1750065873.2029889	3	9878	5676
1750065878.2164989	3	9897	5685
1750065883.230315	3	9911	5700
1750065888.24859	3	9924	5716
1750065893.2618065	3	9950	5721
1750065898.27482	3	9968	5733
1750065903.2886457	3	9981	5753
1750065908.3023129	3	9993	5758
1750065913.3161478	3	10009	5765
1750065918.3286436	3	10027	5774
1750065923.3429816	3	10042	5783
1750065928.3565235	3	10056	5788
1750065933.371895	3	10064	5798
1750065938.385357	3	10079	5810
1750065943.397436	3	10095	5821
1750065948.4103003	3	10114	5827
1750065953.4241226	3	10132	5837
1750065958.4464803	3	10138	5841
1750065963.4609864	3	10157	5848
1750065968.4747956	3	10174	5854
1750065973.489408	3	10193	5859
1750065978.5032816	3	10209	5870
1750065983.5158625	3	10222	5876
1750065988.5293906	3	10237	5881
1750065993.5425274	3	10251	5887
1750065998.5562708	3	10271	5896
1750066003.5701764	3	10284	5908
1750066008.5864928	3	10308	5915
1750066013.5994236	3	10326	5923
1750066018.6133082	3	10338	5933
1750066023.6268227	3	10356	5939
1750066028.640328	3	10374	5952
1750066033.6534884	3	10388	5960
1750066038.6681979	3	10411	5972
1750066043.6817667	3	10422	5979
1750066048.6956313	3	10440	5987
1750066053.7088943	3	10457	5998
1750066058.7308202	3	10473	6010
1750066063.745517	3	10491	6017
1750066068.7591453	3	10505	6025
1750066073.7812347	3	10519	6034
1750066078.7942634	3	10532	6037
1750066083.8069313	3	10552	6050
1750066088.8208818	3	10569	6067
1750066093.8351169	3	10588	6075
1750066098.8480783	3	10614	6087
1750066103.861924	3	10628	6097
1750066108.8752348	3	10641	6105
1750066113.8886552	3	10654	6118
1750066118.9020042	3	10672	6121
1750066123.9157295	3	10686	6131
1750066128.9295924	3	10706	6137
1750066133.9482026	3	10724	6143
1750066138.9620376	3	10738	6146
1750066143.9750068	3	10748	6151
1750066148.989138	3	10764	6156
1750066154.0013864	3	10781	6164
1750066159.0216858	3	10794	6167
1750066164.0399246	3	10814	6176
1750066169.053798	3	10827	6186
1750066174.073955	3	10844	6192
1750066179.08708	3	10861	6201
1750066184.0999022	3	10879	6206
1750066189.1120262	3	10892	6211
1750066194.126113	3	10911	6218
1750066199.1398718	3	10926	6223
1750066204.1533358	3	10941	6232
1750066209.1658719	3	10954	6242
1750066214.1808693	3	10963	6255
1750066219.1953099	3	10973	6265
1750066224.209333	3	10990	6272
1750066229.222783	3	11005	6283
1750066234.2358775	3	11017	6287
1750066239.2494638	3	11028	6297
1750066244.2624168	3	11047	6302
1750066249.2759373	3	11070	6310
1750066254.289692	3	11083	6319
1750066259.3027954	3	11092	6331
1750066264.316742	3	11111	6338
1750066269.3302195	3	11126	6347
1750066274.3433444	3	11139	6352
1750066279.3569005	3	11156	6361
1750066284.3771622	3	11166	6368
1750066289.3906076	3	11183	6378
1750066294.4027882	3	11199	6389
1750066299.4155385	3	11211	6398
1750066304.4297333	3	11228	6408
1750066309.4441955	3	11241	6419
1750066314.4581869	3	11266	6430
1750066319.4711308	3	11286	6444
1750066324.4919086	3	11301	6452
1750066329.5058887	3	11319	6463
1750066334.5189533	3	11331	6474
1750066339.533105	3	11349	6483
1750066344.5464256	3	11369	6492
1750066349.558985	3	11387	6501
1750066354.5724323	3	11399	6510
1750066359.5861034	3	11416	6517
1750066364.5994153	3	11432	6532
1750066369.6127596	3	11447	6538
1750066374.6290448	3	11460	6551
1750066379.6432614	3	11478	6555
1750066384.6592972	3	11496	6564
1750066389.6727083	3	11512	6569
1750066394.6851542	3	11525	6572
1750066399.6985867	3	11536	6583
1750066404.7136197	3	11550	6593
1750066409.729925	3	11571	6605
1750066414.743857	3	11585	6616
1750066419.7557943	3	11600	6630
1750066424.7681882	3	11613	6636
1750066429.7822218	3	11630	6646
1750066434.7997553	3	11643	6653
1750066439.8167512	3	11651	6659
1750066444.828736	3	11674	6673
1750066449.8497694	3	11687	6685
1750066454.8637853	3	11705	6698
1750066459.8773131	3	11724	6708
1750066464.889067	3	11736	6714
1750066469.901255	3	11749	6719
1750066474.9226897	3	11770	6729
1750066479.9361053	3	11785	6735
1750066484.9496095	3	11798	6744
1750066489.961497	3	11817	6756
1750066494.9743023	3	11832	6764
1750066499.9891608	3	11851	6773
1750066505.0036323	3	11865	6774
1750066510.0179574	3	11880	6792
1750066515.0398226	3	11897	6802
1750066520.0601394	3	11911	6815
1750066525.0733218	3	11928	6820
1750066530.0890172	3	11943	6828
1750066535.1028202	3	11961	6835
1750066540.1154573	3	11981	6845
1750066545.128449	3	11999	6853
1750066550.1420894	3	12018	6865
1750066555.155362	3	12038	6877
1750066560.1688523	3	12059	6890
1750066565.1826215	3	12076	6899
1750066570.1957657	3	12086	6909
1750066575.2087321	3	12108	6916
1750066580.22283	3	12121	6922
1750066585.2359211	3	12135	6929
1750066590.250544	3	12148	6935
1750066595.2623534	3	12165	6942
1750066600.2768815	3	12181	6952
1750066605.2906053	3	12205	6960
1750066610.304497	3	12218	6972
1750066615.318056	3	12233	6985
1750066620.3306978	3	12249	6993
1750066625.3448584	3	12262	7003
1750066630.358322	3	12283	7011
1750066635.372825	3	12301	7015
1750066640.3908007	3	12317	7028
1750066645.4034386	3	12328	7042
1750066650.4165022	3	12343	7055
1750066655.4308815	3	12357	7067
1750066660.443833	3	12371	7078
1750066665.45675	3	12385	7088
1750066670.47127	3	12404	7096
1750066675.4860883	3	12424	7101
1750066680.5064564	3	12444	7113
1750066685.5186467	3	12456	7114
1750066690.5317833	3	12481	7124
1750066695.5456104	3	12505	7130
1750066700.5591664	3	12529	7140
1750066705.5772736	3	12553	7149
1750066710.5915444	3	12568	7158
1750066715.6055	3	12585	7167
1750066720.6189744	3	12608	7174
1750066725.631848	3	12624	7189
1750066730.644196	3	12640	7198
1750066735.6579587	3	12654	7210
1750066740.6722791	3	12668	7218
1750066745.6923695	3	12681	7233
1750066750.7065682	3	12692	7240
1750066755.721198	3	12709	7250
1750066760.7354066	3	12727	7261
1750066765.7490377	3	12747	7272
1750066770.7669957	3	12761	7278
1750066775.7807662	3	12767	7288
1750066780.7944503	3	12790	7298
1750066785.8072085	3	12812	7307
1750066790.8199844	3	12825	7314
1750066795.833516	3	12832	7323
1750066800.8470337	3	12846	7329
1750066805.8607273	3	12870	7338
1750066810.8737628	3	12883	7348
1750066815.885942	3	12902	7357
1750066820.9065676	3	12920	7362
1750066825.9206128	3	12934	7373
1750066830.9353743	3	12947	7383
1750066835.948579	3	12961	7388
1750066840.962366	3	12982	7398
1750066845.977659	3	13000	7406
1750066850.9919057	3	13026	7415
1750066856.0054078	3	13043	7430
1750066861.0213208	3	13054	7437
1750066866.0349889	3	13071	7445
1750066871.0478382	3	13084	7455
1750066876.061622	3	13106	7472
1750066881.076086	3	13125	7479
1750066886.089464	3	13138	7484
1750066891.1030855	3	13150	7495
1750066896.1167498	3	13174	7504
1750066901.130507	3	13184	7517
1750066906.1442046	3	13200	7521
1750066911.1580539	3	13215	7529
1750066916.1717002	3	13230	7540
1750066921.1862402	3	13250	7549
1750066926.200498	3	13268	7558
1750066931.2142112	3	13281	7568
1750066936.228107	3	13293	7574
1750066941.2417457	3	13308	7583
1750066946.2565868	3	13324	7589
1750066951.2709568	3	13339	7598
1750066956.2840505	3	13354	7606
1750066961.296583	3	13376	7620
1750066966.3099594	3	13394	7625
1750066971.3244517	3	13416	7637
1750066976.3386507	3	13434	7644
1750066981.3542452	3	13452	7657
1750066986.368192	3	13469	7666
1750066991.381945	3	13481	7671
1750066996.3956747	3	13499	7681
1750067001.4084	3	13510	7686
1750067006.4218075	3	13523	7691
1750067011.4352794	3	13535	7700
1750067016.4480436	3	13552	7705
1750067021.4616323	3	13566	7714
1750067026.4750144	3	13584	7724
1750067031.492373	3	13604	7735
1750067036.5040271	3	13618	7745
1750067041.5183852	3	13632	7754
1750067046.5330017	3	13654	7768
1750067051.5466928	3	13672	7778
1750067056.5599062	3	13688	7793
1750067061.5719078	3	13706	7798
1750067066.585618	3	13726	7812
1750067071.6064115	3	13741	7818
1750067076.6210954	3	13765	7830
1750067081.6349761	3	13775	7832
1750067086.648104	3	13797	7835
1750067091.6615307	3	13814	7846
1750067096.6818874	3	13831	7857
1750067101.6952055	3	13843	7864
1750067106.7091928	3	13865	7869
1750067111.7220984	3	13880	7880
1750067116.7365634	3	13903	7889
1750067121.7493775	3	13915	7897
1750067126.7625773	3	13930	7903
1750067131.7761366	3	13949	7913
1750067136.7952638	3	13973	7918
1750067141.8067398	3	13992	7930
1750067146.8246853	3	14011	7941
1750067151.838371	3	14023	7955
1750067156.8505218	3	14036	7967
1750067161.8642797	3	14046	7972
1750067166.878573	3	14065	7978
1750067171.8916051	3	14080	7984
1750067176.9055867	3	14099	7999
1750067181.919436	3	14112	8006
1750067186.933055	3	14125	8012
1750067191.9469674	3	14137	8019
1750067196.9598866	3	14158	8025
1750067201.9732208	3	14174	8034
1750067206.986817	3	14199	8044
1750067212.0008135	3	14215	8051
1750067217.0141962	3	14233	8058
1750067222.0285025	3	14250	8069
1750067227.0426688	3	14267	8083
1750067232.0567346	3	14285	8094
1750067237.0698886	3	14305	8105
1750067242.084192	3	14313	8118
1750067247.0971787	3	14341	8126
1750067252.1099396	3	14357	8142
1750067257.124228	3	14373	8151
1750067262.1375303	3	14382	8166
1750067267.1492243	3	14399	8173
1750067272.163357	3	14411	8181
1750067277.1782346	3	14428	8190
1750067282.1923676	3	14444	8195
1750067287.2063825	3	14453	8200
1750067292.2283423	3	14469	8215
1750067297.2415586	4	14481	8224
1750067302.2551372	4	14500	8228
1750067307.269378	4	14514	8232
1750067312.2816267	4	14531	8244
1750067317.296037	4	14549	8253
1750067322.3101046	4	14567	8259
1750067327.3243265	4	14581	8271
1750067332.3393412	4	14602	8283
1750067337.3517296	4	14621	8294
1750067342.3648407	4	14631	8301
1750067347.3794472	4	14649	8313
1750067352.3937747	4	14668	8325
1750067357.4081106	4	14692	8334
1750067362.4214396	4	14713	8347
1750067367.4358535	4	14726	8356
1750067372.4487112	4	14739	8369
1750067377.4621227	4	14758	8379
1750067382.4761384	4	14769	8387
1750067387.4885185	4	14780	8397
1750067392.50212	4	14797	8406
1750067397.5155044	4	14814	8415
1750067402.53253	4	14829	8427
1750067407.5472646	4	14846	8446
1750067412.5598345	4	14856	8452
1750067417.573393	4	14870	8462
1750067422.5883744	4	14887	8473
1750067427.600273	4	14908	8481
1750067432.6130145	4	14919	8493
1750067437.6258347	4	14929	8499
1750067442.639615	4	14943	8506
1750067447.6536417	4	14961	8518
1750067452.6673796	4	14971	8528
1750067457.6816392	4	14991	8538
1750067462.6961472	4	15014	8545
1750067467.7081773	4	15028	8551
1750067472.7247813	4	15043	8556
1750067477.743499	4	15059	8567
1750067482.7579637	4	15075	8574
1750067487.7742755	4	15089	8586
1750067492.788559	4	15110	8597
1750067497.8030696	4	15122	8607
1750067502.817783	4	15135	8619
1750067507.8318176	4	15145	8628
1750067512.8517058	4	15164	8640
1750067517.8655627	4	15183	8646
1750067522.8791397	4	15196	8656
1750067527.893092	4	15212	8669
1750067532.9063985	4	15230	8684
1750067537.9247572	4	15247	8692
1750067542.9425218	4	15256	8703
1750067547.9568787	4	15264	8712
1750067552.9777937	4	15278	8720
1750067557.9921193	4	15303	8725
1750067563.0060668	4	15322	8734
1750067568.0282593	4	15345	8745
1750067573.0417364	4	15356	8753
1750067578.0550044	4	15366	8764
1750067583.077582	4	15374	8772
1750067588.0895686	4	15396	8783
1750067593.103487	4	15407	8792
1750067598.1171887	4	15421	8806
1750067603.1314523	4	15427	8816
1750067608.145129	4	15444	8831
1750067613.1587222	4	15465	8842
1750067618.1727219	4	15479	8852
1750067623.1930623	4	15491	8868
1750067628.2073328	4	15511	8880
1750067633.2209084	4	15525	8888
1750067638.2349606	4	15540	8894
1750067643.2493982	4	15559	8908
1750067648.2621515	4	15569	8917
1750067653.2757733	4	15585	8922
1750067658.2886927	4	15598	8927
1750067663.3014286	4	15615	8936
1750067668.3150575	5	15630	8948
1750067673.3300054	5	15645	8955
1750067678.3438394	5	15661	8967
1750067683.3574822	5	15677	8975
1750067688.3713136	5	15692	8991
1750067693.3848221	5	15711	9003
1750067698.3986552	5	15728	9015
1750067703.4132006	5	15748	9028
1750067708.425471	5	15765	9034
1750067713.4380462	5	15785	9042
1750067718.4516122	5	15800	9050
1750067723.4652185	5	15824	9062
1750067728.4787242	6	15843	9077
1750067733.4925535	6	15861	9085
1750067738.5049736	6	15879	9095
1750067743.522753	6	15898	9101
1750067748.5366335	6	15917	9110
1750067753.5515366	6	15933	9118
1750067758.5655804	6	15951	9125
1750067763.5791032	6	15969	9133
1750067768.5930185	6	15982	9144
1750067773.6054628	6	15991	9152
1750067778.618839	6	16006	9162
1750067783.6330993	6	16024	9171
1750067788.6459818	6	16046	9178
1750067793.6663322	6	16060	9192
1750067798.6802588	6	16073	9205
1750067803.6940095	6	16080	9219
1750067808.706217	6	16093	9232
1750067813.7180736	6	16113	9241
1750067818.7320352	6	16125	9252
1750067823.7459376	6	16142	9262
1750067828.7598748	6	16155	9275
1750067833.7737556	6	16174	9287
1750067838.7863526	7	16187	9299
1750067843.7995481	7	16199	9303
1750067848.8138087	7	16216	9315
1750067853.8342488	7	16231	9326
1750067858.846131	7	16247	9338
1750067863.859613	7	16261	9347
1750067868.8736918	7	16285	9357
1750067873.8873584	7	16300	9367
1750067878.9056294	7	16315	9381
1750067883.9203553	7	16331	9387
1750067888.9343128	7	16348	9397
1750067893.9474673	7	16363	9403
1750067898.9621186	7	16386	9410
1750067903.979889	7	16398	9418
1750067908.9930494	7	16413	9428
1750067914.0057595	7	16430	9435
1750067919.0173328	7	16445	9443
1750067924.0306153	7	16466	9452
1750067929.0517342	7	16485	9458
1750067934.0650449	7	16496	9464
1750067939.0775876	7	16512	9474
1750067944.090549	7	16531	9481
1750067949.1036131	7	16544	9496
1750067954.1249323	7	16558	9509
1750067959.1372867	7	16569	9516
1750067964.1501474	7	16585	9520
1750067969.1632109	7	16594	9524
1750067974.1764185	7	16616	9532
1750067979.1947458	7	16628	9540
1750067984.2089856	7	16645	9548
1750067989.221997	7	16659	9558
1750067994.235824	7	16672	9572
1750067999.2503078	7	16695	9576
1750068004.2633817	7	16715	9582
1750068009.2762635	7	16727	9592
1750068014.2881606	7	16738	9601
1750068019.3009212	7	16758	9608
1750068024.318937	7	16779	9612
1750068029.3370595	7	16801	9618
1750068034.3510542	7	16826	9631
1750068039.3687527	7	16848	9638
1750068044.3804536	7	16868	9645
1750068049.3941007	7	16885	9656
1750068054.4082427	7	16902	9663
1750068059.4227061	7	16917	9672
1750068064.4374883	7	16938	9682
1750068069.4509943	7	16951	9690
1750068074.4646425	7	16967	9698
1750068079.4786677	7	16976	9710
1750068084.4920218	7	16990	9719
1750068089.5039527	7	17013	9728
1750068094.5179956	7	17032	9740
1750068099.5342607	7	17050	9747
1750068104.5487404	7	17060	9755
1750068109.5634816	7	17084	9768
1750068114.5773644	7	17096	9776
1750068119.5912786	7	17112	9783
1750068124.606067	7	17125	9792
1750068129.6204214	7	17139	9802
1750068134.634159	7	17145	9813
1750068139.647902	7	17162	9816
1750068144.661482	7	17176	9826
1750068149.6829727	7	17198	9833
1750068154.697025	7	17212	9845
1750068159.7121174	7	17238	9862
1750068164.7257526	7	17253	9870
1750068169.7393627	7	17271	9878
1750068174.7525015	7	17291	9892
1750068179.7664008	7	17310	9904
1750068184.7807775	7	17323	9917
1750068189.7995322	7	17331	9928
1750068194.8140554	7	17346	9934
1750068199.8281865	7	17367	9943
1750068204.8419704	7	17378	9954
1750068209.8562152	7	17393	9968
1750068214.878063	7	17411	9977
1750068219.8925683	7	17423	9982
1750068224.9058447	7	17449	9996
1750068229.9196715	7	17463	10007
1750068234.9350038	7	17476	10014
1750068239.9492626	7	17495	10024
1750068244.9638474	7	17508	10029
1750068249.9788518	7	17525	10037
1750068254.9995244	7	17539	10039
1750068260.01291	7	17556	10050
1750068265.0272424	7	17577	10059
1750068270.040282	7	17595	10073
1750068275.0540204	7	17611	10083
1750068280.0730155	7	17626	10091
1750068285.0869935	8	17639	10104
1750068290.1013932	8	17657	10107
1750068295.1145904	8	17670	10115
1750068300.127368	8	17685	10126
1750068305.1403208	8	17703	10131
1750068310.1541295	8	17722	10141
1750068315.1683748	8	17739	10151
1750068320.1914735	8	17759	10161
1750068325.2043483	8	17780	10168
1750068330.2182772	8	17798	10180
1750068335.2329285	8	17811	10190
1750068340.247199	8	17829	10200
1750068345.261208	8	17845	10207
1750068350.275746	8	17862	10214
1750068355.288933	8	17878	10223
1750068360.3028924	8	17889	10233
1750068365.3176045	8	17910	10238
1750068370.332323	8	17928	10247
1750068375.3469753	8	17942	10260
1750068380.36615	8	17967	10268
1750068385.3801594	8	17984	10275
1750068390.393337	8	17995	10286
1750068395.4076214	8	18011	10289
1750068400.421326	8	18033	10296
1750068405.4418151	8	18049	10300
1750068410.4554796	8	18067	10310
1750068415.4691808	8	18087	10315
1750068420.4838195	8	18107	10319
1750068425.498957	8	18123	10326
1750068430.515605	8	18137	10334
1750068435.5314822	8	18157	10343
1750068440.5437484	8	18174	10357
1750068445.5587332	8	18195	10362
1750068450.5733516	8	18208	10372
1750068455.5883577	8	18215	10387
1750068460.6029127	8	18228	10400
1750068465.6162775	8	18239	10404
1750068470.631197	8	18255	10414
1750068475.6459978	8	18272	10423
1750068480.6612265	8	18280	10430
1750068485.6755393	8	18292	10436
1750068490.6895075	8	18307	10448
1750068495.7037468	8	18321	10458
1750068500.717821	8	18337	10467
1750068505.7378178	8	18343	10475
1750068510.7558687	8	18369	10486
1750068515.7692084	8	18393	10495
1750068520.78385	8	18413	10500
1750068525.7979183	8	18428	10507
1750068530.8112996	8	18446	10514
1750068535.8246996	8	18458	10522
1750068540.8369577	8	18468	10529
1750068545.8502572	8	18480	10535
1750068550.8637555	8	18499	10548
1750068555.8772514	8	18514	10555
1750068560.892132	8	18531	10566
1750068565.9055302	8	18545	10573
1750068570.9191077	8	18558	10579
1750068575.9372013	8	18573	10589
1750068580.9557438	8	18595	10597
1750068585.9700463	8	18612	10603
1750068590.9889922	8	18625	10615
1750068596.0023513	8	18642	10621
1750068601.0173614	8	18653	10629
1750068606.0320802	8	18666	10635
1750068611.0474646	8	18681	10638
1750068616.0596879	8	18701	10648
1750068621.073567	8	18716	10655
1750068626.090344	8	18722	10665
1750068631.1037025	8	18737	10674
1750068636.1190052	8	18749	10681
1750068641.1321466	8	18773	10693
1750068646.1474798	8	18786	10701
1750068651.1634188	8	18804	10710
1750068656.1778753	8	18818	10716
1750068661.1936572	8	18831	10726
1750068666.207359	8	18842	10734
1750068671.220961	8	18858	10743
1750068676.2370503	8	18875	10752
1750068681.2517245	8	18895	10762
1750068686.2665665	8	18908	10775
1750068691.280196	8	18924	10788
1750068696.2946885	8	18929	10800
1750068701.3172004	9	18945	10808
1750068706.3326309	9	18963	10816
1750068711.346591	9	18971	10826
1750068716.3607147	9	18985	10836
1750068721.3741202	9	19007	10846
1750068726.3880904	9	19027	10854
1750068731.4028573	9	19042	10866
1750068736.4165356	9	19052	10870
1750068741.439522	9	19072	10879
1750068746.4533877	9	19084	10891
1750068751.4676435	9	19095	10901
1750068756.4831269	9	19107	10911
1750068761.4978466	9	19118	10920
1750068766.516269	9	19132	10926
1750068771.5313566	9	19148	10936
1750068776.546326	9	19163	10945
1750068781.5603836	9	19181	10956
1750068786.5759206	9	19198	10969
1750068791.5900147	9	19215	10978
1750068796.6037333	9	19232	10984
1750068801.616563	9	19254	10992
1750068806.6313896	9	19264	11003
1750068811.6459572	9	19276	11012
1750068816.6655982	9	19288	11024
1750068821.6792824	9	19307	11032
1750068826.6941087	9	19320	11044
1750068831.7093976	9	19341	11050
1750068836.723933	9	19365	11061
1750068841.7368221	9	19376	11075
1750068846.7511895	9	19392	11081
1750068851.767202	9	19413	11089
1750068856.786627	9	19433	11096
1750068861.8020015	9	19446	11107
1750068866.8205001	9	19461	11116
1750068871.8343272	9	19478	11121
1750068876.8487406	9	19503	11130
1750068881.8625336	9	19522	11140
1750068886.876306	9	19541	11149
1750068891.890087	9	19553	11153
1750068896.9024663	9	19577	11166
1750068901.9227345	9	19593	11173
1750068906.9370406	9	19607	11177
1750068911.9520085	9	19620	11184
1750068916.964823	9	19636	11191
1750068921.9792058	9	19659	11203
1750068926.9965866	9	19677	11212
1750068932.0104947	9	19696	11223
1750068937.023395	9	19716	11233
1750068942.036226	9	19724	11242
1750068947.050775	9	19743	11249
1750068952.071395	9	19756	11257
1750068957.0858088	9	19774	11271
1750068962.1004977	9	19791	11282
1750068967.1143227	9	19811	11289
1750068972.1284997	9	19821	11297
1750068977.1493518	9	19838	11309
1750068982.1641731	9	19851	11320
1750068987.1782644	9	19866	11327
1750068992.1930337	9	19875	11334
1750068997.2081141	9	19885	11340
1750069002.223291	9	19903	11352
1750069007.2367716	9	19919	11357
1750069012.2517602	9	19932	11363
1750069017.270955	9	19954	11374
1750069022.2851033	9	19967	11384
1750069027.2988136	9	19984	11390
1750069032.3134766	9	20000	11397
1750069037.3278334	9	20020	11406
1750069042.349649	9	20027	11420
1750069047.364249	9	20042	11427
1750069052.380562	9	20056	11438
1750069057.3944683	9	20072	11449
1750069062.4074018	9	20089	11458
1750069067.4212997	9	20101	11467
1750069072.4342864	9	20114	11472
1750069077.448338	9	20130	11490
1750069082.4619522	9	20144	11505
1750069087.4764917	9	20156	11516
1750069092.490376	9	20172	11526
1750069097.504871	9	20193	11534
1750069102.518656	9	20208	11547
1750069107.531566	9	20224	11558
1750069112.5444617	9	20240	11562
1750069117.5613759	9	20259	11570
1750069122.5745416	9	20277	11578
1750069127.5878487	9	20299	11586
1750069132.603272	9	20315	11594
1750069137.617968	9	20327	11601
1750069142.6309938	9	20342	11608
1750069147.6440148	9	20366	11610
1750069152.6572237	9	20378	11624
1750069157.6712635	9	20393	11632
1750069162.6851752	9	20415	11638
1750069167.6978614	9	20441	11645
1750069172.7147448	9	20462	11655
1750069177.727621	9	20476	11665
1750069182.742173	9	20491	11673
1750069187.7560704	9	20509	11685
1750069192.7691507	9	20519	11695
1750069197.7832859	9	20534	11713
1750069202.7975354	9	20547	11720
1750069207.8154707	9	20568	11729
1750069212.829113	9	20575	11734
1750069217.842895	9	20586	11742
1750069222.8570037	9	20601	11753
1750069227.8719556	9	20615	11763
1750069232.8904047	9	20629	11775
1750069237.9043555	9	20647	11783
1750069242.9175005	9	20662	11787
1750069247.9323585	9	20679	11798
1750069252.9463897	9	20695	11806
1750069257.962333	9	20706	11812
1750069262.978394	9	20723	11826
1750069267.9927256	9	20741	11837
1750069273.0069118	9	20761	11849
1750069278.0215476	9	20771	11860
1750069283.0370314	9	20784	11868
1750069288.0507274	9	20798	11880
1750069293.063217	9	20809	11886
1750069298.0753708	9	20821	11895
1750069303.0889406	9	20842	11901
1750069308.109786	9	20852	11913
1750069313.1227398	9	20865	11922
1750069318.1357033	9	20887	11931
1750069323.1488936	9	20905	11943
1750069328.1635597	9	20923	11949
1750069333.184433	9	20937	11960
1750069338.1979816	9	20958	11964
1750069343.2118428	9	20975	11970
1750069348.2270887	9	20983	11982
1750069353.2413664	9	20999	11987
1750069358.2560775	9	21017	12001
1750069363.270019	9	21032	12008
1750069368.2836828	9	21049	12014
1750069373.298703	9	21074	12022
1750069378.3126702	9	21087	12030
1750069383.3348906	9	21100	12038
1750069388.3483095	9	21117	12046
1750069393.3620389	9	21135	12053
1750069398.376152	9	21147	12063
1750069403.3904116	9	21157	12074
1750069408.4052823	9	21169	12087
1750069413.4198456	9	21190	12094
1750069418.4376268	9	21207	12108
1750069423.4506588	9	21222	12123
1750069428.465676	9	21240	12130
1750069433.4796317	9	21267	12133
1750069438.4924676	9	21286	12144
1750069443.5062103	9	21301	12151
1750069448.5197072	9	21321	12163
1750069453.5375657	9	21331	12170
1750069458.5528789	9	21346	12181
1750069463.56733	9	21364	12190
1750069468.581684	9	21381	12195
1750069473.5956457	9	21392	12198
1750069478.6156614	9	21406	12206
1750069483.629556	9	21426	12216
1750069488.6434464	9	21441	12228
1750069493.6561916	9	21454	12236
1750069498.6698053	9	21471	12241
1750069503.6850533	9	21488	12248
1750069508.6992931	9	21502	12255
1750069513.7121308	9	21517	12269
1750069518.7248318	9	21530	12272
1750069523.7395148	9	21554	12278
1750069528.7546387	9	21576	12287
1750069533.7686152	9	21590	12298
1750069538.782752	9	21598	12308
1750069543.7960155	9	21612	12319
1750069548.8163748	9	21630	12333
1750069553.836248	9	21646	12344
1750069558.8505213	9	21654	12349
1750069563.867163	9	21665	12354
1750069568.8799438	9	21678	12365
1750069573.892221	9	21692	12370
1750069578.906557	9	21715	12376
1750069583.920465	9	21729	12382
1750069588.935025	9	21754	12390
1750069593.9499826	9	21769	12402
1750069598.964183	9	21780	12414
1750069603.9784777	9	21796	12426
1750069608.9935484	9	21809	12439
1750069614.0078063	9	21826	12447
1750069619.0210953	9	21842	12454
1750069624.0354455	9	21863	12461
1750069629.0498202	9	21883	12474
1750069634.06426	9	21899	12478
1750069639.0782619	9	21920	12487
1750069644.0929215	9	21933	12490
1750069649.1095893	9	21952	12498
1750069654.1235442	9	21978	12506
1750069659.1380131	9	22004	12509
1750069664.152128	9	22023	12520
1750069669.1668708	9	22048	12532
1750069674.183567	9	22060	12543
1750069679.1981795	9	22078	12550
1750069684.2125416	9	22089	12558
1750069689.2261426	9	22109	12567
1750069694.2407026	9	22132	12575
1750069699.2547655	9	22153	12586
1750069704.269225	9	22165	12598
1750069709.2836978	9	22187	12611
1750069714.29825	9	22210	12616
1750069719.3130636	9	22238	12622
1750069724.3300219	9	22249	12632
1750069729.3440313	9	22261	12643
1750069734.3588533	9	22274	12650
1750069739.3729782	9	22290	12657
1750069744.3877106	9	22304	12667
1750069749.4017015	9	22319	12676
1750069754.4151118	9	22330	12684
1750069759.4290006	9	22339	12694
1750069764.449182	9	22356	12701
1750069769.4631658	9	22368	12709
1750069774.4801824	9	22385	12721
1750069779.4946487	9	22398	12732
1750069784.5088036	9	22414	12740
1750069789.5312607	9	22442	12753
1750069794.5441787	9	22458	12768
1750069799.5580015	9	22473	12773
1750069804.571929	9	22485	12782
1750069809.5869336	9	22500	12793
1750069814.5994248	9	22519	12800
1750069819.6138005	9	22535	12811
1750069824.6337574	9	22552	12820
1750069829.6527145	9	22567	12835
1750069834.666525	9	22582	12843
1750069839.6843426	9	22603	12852
1750069844.7001462	10	22625	12861
1750069849.7154956	10	22642	12874
1750069854.7315326	10	22662	12891
1750069859.7465158	10	22678	12904
1750069864.7622836	10	22691	12922
1750069869.777207	10	22704	12925
1750069874.7922955	10	22719	12936
1750069879.8070838	10	22732	12942
1750069884.8221612	10	22754	12950
1750069889.8380268	10	22777	12958
1750069894.8518434	10	22788	12966
1750069899.8669353	10	22801	12973
1750069904.8817492	10	22812	12978
1750069909.8968165	10	22828	12992
1750069914.9120138	10	22845	13007
1750069919.9274323	10	22858	13018
1750069924.9433823	10	22875	13029
1750069929.958343	10	22893	13039
1750069934.9735003	10	22911	13044
1750069939.9889307	10	22926	13046
1750069945.0038857	10	22947	13057
1750069950.0195487	10	22960	13065
1750069955.0346756	10	22975	13075
1750069960.0491757	10	22989	13082
1750069965.0638232	10	23005	13090
1750069970.078877	10	23021	13100
1750069975.0945215	10	23035	13110
1750069980.1081696	10	23052	13114
1750069985.1232014	10	23066	13118
1750069990.1463468	10	23082	13130
1750069995.160398	10	23098	13139
1750070000.1757317	10	23112	13152
1750070005.1904974	10	23139	13156
1750070010.2064762	10	23154	13163
1750070015.2233107	10	23169	13169
1750070020.2387774	10	23182	13176
1750070025.254718	10	23198	13184
1750070030.2769756	10	23218	13192
1750070035.2930427	10	23234	13199
1750070040.3079498	10	23242	13206
1750070045.323415	10	23262	13211
1750070050.3398538	10	23281	13222
1750070055.355798	10	23301	13232
1750070060.371726	10	23321	13243
1750070065.3865843	10	23333	13252
1750070070.4068885	10	23354	13266
1750070075.4222486	10	23381	13271
1750070080.435905	10	23399	13279
1750070085.4509733	10	23420	13289
1750070090.4653335	10	23437	13303
1750070095.4858394	10	23447	13313
1750070100.500297	10	23475	13328
1750070105.5141184	10	23491	13332
1750070110.5293696	10	23510	13339
1750070115.5443769	10	23522	13346
1750070120.5582538	10	23537	13349
1750070125.5730407	10	23545	13361
1750070130.588829	10	23562	13367
1750070135.6042578	10	23587	13373
1750070140.6269643	10	23597	13377
1750070145.6429498	10	23615	13391
1750070150.6585772	10	23627	13405
1750070155.673356	10	23642	13415
1750070160.689661	11	23658	13423
1750070165.7047353	11	23678	13432
1750070170.7200272	11	23694	13440
1750070175.7359807	11	23715	13454
1750070180.7507646	11	23726	13461
1750070185.7663364	11	23740	13471
1750070190.7816286	11	23758	13477
1750070195.797313	11	23769	13483
1750070200.8200586	11	23782	13485
1750070205.8343053	11	23799	13489
1750070210.849675	11	23815	13504
1750070215.865598	11	23834	13510
1750070220.8803022	11	23846	13521
1750070225.8993208	11	23857	13534
1750070230.9129815	11	23866	13537
1750070235.9279377	11	23880	13547
1750070240.9438114	11	23899	13555
1750070245.9591937	11	23910	13562
1750070250.9744158	11	23921	13571
1750070255.9891064	11	23933	13581
1750070261.004566	11	23944	13586
1750070266.0192797	11	23957	13599
1750070271.0338314	11	23971	13603
1750070276.056896	11	23985	13607
1750070281.07135	11	24007	13614
1750070286.0871065	11	24025	13619
1750070291.1028068	11	24051	13628
1750070296.1177938	11	24067	13638
1750070301.13216	11	24079	13652
1750070306.145908	11	24099	13659
1750070311.1634738	11	24120	13674
1750070316.185183	11	24140	13685
1750070321.2006972	11	24156	13694
1750070326.2161026	11	24174	13699
1750070331.2297719	11	24186	13712
1750070336.245006	11	24208	13720
1750070341.2682683	11	24223	13730
1750070346.282829	11	24237	13739
1750070351.2984848	11	24253	13748
1750070356.3122323	11	24271	13753
1750070361.3270173	11	24291	13762
1750070366.3412616	11	24307	13777
1750070371.3559198	11	24327	13784
1750070376.3772223	11	24338	13793
1750070381.399019	11	24352	13803
1750070386.4123735	11	24367	13808
1750070391.4333088	11	24386	13816
1750070396.448275	11	24402	13827
1750070401.4632523	11	24415	13836
1750070406.4786212	11	24429	13852
1750070411.4936357	11	24447	13857
1750070416.5088477	11	24465	13868
1750070421.5230446	11	24483	13878
1750070426.5409164	11	24498	13889
1750070431.5565493	11	24515	13897
1750070436.5712461	11	24525	13906
1750070441.5867784	11	24538	13916
1750070446.6025836	11	24556	13928
1750070451.6201382	11	24569	13935
1750070456.635508	11	24582	13943
1750070461.6504164	11	24599	13952
1750070466.6654701	11	24621	13960
1750070471.6809187	11	24632	13966
1750070476.696764	11	24650	13976
1750070481.7117808	11	24669	13987
1750070486.727058	11	24689	13995
1750070491.7430265	11	24702	14003
1750070496.7584913	11	24725	14016
1750070501.7773454	11	24744	14025
1750070506.793046	11	24760	14031
1750070511.807616	11	24774	14039
1750070516.8229663	11	24787	14045
1750070521.8378386	11	24801	14054
1750070526.8535032	11	24821	14062
1750070531.8681495	11	24839	14071
1750070536.8835242	11	24851	14080
1750070541.8992019	11	24868	14087
1750070546.9131165	11	24889	14095
1750070551.927408	11	24911	14102
1750070556.942846	11	24922	14107
1750070561.9591908	11	24938	14116
1750070566.9741008	11	24954	14122
1750070571.9896188	11	24971	14130
1750070577.005742	11	24987	14141
1750070582.0214396	11	25001	14152
1750070587.044344	11	25016	14156
1750070592.0654886	11	25030	14161
1750070597.0816355	11	25037	14170
1750070602.0958729	11	25057	14179
1750070607.1108878	11	25068	14187
1750070612.1264973	11	25086	14193
1750070617.1480887	11	25101	14202
1750070622.1640887	11	25111	14212
1750070627.179168	11	25125	14223
1750070632.194149	11	25144	14228
1750070637.2093945	11	25157	14241
1750070642.222983	11	25177	14253
1750070647.2382011	11	25191	14260
1750070652.2535744	11	25202	14265
1750070657.2730343	11	25218	14272
1750070662.289021	11	25243	14285
1750070667.3031595	11	25260	14298
1750070672.3173807	12	25281	14309
1750070677.332748	12	25309	14314
1750070682.3483586	12	25330	14319
1750070687.3639205	12	25348	14324
1750070692.3776565	12	25366	14329
1750070697.39115	12	25390	14342
1750070702.4050963	12	25408	14350
1750070707.4237325	12	25426	14359
1750070712.4388194	12	25441	14370
1750070717.4526446	12	25448	14376
1750070722.467866	12	25462	14383
1750070727.4859924	12	25473	14389
1750070732.5008075	12	25492	14396
1750070737.5166693	12	25510	14409
1750070742.5301182	12	25525	14413
1750070747.543193	12	25538	14423
1750070752.5607498	12	25556	14432
1750070757.5766046	12	25567	14440
1750070762.592449	12	25581	14450
1750070767.6060977	12	25595	14457
1750070772.6209445	12	25616	14465
1750070777.6416082	12	25632	14475
1750070782.6557057	12	25647	14486
1750070787.6708047	12	25663	14500
1750070792.685809	12	25680	14513
1750070797.7009997	12	25702	14525
1750070802.7166028	12	25720	14533
1750070807.732401	12	25732	14540
1750070812.7473793	12	25741	14549
1750070817.762335	12	25764	14562
1750070822.7759376	12	25783	14574
1750070827.7902656	12	25793	14583
1750070832.8049543	12	25809	14591
1750070837.82062	12	25835	14598
1750070842.8362684	12	25846	14607
1750070847.8510685	12	25865	14614
1750070852.8645484	12	25879	14623
1750070857.8788218	12	25894	14633
1750070862.9006884	12	25911	14643
1750070867.9143727	12	25923	14649
1750070872.928517	12	25942	14653
1750070877.9432878	12	25958	14667
1750070882.9587417	12	25975	14670
1750070887.9778516	12	26003	14674
1750070892.992956	12	26018	14683
1750070898.007463	12	26037	14694
1750070903.022642	12	26053	14708
1750070908.0384715	12	26067	14715
1750070913.0540936	12	26082	14722
1750070918.0685577	12	26099	14739
1750070923.083767	12	26120	14753
1750070928.0992978	12	26140	14756
1750070933.1142673	12	26156	14767
1750070938.1301284	12	26175	14773
1750070943.1437209	12	26200	14781
1750070948.1584346	12	26215	14785
1750070953.180647	12	26239	14793
1750070958.1959822	12	26256	14800
1750070963.211137	12	26269	14810
1750070968.2254925	12	26282	14818
1750070973.241131	12	26293	14832
1750070978.2601986	13	26307	14848
1750070983.277749	13	26317	14854
1750070988.2929099	13	26331	14868
1750070993.306233	13	26347	14880
1750070998.3213344	13	26359	14890
1750071003.337393	13	26372	14899
1750071008.3524463	13	26387	14905
1750071013.3682768	13	26404	14913
1750071018.3894403	13	26420	14921
1750071023.4040935	13	26433	14930
1750071028.4193358	13	26450	14935
1750071033.4348354	13	26466	14948
1750071038.449683	13	26479	14963
1750071043.465158	13	26495	14975
1750071048.4805613	13	26511	14984
1750071053.4961734	13	26534	14996
1750071058.5183249	13	26554	14999
1750071063.5378902	13	26570	15011
1750071068.5519238	13	26582	15025
1750071073.5715084	13	26599	15033
1750071078.5863547	13	26618	15043
1750071083.6010613	13	26638	15048
1750071088.6234272	13	26650	15066
1750071093.6383142	13	26661	15082
1750071098.6529682	13	26673	15088
1750071103.6680472	13	26686	15100
1750071108.6834123	13	26710	15108
1750071113.69754	13	26727	15115
1750071118.711576	13	26743	15122
1750071123.726065	13	26752	15134
1750071128.7426496	13	26775	15138
1750071133.7574787	13	26791	15148
1750071138.778095	13	26809	15154
1750071143.793198	13	26824	15160
1750071148.8083153	13	26840	15169
1750071153.8231535	13	26857	15175
1750071158.837596	13	26876	15185
1750071163.8577075	13	26891	15200
1750071168.8725445	13	26918	15205
1750071173.8885987	13	26941	15218
1750071178.9038854	13	26957	15226
1750071183.9185648	13	26970	15238
1750071188.9368863	13	26987	15245
1750071193.9537683	13	27003	15252
1750071198.969642	13	27016	15269
1750071203.9919438	13	27033	15284
1750071209.0132504	13	27058	15288
1750071214.028469	13	27070	15295
1750071219.0431502	13	27093	15299
1750071224.0587957	13	27106	15311
1750071229.0740578	13	27123	15321
1750071234.0947213	13	27141	15329
1750071239.1100461	13	27160	15339
1750071244.1260211	13	27177	15344
1750071249.1410527	13	27187	15354
1750071254.1554198	13	27208	15362
1750071259.1709678	13	27225	15369
1750071264.1866775	13	27244	15374
1750071269.2007654	13	27266	15393
1750071274.221074	13	27281	15404
1750071279.2368724	13	27297	15414
1750071284.2521853	13	27307	15424
1750071289.2678087	13	27324	15434
1750071294.2829041	13	27338	15442
1750071299.305355	13	27355	15449
1750071304.320037	13	27368	15456
1750071309.336013	13	27389	15464
1750071314.3523228	13	27402	15478
1750071319.36826	13	27421	15488
1750071324.3833	13	27439	15495
1750071329.3972137	13	27457	15504
1750071334.412687	13	27470	15511
1750071339.4307659	13	27479	15516
1750071344.4455009	13	27490	15526
1750071349.462331	13	27510	15534
1750071354.4773214	13	27529	15543
1750071359.4925973	13	27551	15552
1750071364.5074322	13	27568	15564
1750071369.5224743	13	27574	15573
1750071374.5375414	13	27588	15587
1750071379.5530584	13	27610	15602
1750071384.5683444	13	27626	15608
1750071389.5830102	13	27641	15621
1750071394.5970411	13	27652	15629
1750071399.6188402	13	27660	15637
1750071404.6388237	13	27676	15647
1750071409.654624	13	27690	15658
1750071414.6724632	13	27711	15663
1750071419.6879168	14	27726	15670
1750071424.7039652	14	27738	15683
1750071429.7247055	14	27749	15690
1750071434.7394857	14	27768	15699
1750071439.754437	14	27777	15707
1750071444.7779617	14	27794	15718
1750071449.792983	14	27809	15729
1750071454.808602	14	27832	15742
1750071459.8315067	14	27849	15751
1750071464.8472483	14	27861	15761
1750071469.8610227	14	27877	15768
1750071474.8841956	14	27895	15774
1750071479.9000208	14	27906	15780
1750071484.9164164	14	27920	15791
1750071489.9319527	14	27941	15803
1750071494.9458463	14	27960	15809
1750071499.96069	14	27973	15818
1750071504.975532	14	27985	15831
1750071509.990749	14	28000	15840
1750071515.007579	14	28012	15849
1750071520.0229352	14	28027	15861
1750071525.037554	14	28041	15870
1750071530.051187	14	28066	15875
1750071535.0665019	14	28074	15886
1750071540.0801845	14	28091	15895
1750071545.0957358	14	28106	15904
1750071550.1116192	14	28119	15911
1750071555.1264615	14	28137	15921
1750071560.1418905	14	28148	15931
1750071565.156504	14	28164	15944
1750071570.171018	14	28174	15953
1750071575.1928012	14	28193	15962
1750071580.2074373	14	28211	15968
1750071585.222845	14	28226	15976
1750071590.2383075	14	28246	15984
1750071595.2535646	14	28262	15990
1750071600.268712	14	28274	15998
1750071605.282364	14	28290	16008
1750071610.2968922	14	28316	16018
1750071615.3142374	14	28331	16024
1750071620.3298242	14	28346	16032
1750071625.345232	14	28356	16043
1750071630.358897	14	28377	16052
1750071635.3740008	14	28396	16058
1750071640.3877907	14	28413	16066
1750071645.401118	14	28430	16074
1750071650.416286	14	28453	16083
1750071655.4300163	14	28468	16092
1750071660.4454963	14	28480	16100
1750071665.4615068	14	28494	16107
1750071670.476575	14	28508	16112
1750071675.4908667	14	28525	16127
1750071680.5068595	14	28546	16134
1750071685.5234408	14	28568	16148
1750071690.538971	14	28584	16154
1750071695.5549774	14	28597	16170
1750071700.5701282	14	28607	16183
1750071705.5840685	14	28618	16188
1750071710.5985684	14	28631	16197
1750071715.6143706	14	28651	16203
1750071720.6288307	14	28673	16211
1750071725.6430674	14	28681	16218
1750071730.658636	14	28698	16227
1750071735.6770322	14	28716	16240
1750071740.6920896	14	28733	16248
1750071745.7060518	14	28742	16258
1750071750.720223	14	28761	16266
1750071755.7349179	14	28786	16275
1750071760.7493942	14	28803	16289
1750071765.7632957	15	28822	16296
1750071770.7779686	15	28844	16306
1750071775.7933793	15	28865	16312
1750071780.8084273	15	28881	16323
1750071785.8308206	15	28897	16332
1750071790.844755	15	28909	16349
1750071795.8605459	15	28932	16356
1750071800.8754077	15	28951	16365
1750071805.8906372	15	28968	16378
1750071810.906383	15	28988	16387
1750071815.9211655	15	29008	16401
1750071820.9374623	15	29020	16411
1750071825.9601755	15	29042	16418
1750071830.9734159	15	29054	16425
1750071835.9899802	15	29074	16432
1750071841.0059407	15	29090	16441
1750071846.0209267	15	29106	16449
1750071851.0351877	15	29121	16462
1750071856.0501933	15	29136	16470
1750071861.0650918	15	29146	16480
1750071866.0802844	15	29167	16492
1750071871.0942452	15	29184	16503
1750071876.1110332	15	29197	16512
1750071881.1254878	15	29213	16523
1750071886.1405327	15	29228	16533
1750071891.1546369	15	29243	16544
1750071896.1709533	15	29258	16555
1750071901.1840532	15	29280	16562
1750071906.199177	15	29302	16572
1750071911.214493	15	29318	16579
1750071916.2297466	15	29343	16585
1750071921.2487724	15	29363	16594
1750071926.2650642	15	29378	16601
1750071931.280808	15	29398	16617
1750071936.295829	15	29423	16627
1750071941.309052	15	29451	16638
1750071946.3231235	15	29467	16650
1750071951.3376713	15	29482	16665
1750071956.3529868	15	29495	16676
1750071961.3684552	15	29522	16686
1750071966.3819592	15	29541	16693
1750071971.39626	15	29560	16704
1750071976.411094	15	29575	16720
1750071981.4263268	15	29589	16727
1750071986.44156	15	29605	16734
1750071991.4555075	15	29623	16745
1750071996.4693537	15	29644	16749
1750072001.486665	15	29657	16754
1750072006.5039485	15	29670	16761
1750072011.5191922	15	29687	16765
1750072016.5326154	15	29704	16781
1750072021.5478992	15	29727	16794
1750072026.5701666	15	29745	16800
1750072031.5852954	15	29758	16807
1750072036.6007035	15	29769	16813
1750072041.6153631	15	29783	16824
1750072046.6302624	15	29793	16838
1750072051.6452956	15	29822	16853
1750072056.6607218	15	29844	16862
1750072061.6760268	15	29861	16871
1750072066.6905422	15	29876	16883
1750072071.706466	15	29897	16893
1750072076.7211332	15	29919	16901
1750072081.7359293	15	29932	16905
1750072086.751036	15	29953	16915
1750072091.7650957	15	29978	16928
1750072096.7815657	15	29996	16940
1750072101.8012414	15	30016	16947
1750072106.8154979	15	30033	16956
1750072111.8354712	15	30044	16963
1750072116.8502574	15	30062	16967
1750072121.8657725	15	30078	16975
1750072126.8808355	15	30095	16981
1750072131.896268	15	30115	16987
1750072136.9110637	15	30132	16995
1750072141.9252234	15	30152	17000
1750072146.9438534	15	30168	17010
1750072151.960848	15	30180	17019
1750072156.976404	15	30202	17031
1750072161.9917262	15	30221	17039
1750072167.006523	15	30234	17048
1750072172.023358	15	30254	17053
1750072177.0389974	15	30272	17060
1750072182.0546544	15	30288	17068
1750072187.0703318	15	30304	17080
1750072192.0842757	15	30320	17086
1750072197.0999718	15	30337	17096
1750072202.1148734	15	30353	17106
1750072207.131194	15	30367	17114
1750072212.1461608	15	30379	17117
1750072217.1619346	15	30401	17130
1750072222.1859999	15	30420	17138
1750072227.2017064	15	30433	17150
1750072232.2155106	15	30451	17164
1750072237.2307947	15	30467	17173
1750072242.2465487	15	30487	17181
1750072247.2660713	15	30501	17194
1750072252.2808187	15	30514	17204
1750072257.296393	15	30527	17212
1750072262.3124743	15	30540	17219
1750072267.327759	15	30552	17227
1750072272.3417459	15	30565	17235
1750072277.3567238	15	30580	17246
1750072282.3711462	15	30597	17259
1750072287.386346	15	30616	17265
1750072292.4043355	15	30630	17272
1750072297.4227383	15	30646	17282
1750072302.4381838	15	30662	17294
1750072307.4528105	15	30681	17306
1750072312.4687061	15	30693	17317
1750072317.4835737	15	30702	17327
1750072322.4984157	15	30719	17338
1750072327.5138774	15	30734	17348
1750072332.5285568	15	30751	17352
1750072337.5440013	15	30763	17366
1750072342.563584	15	30777	17372
1750072347.5790045	15	30791	17379
1750072352.5944004	15	30816	17391
1750072357.609491	15	30833	17392
1750072362.6255968	15	30849	17404
1750072367.6483853	15	30858	17413
1750072372.6627493	15	30870	17418
1750072377.6779335	15	30887	17432
1750072382.69161	15	30906	17439
1750072387.7057352	15	30928	17447
1750072392.7263186	15	30945	17459
1750072397.7418292	15	30968	17471
1750072402.757777	15	30975	17484
1750072407.7738383	15	30997	17496
1750072412.7876186	15	31013	17508
1750072417.8014674	15	31032	17515
1750072422.816216	15	31046	17523
1750072427.8322542	15	31060	17532
1750072432.8474672	15	31076	17540
1750072437.8693984	15	31106	17551
1750072442.888808	15	31124	17562
1750072447.9042137	15	31144	17572
1750072452.9276876	15	31166	17584
1750072457.943559	16	31183	17598
1750072462.959304	16	31194	17602
1750072467.9738138	16	31209	17612
1750072472.9901476	16	31221	17624
1750072478.006374	16	31243	17635
1750072483.022362	16	31261	17640
1750072488.0377915	16	31282	17650
1750072493.0522814	16	31296	17661
1750072498.067394	16	31324	17672
1750072503.0816762	16	31346	17684
1750072508.0959086	17	31364	17692
1750072513.1164424	17	31373	17704
1750072518.1315868	17	31388	17713
1750072523.1465018	17	31404	17723
1750072528.1608384	17	31414	17731
1750072533.1747282	18	31427	17744
1750072538.193432	18	31440	17749
1750072543.20768	18	31461	17757
1750072548.2230067	18	31473	17770
1750072553.2383566	18	31483	17779
1750072558.2535572	18	31505	17786
1750072563.268543	18	31524	17795
1750072568.2834623	18	31543	17803
1750072573.298384	18	31557	17815
1750072578.3135335	18	31581	17822
1750072583.3340564	18	31597	17833
1750072588.356285	18	31609	17839
1750072593.3714857	18	31631	17848
1750072598.3894389	18	31640	17856
1750072603.4043758	18	31657	17860
1750072608.4196746	18	31673	17868
1750072613.4347608	18	31685	17876
1750072618.4499345	18	31707	17884
1750072623.4657102	18	31725	17899
1750072628.4810345	18	31741	17909
1750072633.496832	18	31754	17917
1750072638.512764	18	31772	17923
1750072643.5270905	18	31792	17935
1750072648.5418916	18	31803	17940
1750072653.5566866	18	31813	17948
1750072658.5737004	18	31825	17957
1750072663.5893617	18	31845	17965
1750072668.6046941	18	31862	17979
1750072673.6200202	18	31883	17990
1750072678.6353273	18	31895	17997
1750072683.6542528	18	31913	18006
1750072688.6695247	18	31927	18018
1750072693.6841035	18	31940	18026
1750072698.6995625	18	31956	18037
1750072703.7156494	18	31968	18048
1750072708.7362828	18	31984	18059
1750072713.7512553	18	32004	18070
1750072718.7652748	18	32023	18080
1750072723.779816	18	32037	18095
1750072728.7943387	18	32045	18109
1750072733.813284	18	32062	18118
1750072738.8285656	18	32077	18125
1750072743.8434603	18	32100	18133
1750072748.8594751	18	32116	18141
1750072753.8748882	18	32129	18154
1750072758.8892562	18	32143	18161
1750072763.9050007	18	32157	18182
1750072768.9193232	18	32176	18194
1750072773.933766	18	32189	18203
1750072778.9564795	18	32201	18211
1750072783.9753747	18	32220	18219
1750072788.9903908	18	32238	18225
1750072794.0053823	18	32253	18234
1750072799.0201015	18	32265	18243
1750072804.0413122	18	32275	18252
1750072809.055161	18	32289	18261
1750072814.069673	18	32301	18270
1750072819.0857818	18	32311	18278
1750072824.1007886	18	32332	18286
1750072829.1220872	18	32351	18290
1750072834.1376727	18	32373	18299
1750072839.1535072	18	32383	18307
1750072844.1684947	18	32400	18311
1750072849.1830537	18	32417	18318
1750072854.1985252	18	32437	18323
1750072859.212917	18	32449	18331
1750072864.226759	18	32468	18337
1750072869.240316	18	32483	18345
1750072874.2581315	18	32503	18353
1750072879.2743118	18	32521	18368
1750072884.2882304	18	32536	18376
1750072889.3038633	18	32549	18380
1750072894.3186204	18	32570	18388
1750072899.3339224	18	32592	18397
1750072904.3500555	18	32611	18401
1750072909.3655074	18	32630	18410
1750072914.3820822	18	32644	18423
1750072919.3971274	18	32660	18431
1750072924.4124038	18	32684	18440
1750072929.4286206	18	32696	18451
1750072934.4505675	18	32712	18461
1750072939.464422	18	32724	18472
1750072944.47966	18	32737	18482
1750072949.4951181	18	32752	18497
1750072954.510813	18	32765	18508
1750072959.5340724	18	32779	18517
1750072964.5496504	18	32795	18524
1750072969.56405	18	32808	18537
1750072974.5799866	18	32828	18551
1750072979.5940964	18	32853	18559
1750072984.609142	18	32875	18565
1750072989.624154	18	32882	18582
1750072994.6397674	18	32893	18589
1750072999.6551607	18	32917	18599
1750073004.6736815	18	32940	18610
1750073009.6879115	18	32958	18614
1750073014.7022526	18	32973	18623
1750073019.7172854	18	32998	18631
1750073024.7331681	18	33014	18637
1750073029.7485468	18	33037	18644
1750073034.7641184	18	33060	18651
1750073039.7820444	18	33074	18664
1750073044.7979338	18	33089	18670
1750073049.8132215	18	33107	18684
1750073054.8289464	18	33116	18693
1750073059.8440387	18	33132	18703
1750073064.8680146	18	33148	18718
1750073069.8844166	18	33168	18726
1750073074.900035	18	33187	18734
1750073079.9140394	18	33199	18747
1750073084.9290211	18	33216	18754
1750073089.9484928	18	33232	18765
1750073094.9642746	18	33258	18771
1750073099.9794483	18	33284	18784
1750073104.9943087	18	33297	18797
1750073110.0097783	18	33316	18808
1750073115.0246937	18	33343	18819
1750073120.0395882	18	33356	18822
1750073125.0560098	18	33370	18828
1750073130.0704541	18	33382	18834
1750073135.0885608	18	33397	18845
1750073140.1090014	18	33418	18855
1750073145.1225111	18	33431	18865
1750073150.1375542	18	33445	18875
1750073155.1524043	18	33463	18886
1750073160.1685324	18	33490	18895
1750073165.183767	18	33504	18903
1750073170.1996126	18	33522	18908
1750073175.2146509	18	33535	18916
1750073180.228455	18	33552	18923
1750073185.2421048	18	33572	18929
1750073190.2572403	18	33588	18935
1750073195.2746544	18	33600	18945
1750073200.2890177	18	33620	18960
1750073205.3025875	18	33632	18968
1750073210.315834	18	33642	18981
1750073215.328993	18	33661	18989
