1750062748.653195	0	0	4
1750062753.6670232	0	3	26
1750062758.679785	0	9	42
1750062763.689706	0	17	59
1750062768.7012746	0	23	75
1750062773.7122507	0	30	86
1750062778.7247028	0	32	98
1750062783.7412026	0	37	108
1750062788.7545605	0	39	123
1750062793.7676213	0	45	133
1750062798.7811203	0	53	148
1750062803.7929907	0	60	172
1750062808.806634	0	67	187
1750062813.8194017	0	73	197
1750062818.8323157	0	87	201
1750062823.844724	1	91	216
1750062828.8582602	1	96	233
1750062833.869306	1	102	252
1750062838.8817194	1	111	265
1750062843.895457	1	121	280
1750062848.9099221	1	129	293
1750062853.923997	1	134	315
1750062858.9440284	1	140	331
1750062863.9657815	2	144	347
1750062868.9800484	2	150	358
1750062873.992277	2	159	373
1750062879.0050454	2	168	392
1750062884.0182824	2	173	409
1750062889.0402174	2	183	423
1750062894.0554016	2	189	437
1750062899.0672097	3	193	458
1750062904.0813544	3	200	475
1750062909.09576	3	205	486
1750062914.109224	3	207	493
1750062919.1291544	3	211	501
1750062924.1408541	3	219	519
1750062929.1544862	3	231	529
1750062934.1683228	3	234	537
1750062939.182171	3	239	550
1750062944.193147	4	244	571
1750062949.2098536	4	248	586
1750062954.2230728	4	254	598
1750062959.2365952	4	257	607
1750062964.2491982	4	264	624
1750062969.2635944	4	277	641
1750062974.2769172	5	281	657
1750062979.2914875	5	286	675
1750062984.305637	5	294	683
1750062989.3195484	5	299	693
1750062994.3353608	5	304	703
1750062999.352264	5	313	714
1750063004.366461	5	316	727
1750063009.379567	5	320	746
1750063014.3926744	5	330	761
1750063019.405007	5	335	771
1750063024.4182165	5	338	785
1750063029.4320443	5	344	799
1750063034.445173	5	346	813
1750063039.4655008	5	353	827
1750063044.4838336	5	359	837
1750063049.4969702	5	362	845
1750063054.5104887	5	363	856
1750063059.5242188	5	367	871
1750063064.5382428	5	375	880
1750063069.5523338	5	379	904
1750063074.5668623	5	388	923
1750063079.581815	5	392	933
1750063084.5961998	5	398	946
1750063089.6140893	5	407	962
1750063094.6273646	5	415	978
1750063099.6478822	6	422	995
1750063104.6617362	6	426	1002
1750063109.6756952	6	433	1022
1750063114.6899426	6	435	1034
1750063119.704109	6	441	1048
1750063124.7186782	7	445	1060
1750063129.7351942	7	457	1073
1750063134.746671	7	459	1086
1750063139.7608976	7	466	1097
1750063144.7748377	7	471	1113
1750063149.7896326	7	476	1124
1750063154.8037524	7	483	1135
1750063159.815456	7	494	1151
1750063164.8303018	8	500	1161
1750063169.8442683	8	506	1177
1750063174.8586276	8	510	1197
1750063179.872548	8	515	1212
1750063184.8931136	8	524	1228
1750063189.9071977	8	529	1242
1750063194.9208577	8	533	1253
1750063199.934533	8	543	1275
1750063204.947354	9	547	1290
1750063209.9584122	9	553	1304
1750063214.9722202	10	561	1317
1750063219.9848957	10	564	1329
1750063224.9982984	12	576	1342
1750063230.0123913	12	583	1353
1750063235.028569	12	585	1365
1750063240.045655	12	594	1380
1750063245.0588677	13	604	1396
1750063250.0735507	13	613	1405
1750063255.0884147	13	618	1417
1750063260.1003804	13	627	1437
1750063265.1136677	13	632	1451
1750063270.1281781	13	641	1465
1750063275.1420634	15	648	1475
1750063280.1637788	15	656	1493
1750063285.1788125	15	661	1512
1750063290.1932201	15	667	1527
1750063295.2078059	15	676	1546
1750063300.2216125	15	681	1557
1750063305.2358172	16	686	1567
1750063310.252411	17	693	1580
1750063315.2661448	17	699	1592
1750063320.2797906	17	706	1610
1750063325.293921	17	711	1626
1750063330.308829	17	714	1638
1750063335.3230367	17	719	1651
1750063340.337898	18	729	1663
1750063345.3519058	18	735	1676
1750063350.3659244	18	741	1688
1750063355.3809564	18	751	1702
1750063360.394375	18	761	1715
1750063365.4083183	18	766	1731
1750063370.4205978	18	770	1752
1750063375.441695	18	775	1761
1750063380.4546049	18	778	1776
1750063385.4667957	18	783	1793
1750063390.481007	18	789	1805
1750063395.4948502	18	795	1822
1750063400.5092945	18	804	1836
1750063405.5242686	18	812	1845
1750063410.537626	18	820	1860
1750063415.55126	18	826	1868
1750063420.565013	18	826	1881
1750063425.5791442	18	834	1897
1750063430.5929215	18	839	1911
1750063435.604978	18	845	1924
1750063440.6250913	18	847	1941
1750063445.63889	18	849	1955
1750063450.6510198	18	856	1965
1750063455.6640692	18	859	1977
1750063460.6763883	18	869	1988
1750063465.6908643	18	876	1997
1750063470.704862	18	882	2010
1750063475.7243178	18	888	2016
1750063480.7379506	18	898	2028
1750063485.7497828	18	899	2045
1750063490.762512	18	909	2058
1750063495.7774656	19	920	2071
1750063500.7915194	19	925	2079
1750063505.811937	19	931	2096
1750063510.824058	19	934	2113
1750063515.8374095	19	940	2122
1750063520.8522925	20	944	2137
1750063525.8664165	20	949	2152
1750063530.8804946	20	955	2163
1750063535.8925574	20	959	2180
1750063540.9108613	20	963	2188
1750063545.9248312	20	967	2210
1750063550.9396217	20	972	2230
1750063555.9543912	21	978	2244
1750063560.9684985	21	981	2256
1750063565.9822497	22	988	2271
1750063570.9972165	22	992	2282
1750063576.0117724	22	995	2296
1750063581.0269942	22	1004	2302
1750063586.0414865	22	1009	2307
1750063591.0560844	22	1017	2325
1750063596.070533	22	1021	2335
1750063601.0855563	22	1026	2350
1750063606.0981004	23	1031	2363
1750063611.1142309	23	1038	2375
1750063616.128275	23	1042	2389
1750063621.1425188	23	1045	2407
1750063626.1562474	23	1052	2418
1750063631.1772623	23	1058	2433
1750063636.19841	24	1066	2448
1750063641.21475	24	1070	2469
1750063646.2292092	24	1074	2477
1750063651.2435632	25	1080	2493
1750063656.2589338	25	1088	2505
1750063661.2731683	25	1092	2520
1750063666.2874901	25	1102	2534
1750063671.3081198	25	1111	2552
1750063676.3218713	25	1113	2562
1750063681.3350496	25	1123	2582
1750063686.3500102	25	1125	2595
1750063691.3639455	25	1130	2604
1750063696.3776402	25	1136	2616
1750063701.3932235	25	1141	2626
1750063706.411954	25	1150	2636
1750063711.4266205	25	1159	2648
1750063716.4408944	25	1164	2663
1750063721.4560053	25	1173	2677
1750063726.469001	25	1178	2695
1750063731.4832785	25	1188	2711
1750063736.4959166	26	1192	2725
1750063741.5123742	26	1195	2741
1750063746.5266647	26	1199	2753
1750063751.5395463	26	1204	2764
1750063756.5534775	26	1206	2777
1750063761.5714514	26	1214	2790
1750063766.5902488	26	1221	2801
1750063771.611614	27	1228	2814
1750063776.6242456	27	1232	2824
1750063781.6376169	27	1241	2836
1750063786.651754	29	1247	2854
1750063791.6665056	29	1259	2868
1750063796.6796205	29	1267	2886
1750063801.6919577	29	1272	2901
1750063806.711758	29	1277	2915
1750063811.7258022	29	1279	2930
1750063816.7394981	29	1285	2939
1750063821.753755	29	1289	2947
1750063826.766725	29	1295	2957
1750063831.7853343	30	1303	2972
1750063836.8084826	30	1306	2989
1750063841.8213906	30	1312	3002
1750063846.8361268	30	1320	3012
1750063851.8498697	30	1329	3022
1750063856.8633883	30	1335	3038
1750063861.8783472	30	1340	3047
1750063866.899133	30	1345	3057
1750063871.9135997	30	1353	3071
1750063876.9276373	30	1360	3081
1750063881.9413688	30	1372	3095
1750063886.9554112	30	1378	3110
1750063891.968304	30	1383	3125
1750063896.982089	30	1386	3136
1750063902.0038123	30	1390	3158
1750063907.0180383	30	1396	3169
1750063912.032087	30	1399	3183
1750063917.0463765	30	1404	3198
1750063922.0608313	30	1411	3212
1750063927.0736032	30	1413	3223
1750063932.0914068	30	1420	3237
1750063937.1063385	30	1424	3250
1750063942.1202786	30	1429	3260
1750063947.1348364	30	1430	3267
1750063952.1476548	30	1435	3283
1750063957.1618485	30	1438	3291
1750063962.1802237	30	1448	3301
1750063967.1940289	30	1457	3315
1750063972.2085378	30	1465	3324
1750063977.2211287	30	1469	3338
1750063982.2357888	30	1478	3353
1750063987.2495296	30	1484	3369
1750063992.2711856	30	1489	3378
1750063997.2929313	30	1495	3397
1750064002.3083742	30	1502	3412
1750064007.3225088	30	1509	3428
1750064012.3364053	30	1517	3441
1750064017.3507147	30	1521	3450
1750064022.3656862	30	1530	3459
1750064027.3794475	30	1537	3474
1750064032.3937109	30	1545	3491
1750064037.4083924	30	1551	3501
1750064042.4224293	30	1557	3511
1750064047.4356184	30	1563	3517
1750064052.4479692	31	1568	3543
1750064057.4614959	31	1582	3559
1750064062.4770176	31	1587	3565
1750064067.4918075	31	1591	3583
1750064072.5052204	32	1597	3607
1750064077.5201187	32	1608	3619
1750064082.5361323	32	1614	3632
1750064087.5502121	32	1619	3641
1750064092.5634408	32	1626	3653
1750064097.5764937	32	1635	3663
1750064102.5902286	32	1644	3671
1750064107.604699	32	1648	3688
1750064112.6173563	32	1662	3697
1750064117.6300945	32	1666	3714
1750064122.6440315	32	1672	3724
1750064127.6583455	32	1682	3741
1750064132.6712449	32	1685	3758
1750064137.6839786	32	1690	3774
1750064142.6978538	33	1693	3794
1750064147.7112694	33	1699	3805
1750064152.7248824	33	1706	3814
1750064157.7406042	33	1711	3825
1750064162.7539136	33	1716	3839
1750064167.7687597	33	1722	3859
1750064172.7834256	33	1726	3868
1750064177.7990842	33	1733	3886
1750064182.8148236	33	1741	3901
1750064187.8370342	33	1747	3918
1750064192.8562815	33	1754	3926
1750064197.870931	34	1756	3942
1750064202.8844805	35	1766	3955
1750064207.8984468	35	1770	3966
1750064212.9123578	35	1782	3983
1750064217.9271753	35	1787	4001
1750064222.9481764	35	1792	4016
1750064227.962817	35	1799	4029
1750064232.977294	35	1805	4036
1750064237.9924216	35	1812	4051
1750064243.005426	35	1816	4057
1750064248.0191045	35	1819	4067
1750064253.0419214	36	1828	4080
1750064258.0596194	36	1834	4085
1750064263.074005	36	1839	4102
1750064268.088692	36	1846	4111
1750064273.1035757	36	1854	4125
1750064278.118358	36	1860	4140
1750064283.132452	36	1867	4156
1750064288.1497958	36	1874	4173
1750064293.1642287	36	1877	4182
1750064298.1768174	36	1886	4195
1750064303.1898506	36	1894	4211
1750064308.2041473	36	1900	4224
1750064313.2188034	36	1907	4235
1750064318.2323222	36	1913	4249
1750064323.2468562	36	1921	4267
1750064328.2620234	36	1926	4274
1750064333.2757757	36	1927	4288
1750064338.2900126	36	1929	4298
1750064343.3095562	36	1936	4314
1750064348.3233638	36	1942	4328
1750064353.3375242	36	1947	4347
1750064358.3514345	37	1954	4362
1750064363.3652203	37	1956	4374
1750064368.3792021	37	1960	4386
1750064373.3953867	37	1963	4403
1750064378.4171817	38	1972	4422
1750064383.4319189	38	1977	4438
1750064388.4466813	38	1982	4452
1750064393.4595919	38	1987	4464
1750064398.4742696	38	1991	4469
1750064403.4885876	38	1998	4489
1750064408.5025835	38	2007	4508
1750064413.5246923	39	2014	4517
1750064418.5396204	39	2023	4526
1750064423.5549102	40	2033	4543
1750064428.570364	40	2038	4561
1750064433.5840712	40	2044	4567
1750064438.5995197	41	2049	4577
1750064443.611959	41	2055	4592
1750064448.6288152	41	2060	4607
1750064453.6431327	41	2065	4624
1750064458.6568885	42	2073	4639
1750064463.6712594	42	2079	4650
1750064468.6868281	42	2086	4661
1750064473.7072706	42	2091	4673
1750064478.7211747	42	2100	4686
1750064483.7333348	42	2108	4698
1750064488.7456496	42	2109	4710
1750064493.757753	42	2114	4722
1750064498.7718961	42	2121	4729
1750064503.7908525	42	2131	4739
1750064508.8056867	42	2135	4756
1750064513.8220952	42	2140	4766
1750064518.8366888	42	2148	4778
1750064523.8516004	42	2159	4793
1750064528.866139	42	2167	4802
1750064533.880917	42	2178	4812
1750064538.8933473	43	2187	4832
1750064543.905626	43	2195	4846
1750064548.9177072	43	2203	4864
1750064553.9297843	43	2211	4881
1750064558.9439561	43	2218	4893
1750064563.9570234	43	2226	4903
1750064568.9699872	43	2234	4920
1750064573.9838858	43	2240	4933
1750064578.9980326	43	2246	4944
1750064584.0138397	43	2251	4967
1750064589.0269072	43	2255	4979
1750064594.0412097	43	2261	4994
1750064599.055933	43	2270	5003
1750064604.0696368	43	2283	5013
1750064609.081812	43	2288	5027
1750064614.0936136	44	2291	5043
1750064619.1057525	45	2297	5063
1750064624.1177175	45	2301	5073
1750064629.1314592	45	2308	5085
1750064634.1481123	45	2320	5102
1750064639.1621099	45	2327	5114
1750064644.181777	45	2334	5131
1750064649.196033	45	2348	5139
1750064654.2107964	46	2356	5147
1750064659.2260752	46	2360	5163
1750064664.240718	46	2364	5178
1750064669.2575178	46	2369	5186
1750064674.2773616	46	2372	5192
1750064679.2892892	46	2378	5216
1750064684.3014612	46	2388	5229
1750064689.315439	47	2392	5237
1750064694.3290515	47	2394	5248
1750064699.3492095	47	2397	5262
1750064704.3640049	47	2403	5269
1750064709.386631	47	2407	5278
1750064714.4001412	47	2412	5287
1750064719.4146702	47	2417	5298
1750064724.4294312	47	2422	5315
1750064729.4441304	47	2428	5330
1750064734.4631526	47	2435	5342
1750064739.4753375	48	2449	5353
1750064744.4887533	49	2453	5369
1750064749.5011055	50	2462	5381
1750064754.5148077	50	2469	5394
1750064759.528885	50	2473	5407
1750064764.5439508	50	2482	5421
1750064769.5582495	50	2485	5438
1750064774.5731077	50	2490	5454
1750064779.585602	50	2494	5464
1750064784.6027236	50	2499	5477
1750064789.6215646	50	2505	5495
1750064794.6344547	50	2509	5514
1750064799.6466813	50	2518	5527
1750064804.6588178	50	2522	5550
1750064809.6709015	50	2530	5565
1750064814.6894777	51	2538	5588
1750064819.701366	51	2541	5602
1750064824.7136502	51	2546	5611
1750064829.7253458	51	2551	5622
1750064834.7372653	51	2554	5636
1750064839.7505367	51	2563	5650
1750064844.7638626	51	2565	5668
1750064849.7779627	51	2570	5687
1750064854.7922325	52	2582	5698
1750064859.8099763	53	2588	5713
1750064864.8281984	53	2591	5725
1750064869.8421438	53	2596	5736
1750064874.8583603	53	2601	5746
1750064879.8727388	54	2608	5758
1750064884.8866487	54	2615	5769
1750064889.9011545	54	2620	5781
1750064894.920179	54	2625	5794
1750064899.933836	54	2635	5805
1750064904.9487374	54	2637	5814
1750064909.9634223	55	2643	5820
1750064914.97788	55	2651	5838
1750064919.9924603	55	2656	5861
1750064925.0069196	55	2662	5870
1750064930.021356	55	2667	5876
1750064935.0351052	55	2675	5901
1750064940.0481536	55	2682	5911
1750064945.0614166	55	2690	5923
1750064950.0827725	55	2698	5944
1750064955.0967934	56	2702	5953
1750064960.1117837	56	2705	5964
1750064965.1263046	56	2705	5974
1750064970.1407197	57	2708	5988
1750064975.155914	57	2712	5998
1750064980.169151	57	2719	6011
1750064985.1822395	57	2720	6029
1750064990.196132	57	2725	6048
1750064995.209646	57	2731	6061
1750065000.2241685	57	2732	6076
1750065005.2386591	58	2744	6090
1750065010.2571537	58	2750	6105
1750065015.2730527	58	2759	6116
1750065020.2950895	58	2764	6124
1750065025.3095918	58	2770	6142
1750065030.3249192	58	2777	6152
1750065035.3389223	58	2784	6164
1750065040.356272	58	2798	6178
1750065045.37236	58	2807	6185
1750065050.3869264	58	2812	6193
1750065055.4016807	58	2817	6200
1750065060.4169056	58	2821	6213
1750065065.4319303	58	2825	6229
1750065070.447078	58	2834	6240
1750065075.4618053	58	2840	6258
1750065080.485222	58	2846	6267
1750065085.4990997	58	2851	6278
1750065090.5133772	58	2857	6292
1750065095.52747	58	2864	6313
1750065100.5419643	58	2872	6324
1750065105.5568585	58	2873	6337
1750065110.5712054	58	2877	6343
1750065115.5862436	58	2884	6361
1750065120.602157	58	2889	6377
1750065125.6156468	58	2897	6398
1750065130.6302364	58	2906	6410
1750065135.6450427	58	2915	6424
1750065140.6618752	58	2924	6436
1750065145.68311	58	2929	6446
1750065150.7019281	58	2932	6462
1750065155.7170246	58	2938	6476
1750065160.7320273	58	2948	6486
1750065165.7454376	58	2957	6499
1750065170.759204	58	2967	6514
1750065175.7729266	59	2975	6534
1750065180.787732	59	2981	6550
1750065185.8055904	59	2986	6571
1750065190.817846	59	2988	6590
1750065195.831899	59	2996	6604
1750065200.846465	59	3002	6619
1750065205.8630328	59	3007	6625
1750065210.882679	59	3015	6638
1750065215.9044409	59	3020	6650
1750065220.918545	59	3025	6661
1750065225.932913	59	3029	6675
1750065230.9459224	59	3037	6688
1750065235.958869	59	3040	6698
1750065240.9740686	59	3041	6709
1750065245.9867024	59	3046	6728
1750065251.0001013	59	3055	6743
1750065256.0141778	59	3062	6761
1750065261.0288136	59	3066	6775
1750065266.043052	59	3073	6786
1750065271.065033	59	3078	6804
1750065276.0853212	59	3082	6815
1750065281.099787	60	3091	6829
1750065286.1131573	60	3101	6839
1750065291.1270134	60	3108	6858
1750065296.140351	60	3112	6871
1750065301.154326	61	3120	6894
1750065306.1722877	61	3121	6901
1750065311.186295	61	3125	6923
1750065316.2066696	61	3126	6941
1750065321.2218602	61	3132	6951
1750065326.2356791	61	3138	6964
1750065331.2508132	61	3140	6976
1750065336.2654438	61	3147	6993
1750065341.281152	61	3156	7008
1750065346.29511	61	3163	7021
1750065351.3107798	61	3171	7035
1750065356.3256047	61	3176	7048
1750065361.339856	61	3185	7058
1750065366.3553073	62	3191	7071
1750065371.3717732	62	3194	7088
1750065376.386578	62	3199	7102
1750065381.4005294	62	3210	7120
1750065386.415494	62	3215	7140
1750065391.4295125	62	3219	7150
1750065396.4438436	62	3225	7171
1750065401.4590533	62	3230	7182
1750065406.4716434	62	3237	7199
1750065411.4843163	62	3244	7213
1750065416.499008	62	3250	7227
1750065421.511995	62	3259	7238
1750065426.526824	62	3262	7257
1750065431.5476835	62	3266	7266
1750065436.562745	62	3270	7282
1750065441.577384	62	3274	7292
1750065446.590837	62	3280	7310
1750065451.6056583	62	3288	7327
1750065456.6213508	62	3292	7347
1750065461.6437106	62	3300	7365
1750065466.6580307	62	3306	7376
1750065471.6720634	62	3310	7383
1750065476.6865695	62	3315	7401
1750065481.7018764	62	3320	7416
1750065486.71774	62	3325	7426
1750065491.7372086	62	3336	7443
1750065496.7513568	62	3346	7450
1750065501.7650414	62	3351	7460
1750065506.77855	62	3360	7472
1750065511.7922716	62	3365	7486
1750065516.8072634	62	3374	7498
1750065521.8221893	62	3378	7513
1750065526.8415906	62	3390	7526
1750065531.856447	62	3397	7539
1750065536.8711283	62	3408	7548
1750065541.8856947	62	3411	7559
1750065546.900115	62	3418	7574
1750065551.914406	62	3423	7587
1750065556.930861	62	3429	7601
1750065561.9462533	62	3435	7605
1750065566.961068	62	3436	7617
1750065571.9754977	63	3441	7625
1750065576.9897304	63	3450	7635
1750065582.0043426	63	3461	7639
1750065587.0204675	63	3468	7653
1750065592.033806	63	3472	7657
1750065597.0508366	63	3474	7672
1750065602.0642958	63	3480	7686
1750065607.079479	63	3486	7702
1750065612.0923672	63	3488	7717
1750065617.1099575	63	3492	7729
1750065622.1232362	63	3498	7740
1750065627.1366003	63	3506	7757
1750065632.150637	64	3511	7770
1750065637.1649868	64	3513	7781
1750065642.1796386	64	3520	7788
1750065647.193299	64	3523	7794
1750065652.2071521	64	3529	7810
1750065657.2221825	64	3537	7823
1750065662.2365632	64	3540	7837
1750065667.2509673	64	3548	7853
1750065672.266737	64	3553	7865
1750065677.2814064	64	3559	7877
1750065682.2960982	64	3565	7891
1750065687.3105536	64	3571	7902
1750065692.323273	64	3577	7918
1750065697.3375418	64	3579	7929
1750065702.3508441	64	3587	7948
1750065707.3653827	65	3592	7964
1750065712.3791058	65	3597	7976
1750065717.3939052	65	3605	7993
1750065722.407815	65	3615	8007
1750065727.4217126	65	3621	8019
1750065732.437794	65	3633	8037
1750065737.4505785	65	3638	8058
1750065742.4647841	65	3644	8071
1750065747.478368	65	3650	8077
1750065752.4921541	65	3653	8088
1750065757.5066552	65	3658	8105
1750065762.5208433	65	3664	8116
1750065767.5360873	65	3674	8133
1750065772.5508182	65	3680	8151
1750065777.5662692	65	3684	8165
1750065782.5805106	65	3689	8182
1750065787.5984635	65	3694	8194
1750065792.6135733	65	3704	8205
1750065797.6260252	65	3715	8216
1750065802.6412175	66	3720	8237
1750065807.6566381	66	3725	8246
1750065812.670146	66	3732	8255
1750065817.6847026	66	3736	8266
1750065822.7028973	66	3744	8277
1750065827.716295	66	3748	8288
1750065832.730596	66	3751	8297
1750065837.7453296	66	3760	8309
1750065842.7596934	66	3767	8322
1750065847.7735293	66	3776	8336
1750065852.7870479	66	3780	8349
1750065857.808306	66	3785	8363
1750065862.8213913	66	3792	8372
1750065867.8343437	66	3798	8385
1750065872.84787	66	3802	8404
1750065877.860973	66	3808	8413
1750065882.8792315	66	3816	8424
1750065887.8922946	66	3821	8433
1750065892.90671	66	3824	8447
1750065897.9194314	66	3829	8453
1750065902.9332774	66	3836	8464
1750065907.9479063	66	3841	8484
1750065912.9680443	67	3851	8499
1750065917.9815085	67	3859	8514
1750065922.9949863	67	3864	8527
1750065928.009321	67	3873	8540
1750065933.0240657	67	3878	8559
1750065938.0395246	67	3887	8573
1750065943.0520358	67	3892	8591
1750065948.0657227	67	3898	8601
1750065953.0794327	67	3903	8621
1750065958.09426	67	3907	8638
1750065963.109967	68	3912	8650
1750065968.1267676	68	3920	8667
1750065973.1405048	69	3923	8685
1750065978.1527636	69	3928	8708
1750065983.1667123	69	3935	8718
1750065988.180912	69	3944	8729
1750065993.197394	69	3951	8742
1750065998.21235	69	3955	8753
1750066003.230593	69	3962	8775
1750066008.2449565	69	3971	8784
1750066013.2587175	69	3977	8794
1750066018.2737389	69	3984	8804
1750066023.287683	69	3989	8818
1750066028.302933	69	3994	8829
1750066033.3235073	70	4002	8839
1750066038.3392096	70	4009	8855
1750066043.3536127	70	4014	8870
1750066048.3678992	70	4019	8886
1750066053.382656	70	4024	8900
1750066058.3974257	70	4030	8917
1750066063.411228	70	4035	8935
1750066068.4312348	70	4037	8954
1750066073.445033	70	4047	8964
1750066078.4596305	70	4060	8979
1750066083.4737563	70	4064	8997
1750066088.4881966	70	4070	9011
1750066093.5029085	70	4077	9023
1750066098.5186102	70	4081	9032
1750066103.5358853	70	4090	9041
1750066108.5497525	70	4098	9055
1750066113.564013	70	4102	9062
1750066118.578295	71	4109	9071
1750066123.5923288	71	4116	9084
1750066128.6110654	71	4120	9101
1750066133.62449	72	4123	9117
1750066138.639046	72	4129	9129
1750066143.653816	72	4134	9143
1750066148.6687086	72	4142	9156
1750066153.6823232	72	4145	9173
1750066158.703046	72	4147	9190
1750066163.7248054	73	4157	9204
1750066168.7425382	73	4161	9219
1750066173.756444	73	4165	9234
1750066178.7706022	73	4167	9247
1750066183.7851048	73	4175	9259
1750066188.7987554	73	4180	9272
1750066193.811979	74	4187	9288
1750066198.826321	74	4193	9303
1750066203.8413029	74	4194	9312
1750066208.8540728	75	4199	9324
1750066213.8688273	75	4201	9344
1750066218.8834486	76	4212	9362
1750066223.899438	76	4218	9372
1750066228.9206467	76	4224	9389
1750066233.9396513	76	4233	9400
1750066238.9546368	76	4240	9413
1750066243.9692998	76	4245	9424
1750066248.9832122	76	4251	9442
1750066253.9979253	76	4256	9454
1750066259.01052	76	4260	9460
1750066264.0250647	76	4266	9474
1750066269.0475976	76	4277	9490
1750066274.0613868	77	4283	9504
1750066279.0754292	78	4291	9521
1750066284.0887828	78	4294	9537
1750066289.1051636	78	4297	9548
1750066294.1245298	78	4302	9570
1750066299.145156	78	4309	9589
1750066304.1596143	78	4314	9609
1750066309.1729145	78	4319	9621
1750066314.1879015	78	4326	9634
1750066319.2015836	78	4335	9641
1750066324.2154047	78	4340	9654
1750066329.2301962	78	4348	9664
1750066334.2486064	78	4353	9675
1750066339.2638147	78	4358	9692
1750066344.2780719	78	4363	9705
1750066349.291562	78	4370	9719
1750066354.3052719	78	4378	9736
1750066359.323112	78	4383	9753
1750066364.338253	78	4391	9766
1750066369.3529458	78	4392	9782
1750066374.367012	79	4405	9800
1750066379.3815231	79	4409	9809
1750066384.3961303	79	4413	9823
1750066389.413132	79	4416	9841
1750066394.4288626	80	4426	9862
1750066399.4509706	80	4438	9877
1750066404.4659069	80	4444	9888
1750066409.480954	80	4456	9901
1750066414.4955688	80	4464	9917
1750066419.5100088	80	4468	9929
1750066424.5239062	80	4474	9939
1750066429.5383499	80	4480	9954
1750066434.5519512	80	4485	9969
1750066439.5662432	80	4493	9984
1750066444.580353	80	4497	9996
1750066449.5963507	80	4504	10004
1750066454.6119099	80	4507	10013
1750066459.6345897	80	4512	10025
1750066464.650456	80	4522	10040
1750066469.666056	81	4527	10053
1750066474.680734	81	4537	10071
1750066479.6950574	81	4542	10081
1750066484.709356	81	4544	10098
1750066489.7232292	81	4547	10110
1750066494.736768	83	4559	10126
1750066499.755408	83	4568	10138
1750066504.7698178	83	4576	10155
1750066509.785494	83	4581	10168
1750066514.8010154	84	4587	10187
1750066519.8158443	84	4597	10195
1750066524.8342583	84	4608	10210
1750066529.8505166	84	4616	10226
1750066534.8648796	85	4621	10243
1750066539.87949	86	4627	10254
1750066544.8950946	86	4637	10273
1750066549.9108405	86	4641	10286
1750066554.925127	87	4643	10301
1750066559.9404993	87	4647	10314
1750066564.9557724	87	4655	10325
1750066569.9694717	87	4662	10346
1750066574.9832323	87	4669	10362
1750066579.998557	87	4674	10378
1750066585.013451	87	4682	10396
1750066590.032422	87	4688	10416
1750066595.0521607	87	4692	10428
1750066600.068257	87	4700	10446
1750066605.083863	87	4705	10454
1750066610.0984507	87	4714	10459
1750066615.1138453	87	4724	10466
1750066620.1276433	87	4728	10485
1750066625.144732	87	4732	10495
1750066630.1602092	87	4736	10507
1750066635.1751404	87	4744	10517
1750066640.1898215	87	4751	10524
1750066645.20531	87	4755	10534
1750066650.2194824	87	4765	10545
1750066655.2347357	88	4775	10559
1750066660.2495322	88	4781	10572
1750066665.26425	88	4789	10589
1750066670.2792778	88	4796	10599
1750066675.2941499	88	4800	10608
1750066680.308112	88	4805	10622
1750066685.321554	88	4809	10637
1750066690.339279	88	4818	10653
1750066695.3535995	88	4828	10667
1750066700.368313	88	4834	10679
1750066705.3830152	88	4840	10692
1750066710.3980951	88	4845	10704
1750066715.4128742	88	4852	10714
1750066720.4269934	88	4855	10726
1750066725.448016	88	4859	10739
1750066730.4627163	88	4865	10747
1750066735.477473	88	4868	10760
1750066740.4920425	88	4874	10770
1750066745.506205	88	4882	10786
1750066750.5209384	88	4884	10800
1750066755.5403724	88	4889	10815
1750066760.5557573	88	4903	10828
1750066765.5707543	88	4907	10841
1750066770.5859733	88	4913	10853
1750066775.6012995	88	4920	10874
1750066780.6167781	88	4926	10894
1750066785.631097	88	4933	10902
1750066790.6522331	88	4945	10916
1750066795.6670663	88	4945	10925
1750066800.6821918	88	4947	10934
1750066805.6968973	89	4951	10945
1750066810.712046	89	4955	10956
1750066815.726086	89	4958	10966
1750066820.741794	89	4962	10978
1750066825.760622	89	4971	10987
1750066830.7758586	89	4975	11005
1750066835.7901564	89	4981	11019
1750066840.803788	89	4988	11036
1750066845.819148	89	4995	11049
1750066850.832962	89	4998	11061
1750066855.847945	89	5007	11077
1750066860.8643541	89	5018	11092
1750066865.8801296	89	5024	11103
1750066870.8941147	89	5033	11126
1750066875.9084363	89	5035	11142
1750066880.9265645	89	5040	11152
1750066885.9468014	91	5045	11168
1750066890.9691598	91	5053	11178
1750066895.985127	91	5060	11190
1750066900.999232	92	5065	11204
1750066906.015123	92	5069	11213
1750066911.030005	93	5078	11224
1750066916.0447795	93	5080	11242
1750066921.0592246	93	5087	11259
1750066926.0760496	93	5096	11271
1750066931.0908754	93	5103	11286
1750066936.1058297	93	5110	11300
1750066941.1213446	93	5116	11311
1750066946.1371632	93	5120	11323
1750066951.1554735	93	5129	11334
1750066956.1757805	94	5136	11345
1750066961.1901693	94	5143	11357
1750066966.2046611	94	5148	11371
1750066971.2195358	94	5153	11386
1750066976.2341814	94	5158	11397
1750066981.2498107	94	5162	11412
1750066986.269309	94	5171	11419
1750066991.28444	94	5174	11434
1750066996.3000817	94	5178	11448
1750067001.3138165	94	5183	11458
1750067006.3289137	94	5187	11463
1750067011.3423045	94	5193	11475
1750067016.3584917	94	5194	11488
1750067021.3736327	95	5199	11503
1750067026.3892686	95	5204	11510
1750067031.4042335	95	5211	11518
1750067036.4175756	95	5216	11530
1750067041.431637	95	5222	11543
1750067046.4550967	95	5228	11555
1750067051.469578	95	5236	11562
1750067056.484187	95	5242	11576
1750067061.4975295	95	5247	11588
1750067066.5120862	95	5253	11596
1750067071.5274622	95	5258	11609
1750067076.5414207	96	5266	11624
1750067081.5561702	96	5274	11641
1750067086.5706267	96	5284	11658
1750067091.585737	96	5291	11668
1750067096.6003647	96	5294	11682
1750067101.6237545	96	5298	11700
1750067106.637966	97	5306	11714
1750067111.652238	97	5316	11729
1750067116.6676445	97	5320	11746
1750067121.6813679	97	5324	11762
1750067126.6969526	97	5331	11774
1750067131.7128153	97	5339	11786
1750067136.7349212	97	5345	11805
1750067141.7481432	97	5354	11824
1750067146.7607925	97	5357	11837
1750067151.7761729	97	5366	11845
1750067156.7890153	97	5372	11864
1750067161.8076036	97	5377	11875
1750067166.8235402	97	5380	11887
1750067171.8446429	97	5387	11897
1750067176.8577907	97	5392	11908
1750067181.8732562	97	5404	11926
1750067186.8885083	97	5408	11944
1750067191.905205	98	5416	11951
1750067196.92246	98	5422	11964
1750067201.9380653	98	5426	11980
1750067206.9530783	98	5434	11993
1750067211.9678254	98	5441	12008
1750067216.9820683	98	5447	12018
1750067221.9964557	98	5448	12031
1750067227.0186827	98	5453	12046
1750067232.0338995	98	5457	12055
1750067237.048598	99	5462	12063
1750067242.0643766	99	5466	12078
1750067247.0799232	99	5472	12086
1750067252.0944314	99	5476	12102
1750067257.1094103	99	5485	12110
1750067262.1242206	99	5489	12128
1750067267.1388154	100	5496	12140
1750067272.1548958	100	5500	12154
1750067277.170939	100	5507	12164
1750067282.1937513	100	5512	12180
1750067287.2089949	100	5517	12200
1750067292.22456	100	5524	12212
1750067297.2408886	100	5531	12221
1750067302.2574065	100	5534	12231
1750067307.2729716	100	5542	12248
1750067312.287739	100	5546	12260
1750067317.307667	100	5556	12276
1750067322.3235486	100	5563	12291
1750067327.3399851	100	5571	12309
1750067332.356427	100	5576	12325
1750067337.3715377	100	5583	12339
1750067342.3893101	100	5584	12357
1750067347.4131033	100	5592	12369
1750067352.4277673	100	5598	12383
1750067357.4434237	100	5604	12398
1750067362.4594095	101	5611	12413
1750067367.4751093	101	5614	12425
1750067372.4910085	101	5627	12435
1750067377.5095136	101	5632	12440
1750067382.5244324	101	5640	12454
1750067387.539137	101	5647	12468
1750067392.554752	101	5655	12487
1750067397.5695887	102	5666	12505
1750067402.5856266	102	5676	12518
1750067407.6010954	102	5680	12531
1750067412.6167896	102	5687	12542
1750067417.6322672	102	5689	12556
1750067422.6478686	102	5694	12565
1750067427.6622026	102	5699	12580
1750067432.6815398	102	5704	12597
1750067437.6959472	102	5710	12609
1750067442.7124054	102	5717	12619
1750067447.728657	102	5725	12633
1750067452.7454374	102	5733	12642
1750067457.7614195	102	5739	12656
1750067462.7767932	102	5747	12674
1750067467.7982476	102	5755	12688
1750067472.8137372	102	5763	12705
1750067477.829929	102	5769	12717
1750067482.8466213	102	5772	12732
1750067487.8623233	103	5780	12753
1750067492.8815594	103	5785	12771
1750067497.9036086	103	5786	12789
1750067502.9191043	103	5791	12800
1750067507.9357643	103	5792	12816
1750067512.9515083	103	5797	12829
1750067517.9681647	103	5802	12843
1750067522.9839761	103	5811	12857
1750067528.00646	103	5815	12872
1750067533.0217934	103	5819	12887
1750067538.037712	103	5827	12900
1750067543.05297	103	5831	12918
1750067548.0692363	103	5841	12933
1750067553.085549	103	5847	12943
1750067558.1018238	103	5855	12958
1750067563.1201239	103	5860	12973
1750067568.1352139	103	5867	12984
1750067573.151142	103	5872	13001
1750067578.1675713	104	5878	13014
1750067583.1835065	104	5885	13027
1750067588.1989865	104	5891	13039
1750067593.2174463	104	5894	13053
1750067598.233821	104	5904	13064
1750067603.2496417	104	5911	13081
1750067608.2663062	104	5918	13090
1750067613.2814171	104	5923	13105
1750067618.29653	104	5928	13116
1750067623.3140466	104	5935	13120
1750067628.338212	104	5942	13131
1750067633.3535962	104	5945	13140
1750067638.3694475	104	5950	13156
1750067643.383654	104	5954	13176
1750067648.3981304	104	5958	13186
1750067653.4139302	104	5961	13204
1750067658.4358034	104	5965	13214
1750067663.4547958	104	5972	13228
1750067668.4709094	104	5978	13242
1750067673.4853194	105	5985	13252
1750067678.5020456	105	5989	13268
1750067683.5179179	105	5995	13281
1750067688.5333667	105	6001	13296
1750067693.5566645	105	6006	13310
1750067698.571266	105	6011	13323
1750067703.5877657	105	6014	13336
1750067708.6037078	105	6018	13346
1750067713.6183224	105	6026	13354
1750067718.6356428	105	6032	13367
1750067723.65283	105	6035	13375
1750067728.6706421	105	6038	13390
1750067733.6867814	105	6048	13406
1750067738.703368	105	6049	13416
1750067743.7193723	105	6051	13430
1750067748.7350016	105	6057	13438
1750067753.751619	105	6065	13448
1750067758.7729561	105	6067	13462
1750067763.7897687	105	6075	13471
1750067768.8059528	105	6085	13483
1750067773.8217292	105	6093	13500
1750067778.8375137	105	6100	13513
1750067783.853572	105	6107	13522
1750067788.8708353	105	6112	13540
1750067793.893525	105	6123	13554
1750067798.9088006	105	6127	13567
1750067803.9249334	105	6137	13591
1750067808.9418662	105	6144	13606
1750067813.9576988	105	6150	13622
1750067818.973773	105	6158	13637
1750067823.9902332	105	6162	13647
1750067829.0096998	105	6172	13662
1750067834.026744	105	6178	13671
1750067839.043598	105	6183	13684
1750067844.058649	105	6191	13700
1750067849.0733824	105	6199	13712
1750067854.0943453	105	6203	13727
1750067859.1176064	105	6220	13739
1750067864.1327586	105	6223	13749
1750067869.148031	105	6229	13769
1750067874.1622913	105	6237	13784
1750067879.1786377	105	6244	13798
1750067884.1961374	105	6250	13812
1750067889.211791	105	6253	13829
1750067894.2263806	105	6260	13850
1750067899.2411273	105	6266	13864
1750067904.2563968	105	6275	13880
1750067909.2725728	105	6279	13891
1750067914.2888093	105	6286	13903
1750067919.3045416	105	6290	13916
1750067924.3208919	106	6307	13930
1750067929.337039	106	6312	13949
1750067934.3517182	106	6319	13962
1750067939.3679588	106	6322	13980
1750067944.387648	106	6329	13992
1750067949.403173	106	6337	14006
1750067954.4195373	106	6341	14014
1750067959.4354002	106	6344	14024
1750067964.4524467	106	6350	14038
1750067969.4762058	106	6355	14054
1750067974.4985862	106	6358	14068
1750067979.5146651	106	6363	14080
1750067984.530073	106	6368	14095
1750067989.545846	106	6375	14115
1750067994.5621114	106	6383	14134
1750067999.5767777	106	6387	14160
1750068004.5929613	106	6391	14175
1750068009.6126988	106	6396	14183
1750068014.6277068	106	6402	14192
1750068019.6436388	106	6406	14210
1750068024.658903	106	6413	14225
1750068029.6785007	106	6420	14236
1750068034.6999068	106	6427	14261
1750068039.71469	106	6435	14278
1750068044.7298954	106	6441	14289
1750068049.7444994	106	6444	14302
1750068054.7606888	106	6455	14317
1750068059.7767031	106	6461	14327
1750068064.7921407	106	6466	14340
1750068069.8078415	106	6472	14353
1750068074.8230648	106	6477	14366
1750068079.8388684	107	6483	14374
1750068084.8559017	107	6489	14390
1750068089.8740811	107	6494	14404
1750068094.8900893	107	6499	14416
1750068099.9050019	107	6506	14426
1750068104.9194646	108	6508	14438
1750068109.9357474	108	6515	14456
1750068114.9542952	108	6521	14470
1750068119.9707341	108	6529	14488
1750068124.9905891	109	6537	14504
1750068130.0061016	109	6545	14518
1750068135.0212789	109	6552	14531
1750068140.0375078	109	6559	14547
1750068145.0574005	109	6569	14559
1750068150.0804136	109	6575	14574
1750068155.10273	109	6578	14579
1750068160.1193147	109	6586	14597
1750068165.1357307	109	6590	14616
1750068170.15209	109	6599	14624
1750068175.168576	109	6605	14636
1750068180.1833198	109	6610	14649
1750068185.2080593	109	6616	14666
1750068190.2240508	109	6621	14683
1750068195.240207	109	6624	14696
1750068200.2556794	109	6630	14713
1750068205.2712038	109	6634	14724
1750068210.2877333	109	6639	14734
1750068215.3031738	109	6646	14744
1750068220.3248916	109	6649	14752
1750068225.34175	109	6658	14765
1750068230.3568347	110	6662	14781
1750068235.3737109	110	6665	14795
1750068240.3878493	110	6672	14812
1750068245.4036338	110	6677	14825
1750068250.427892	110	6681	14837
1750068255.4436371	110	6688	14850
1750068260.4586124	110	6693	14862
1750068265.474435	111	6705	14874
1750068270.4903533	111	6713	14889
1750068275.5063603	111	6718	14909
1750068280.5236256	111	6722	14925
1750068285.5394995	111	6727	14940
1750068290.5575228	111	6739	14955
1750068295.573851	111	6742	14965
1750068300.5899818	111	6752	14976
1750068305.6057951	111	6758	14987
1750068310.6290612	113	6766	15005
1750068315.6463614	113	6769	15016
1750068320.6632879	113	6771	15030
1750068325.6797554	113	6776	15043
1750068330.6947522	113	6787	15055
1750068335.7087715	113	6793	15074
1750068340.724211	113	6798	15090
1750068345.7394097	113	6806	15106
1750068350.7554421	113	6809	15118
1750068355.7717	113	6811	15129
1750068360.7862103	114	6821	15140
1750068365.8022084	114	6826	15156
1750068370.8208761	114	6832	15173
1750068375.8366964	114	6843	15183
1750068380.8533409	114	6851	15196
1750068385.8684042	114	6857	15210
1750068390.8848486	114	6865	15225
1750068395.9080336	114	6873	15241
1750068400.9303992	114	6879	15255
1750068405.946817	114	6888	15268
1750068410.9628794	114	6894	15279
1750068415.9789133	114	6896	15291
1750068420.9967358	115	6902	15303
1750068426.0133967	115	6908	15312
1750068431.0354142	115	6913	15324
1750068436.051876	115	6915	15332
1750068441.0677307	115	6923	15339
1750068446.083719	116	6932	15354
1750068451.0998235	116	6937	15367
1750068456.1148772	116	6941	15378
1750068461.1307497	116	6943	15393
1750068466.1550262	116	6947	15404
1750068471.1704953	116	6957	15414
1750068476.185537	116	6963	15428
1750068481.2015662	116	6969	15444
1750068486.2181296	116	6975	15462
1750068491.233552	116	6983	15473
1750068496.252023	116	6991	15486
1750068501.2680905	116	6996	15499
1750068506.2831874	116	7001	15512
1750068511.2991455	116	7009	15532
1750068516.3151133	116	7013	15546
1750068521.330142	116	7020	15556
1750068526.3515105	116	7028	15571
1750068531.3671346	116	7031	15586
1750068536.3871694	116	7038	15599
1750068541.40369	116	7046	15610
1750068546.4196985	116	7050	15624
1750068551.4353726	116	7055	15637
1750068556.4541254	116	7065	15653
1750068561.4707305	116	7074	15668
1750068566.486263	116	7078	15683
1750068571.5027194	116	7083	15699
1750068576.519341	116	7086	15711
1750068581.5353913	116	7091	15717
1750068586.549771	116	7098	15738
1750068591.565412	116	7104	15748
1750068596.5807805	116	7113	15768
1750068601.5953662	116	7119	15785
1750068606.610057	116	7119	15799
1750068611.6263256	116	7126	15811
1750068616.6483717	116	7133	15819
1750068621.6637619	117	7138	15835
1750068626.6800568	117	7144	15851
1750068631.696094	118	7152	15858
1750068636.712319	118	7155	15870
1750068641.7299182	118	7163	15878
1750068646.7457945	118	7167	15899
1750068651.7608924	118	7173	15916
1750068656.7769518	118	7181	15929
1750068661.7921817	119	7186	15946
1750068666.8068793	119	7191	15958
1750068671.8298082	119	7197	15977
1750068676.8456478	119	7202	15987
1750068681.8612924	119	7209	15992
1750068686.878427	119	7216	16002
1750068691.8934603	119	7220	16015
1750068696.9090428	119	7226	16025
1750068701.9257002	119	7229	16038
1750068706.9421256	119	7236	16049
1750068711.9566088	119	7243	16063
1750068716.9717822	119	7249	16076
1750068721.986717	120	7254	16098
1750068727.0053291	120	7258	16107
1750068732.0201402	120	7263	16118
1750068737.0346205	121	7271	16137
1750068742.0490189	121	7275	16156
1750068747.0645142	121	7281	16171
1750068752.0802598	121	7285	16181
1750068757.1017005	121	7291	16196
1750068762.1170287	123	7299	16209
1750068767.1332388	123	7306	16220
1750068772.149872	123	7317	16230
1750068777.1664455	123	7323	16243
1750068782.1820695	124	7331	16257
1750068787.204031	124	7334	16263
1750068792.220057	124	7343	16283
1750068797.2369995	124	7352	16295
1750068802.2527614	124	7357	16314
1750068807.2686331	124	7361	16321
1750068812.2829673	124	7366	16331
1750068817.2987347	124	7369	16338
1750068822.3148339	124	7373	16355
1750068827.331401	125	7380	16374
1750068832.3475327	125	7387	16383
1750068837.3645601	125	7395	16399
1750068842.3852687	125	7402	16410
1750068847.4008183	125	7407	16425
1750068852.415932	125	7415	16438
1750068857.4318173	125	7420	16452
1750068862.4459617	125	7424	16460
1750068867.4623244	125	7428	16472
1750068872.4799936	125	7432	16485
1750068877.5027108	125	7436	16500
1750068882.5191135	125	7440	16516
1750068887.534013	125	7446	16526
1750068892.5492358	125	7453	16542
1750068897.5647	125	7460	16563
1750068902.5812268	125	7469	16578
1750068907.5969079	125	7472	16591
1750068912.6153054	125	7474	16607
1750068917.631238	125	7478	16614
1750068922.6458943	125	7484	16628
1750068927.66181	125	7489	16643
1750068932.6768641	125	7496	16656
1750068937.698123	125	7501	16663
1750068942.7132213	125	7505	16679
1750068947.7300885	125	7513	16695
1750068952.7480822	125	7519	16708
1750068957.7633557	125	7525	16714
1750068962.7781887	125	7533	16723
1750068967.7990384	125	7538	16733
1750068972.81471	125	7544	16747
1750068977.8310304	125	7558	16764
1750068982.8464158	125	7567	16783
1750068987.8602643	125	7573	16797
1750068992.8750749	125	7579	16809
1750068997.8911095	125	7583	16820
1750069002.9071403	125	7588	16826
1750069007.923941	125	7598	16840
1750069012.9390523	125	7606	16852
1750069017.953869	125	7609	16863
1750069022.9769087	125	7615	16879
1750069027.993152	125	7625	16893
1750069033.0099242	125	7626	16903
1750069038.0240307	125	7630	16920
1750069043.040657	125	7635	16931
1750069048.057343	126	7641	16947
1750069053.074112	126	7648	16966
1750069058.0936267	126	7654	16977
1750069063.1079028	126	7659	16994
1750069068.1231701	128	7667	17010
1750069073.1415327	128	7673	17024
1750069078.1574256	128	7676	17041
1750069083.1728182	128	7683	17052
1750069088.18696	128	7689	17070
1750069093.2062178	128	7696	17078
1750069098.2217977	129	7704	17092
1750069103.2390928	129	7714	17111
1750069108.2554066	129	7717	17120
1750069113.2697828	129	7720	17131
1750069118.2883914	129	7731	17144
1750069123.3114004	129	7742	17161
1750069128.3257968	129	7751	17173
1750069133.3419206	129	7757	17183
1750069138.3572881	130	7765	17197
1750069143.3731058	130	7773	17204
1750069148.3890085	130	7778	17218
1750069153.405498	130	7781	17229
1750069158.4284894	130	7786	17241
1750069163.4435601	130	7792	17251
1750069168.4599643	130	7800	17263
1750069173.4740105	130	7807	17280
1750069178.492761	131	7820	17297
1750069183.5149708	131	7832	17308
1750069188.5403283	132	7838	17321
1750069193.5572338	132	7840	17337
1750069198.5734284	132	7847	17355
1750069203.5902784	132	7853	17364
1750069208.6052558	132	7859	17378
1750069213.6211584	132	7866	17396
1750069218.6435404	132	7873	17403
1750069223.6610508	132	7882	17424
1750069228.6772091	132	7890	17434
1750069233.6932561	132	7898	17451
1750069238.708758	132	7905	17462
1750069243.7254646	132	7910	17471
1750069248.7442784	132	7916	17479
1750069253.76034	132	7920	17487
1750069258.7799237	132	7924	17506
1750069263.7951505	132	7929	17516
1750069268.8119307	132	7935	17524
1750069273.8274894	132	7940	17536
1750069278.847866	132	7950	17552
1750069283.873051	133	7957	17563
1750069288.8913677	133	7960	17575
1750069293.905183	133	7966	17589
1750069298.9199648	133	7971	17606
1750069303.9360957	133	7977	17621
1750069308.9517238	133	7980	17632
1750069313.974066	133	7991	17641
1750069318.9894385	133	7996	17655
1750069324.013075	133	8002	17669
1750069329.0284853	133	8011	17683
1750069334.0434368	133	8015	17694
1750069339.0595162	133	8018	17703
1750069344.080082	133	8023	17712
1750069349.1028292	134	8028	17727
1750069354.1224365	134	8033	17738
1750069359.1384337	134	8038	17753
1750069364.1525514	134	8041	17767
1750069369.167954	134	8053	17781
1750069374.1846573	135	8057	17796
1750069379.2004254	135	8060	17811
1750069384.2154436	135	8064	17822
1750069389.237823	135	8073	17836
1750069394.2543535	135	8076	17841
1750069399.2700002	135	8083	17851
1750069404.285098	135	8087	17873
1750069409.302818	135	8091	17883
1750069414.3250365	135	8098	17902
1750069419.3479228	135	8103	17915
1750069424.3647652	135	8113	17928
1750069429.3814106	135	8117	17944
1750069434.397594	136	8123	17955
1750069439.412145	136	8127	17970
1750069444.427879	136	8131	17992
1750069449.4430838	136	8136	18001
1750069454.4585981	136	8142	18013
1750069459.4737647	136	8146	18025
1750069464.48917	136	8153	18035
1750069469.504956	136	8166	18043
1750069474.520302	136	8171	18056
1750069479.537343	136	8179	18069
1750069484.5538168	136	8187	18084
1750069489.5695083	136	8191	18098
1750069494.5859864	136	8199	18114
1750069499.6081278	137	8207	18129
1750069504.6242886	137	8216	18145
1750069509.6401505	137	8220	18158
1750069514.6556926	137	8224	18170
1750069519.6720896	137	8229	18189
1750069524.6880798	137	8236	18201
1750069529.7068417	137	8242	18212
1750069534.7275238	137	8250	18230
1750069539.7439797	137	8255	18243
1750069544.7584856	137	8260	18254
1750069549.7733514	137	8265	18267
1750069554.7892544	137	8270	18283
1750069559.8064094	137	8277	18294
1750069564.8215835	137	8285	18301
1750069569.844341	137	8292	18319
1750069574.8607962	137	8302	18339
1750069579.8758998	137	8309	18353
1750069584.8920703	137	8315	18362
1750069589.908364	138	8321	18373
1750069594.9305983	138	8326	18387
1750069599.9536848	138	8328	18396
1750069604.9694092	138	8336	18405
1750069609.985623	138	8344	18423
1750069615.0017495	138	8348	18441
1750069620.0195622	138	8353	18448
1750069625.0348604	139	8359	18458
1750069630.056141	139	8362	18475
1750069635.0715008	141	8365	18490
1750069640.087349	141	8375	18504
1750069645.1030986	141	8379	18516
1750069650.1177843	141	8383	18529
1750069655.1336756	142	8388	18539
1750069660.1498404	142	8394	18553
1750069665.165645	142	8401	18562
1750069670.1811361	142	8408	18575
1750069675.1966622	142	8416	18592
1750069680.212192	142	8419	18610
1750069685.2275624	142	8424	18621
1750069690.2510357	142	8432	18631
1750069695.2665136	142	8439	18644
1750069700.2886364	142	8446	18657
1750069705.3046846	142	8449	18676
1750069710.3214326	142	8453	18686
1750069715.3383114	142	8457	18693
1750069720.3547	142	8459	18703
1750069725.3725164	142	8463	18718
1750069730.388123	142	8469	18728
1750069735.4049687	144	8475	18742
1750069740.4207013	145	8482	18757
1750069745.4368293	145	8488	18781
1750069750.4519389	145	8495	18795
1750069755.4722574	146	8499	18813
1750069760.4890103	146	8504	18830
1750069765.505074	148	8513	18850
1750069770.521921	149	8519	18864
1750069775.536752	149	8526	18882
1750069780.552593	149	8534	18895
1750069785.5688279	149	8539	18906
1750069790.584543	149	8545	18918
1750069795.6008372	149	8548	18927
1750069800.616298	149	8555	18943
1750069805.631442	149	8561	18958
1750069810.6492183	149	8565	18973
1750069815.6658924	149	8567	18990
1750069820.680832	149	8572	19005
1750069825.6952527	149	8576	19018
1750069830.7101936	150	8585	19025
1750069835.727766	150	8590	19033
1750069840.7491834	150	8599	19047
1750069845.765167	150	8599	19054
1750069850.7798812	150	8603	19072
1750069855.7959476	150	8610	19087
1750069860.8121922	150	8617	19098
1750069865.8264139	150	8623	19109
1750069870.8476794	150	8631	19124
1750069875.8624105	150	8633	19141
1750069880.8775163	151	8637	19155
1750069885.8937254	151	8648	19174
1750069890.9098217	151	8654	19187
1750069895.9251153	152	8665	19198
1750069900.94177	152	8669	19212
1750069905.9577143	152	8675	19232
1750069910.973848	152	8679	19246
1750069915.98944	152	8689	19259
1750069921.0055926	152	8694	19272
1750069926.0308456	152	8703	19289
1750069931.047282	152	8712	19305
1750069936.062675	152	8717	19321
1750069941.0776901	153	8722	19337
1750069946.0936933	153	8731	19347
1750069951.1088612	153	8737	19357
1750069956.128509	153	8745	19372
1750069961.1521027	153	8752	19395
1750069966.1685665	153	8762	19413
1750069971.1836736	153	8768	19429
1750069976.198681	153	8774	19444
1750069981.214867	153	8780	19458
1750069986.2308433	153	8784	19471
1750069991.2447748	153	8791	19486
1750069996.2602663	153	8795	19500
1750070001.2762573	153	8804	19513
1750070006.2918932	153	8809	19529
1750070011.3076234	153	8819	19547
1750070016.3236647	153	8822	19564
1750070021.3391085	153	8828	19577
1750070026.3537815	153	8834	19589
1750070031.3696642	153	8841	19598
1750070036.38624	153	8844	19611
1750070041.402177	153	8846	19626
1750070046.4201686	153	8848	19641
1750070051.434615	154	8854	19656
1750070056.4509442	154	8860	19670
1750070061.4655607	154	8862	19685
1750070066.4851305	155	8873	19703
1750070071.5082228	155	8878	19712
1750070076.5286741	155	8886	19724
1750070081.5450842	155	8889	19738
1750070086.5616693	155	8892	19750
1750070091.5775733	155	8898	19759
1750070096.5954688	155	8904	19766
1750070101.6114407	155	8914	19783
1750070106.6282175	155	8923	19796
1750070111.6470633	155	8927	19807
1750070116.664413	155	8933	19820
1750070121.67967	155	8940	19838
1750070126.6953063	155	8950	19851
1750070131.7101765	155	8953	19865
1750070136.7318296	155	8959	19878
1750070141.7558632	155	8966	19885
1750070146.7729685	155	8974	19895
1750070151.789313	155	8977	19906
1750070156.806128	155	8985	19926
1750070161.820687	155	8991	19938
1750070166.8345344	155	8995	19951
1750070171.8492403	155	9000	19961
1750070176.8703687	156	9008	19976
1750070181.8861916	156	9012	19991
1750070186.9019775	156	9016	20008
1750070191.9178798	156	9019	20018
1750070196.934142	156	9020	20030
1750070201.954918	156	9025	20044
1750070206.97067	156	9029	20056
1750070211.9870327	156	9036	20072
1750070217.003408	156	9040	20080
1750070222.0196865	156	9043	20091
1750070227.0355003	156	9051	20110
1750070232.0534234	157	9056	20126
1750070237.069034	157	9059	20142
1750070242.0853255	157	9064	20156
1750070247.1020167	157	9073	20168
1750070252.1174319	157	9080	20180
1750070257.1333663	157	9083	20197
1750070262.1489677	158	9093	20214
1750070267.1647158	158	9100	20220
1750070272.1806278	158	9107	20237
1750070277.1963096	158	9112	20257
1750070282.211908	158	9117	20276
1750070287.234863	158	9124	20296
1750070292.251803	158	9131	20311
1750070297.2671285	158	9136	20322
1750070302.2841296	158	9141	20328
1750070307.2995281	158	9146	20344
1750070312.3159475	158	9154	20358
1750070317.3338099	158	9165	20369
1750070322.3557014	158	9170	20383
1750070327.3711643	158	9177	20391
1750070332.3877645	158	9181	20399
1750070337.403562	158	9186	20412
1750070342.420631	158	9190	20423
1750070347.4347234	158	9193	20433
1750070352.4509368	158	9199	20448
1750070357.4670987	158	9202	20460
1750070362.4834335	158	9217	20474
1750070367.4992886	158	9220	20482
1750070372.5156608	158	9230	20489
1750070377.530832	158	9235	20500
1750070382.5464325	158	9239	20513
1750070387.5607529	158	9247	20527
1750070392.5761037	158	9255	20533
1750070397.5931392	158	9264	20544
1750070402.616747	158	9269	20561
1750070407.6311498	159	9275	20577
1750070412.6463523	159	9288	20592
1750070417.6618686	159	9292	20605
1750070422.6768878	159	9295	20626
1750070427.6910615	159	9305	20641
1750070432.7113333	159	9312	20654
1750070437.7332706	159	9319	20670
1750070442.748826	159	9324	20682
1750070447.7653482	159	9330	20700
1750070452.7817461	159	9342	20709
1750070457.798105	159	9348	20727
1750070462.813788	160	9356	20748
1750070467.8290741	160	9360	20760
1750070472.8462887	160	9365	20777
1750070477.862107	160	9371	20789
1750070482.8784993	160	9378	20807
1750070487.8949265	160	9387	20821
1750070492.911276	161	9391	20833
1750070497.9305751	161	9396	20849
1750070502.9528909	161	9403	20859
1750070507.9692001	161	9406	20869
1750070512.9851525	161	9411	20885
1750070518.0003624	161	9418	20892
1750070523.0165002	161	9425	20909
1750070528.0332992	161	9431	20926
1750070533.0515566	161	9438	20945
1750070538.065824	161	9442	20965
1750070543.0823567	161	9448	20979
1750070548.098499	161	9455	20993
1750070553.1136115	161	9456	21007
1750070558.1295056	161	9461	21027
1750070563.145262	161	9468	21040
1750070568.1644177	161	9476	21053
1750070573.1800592	161	9480	21074
1750070578.1966205	161	9488	21086
1750070583.2122993	161	9492	21096
1750070588.2272422	161	9495	21110
1750070593.2427275	162	9503	21127
1750070598.2617066	162	9506	21146
1750070603.2767828	162	9511	21162
1750070608.2922988	162	9520	21176
1750070613.307356	163	9525	21187
1750070618.323493	163	9533	21192
1750070623.3392942	164	9539	21215
1750070628.3559296	164	9544	21228
1750070633.3776665	164	9550	21245
1750070638.3933568	164	9553	21253
1750070643.409382	164	9561	21261
1750070648.4248004	164	9567	21283
1750070653.4405923	164	9572	21302
1750070658.4566617	164	9581	21316
1750070663.4713948	164	9588	21325
1750070668.4884286	164	9593	21336
1750070673.5044475	164	9602	21348
1750070678.519857	164	9606	21358
1750070683.5355315	164	9612	21373
1750070688.5513062	164	9616	21380
1750070693.5678208	164	9621	21388
1750070698.5892062	164	9634	21403
1750070703.605342	165	9640	21417
1750070708.6225293	166	9647	21424
1750070713.6391983	166	9653	21436
1750070718.655096	166	9659	21453
1750070723.669569	166	9661	21469
1750070728.683808	166	9667	21486
1750070733.7007267	166	9672	21500
1750070738.7159626	166	9675	21513
1750070743.7306314	166	9679	21534
1750070748.7449365	166	9689	21543
1750070753.7605886	166	9697	21557
1750070758.77571	166	9701	21574
1750070763.8000448	166	9708	21589
1750070768.8150377	166	9713	21600
1750070773.830719	166	9718	21615
1750070778.8457892	166	9721	21637
1750070783.861702	166	9727	21647
1750070788.8777208	166	9734	21664
1750070793.893379	166	9742	21681
1750070798.9074833	166	9751	21694
1750070803.9234939	166	9756	21709
1750070808.940372	167	9764	21727
1750070813.9574318	167	9768	21741
1750070818.971429	167	9773	21753
1750070823.9855943	167	9781	21775
1750070829.0081973	168	9791	21784
1750070834.0262742	168	9797	21799
1750070839.0502403	168	9802	21812
1750070844.0713518	168	9811	21829
1750070849.0878737	168	9820	21840
1750070854.104254	168	9827	21854
1750070859.1210263	168	9832	21868
1750070864.1364784	168	9837	21880
1750070869.152974	168	9850	21889
1750070874.1679237	168	9857	21902
1750070879.1855767	168	9863	21917
1750070884.2007146	168	9873	21931
1750070889.2166638	168	9875	21941
1750070894.2313783	168	9885	21962
1750070899.2460625	169	9893	21974
1750070904.2620564	169	9898	21980
1750070909.2777953	169	9904	21995
1750070914.2955112	169	9908	22007
1750070919.311596	169	9914	22016
1750070924.3272936	169	9917	22030
1750070929.3428066	169	9923	22047
1750070934.3600712	169	9931	22059
1750070939.3759024	169	9941	22075
1750070944.396985	169	9947	22088
1750070949.4108777	169	9955	22100
1750070954.4260404	169	9968	22125
1750070959.4429162	169	9974	22139
1750070964.4579012	169	9980	22148
1750070969.4744453	169	9986	22162
1750070974.4893835	169	9992	22177
1750070979.5057929	169	9997	22188
1750070984.5223663	169	10007	22198
1750070989.5387642	169	10013	22214
1750070994.5552375	169	10020	22229
1750070999.570303	170	10027	22246
1750071004.5857642	170	10033	22256
1750071009.6038811	171	10039	22269
1750071014.6201203	172	10045	22285
1750071019.6365097	173	10053	22297
1750071024.651604	173	10055	22308
1750071029.6670268	173	10058	22317
1750071034.6837928	173	10066	22333
1750071039.7000077	173	10072	22340
1750071044.7164838	173	10081	22364
1750071049.7316356	173	10085	22374
1750071054.748373	173	10093	22384
1750071059.7639046	173	10096	22397
1750071064.7801602	173	10102	22407
1750071069.796858	173	10108	22421
1750071074.8133085	173	10119	22434
1750071079.8300076	173	10125	22447
1750071084.8543575	173	10134	22461
1750071089.8763065	173	10141	22478
1750071094.897615	173	10149	22492
1750071099.9131835	173	10154	22496
1750071104.9287033	173	10167	22510
1750071109.9456341	173	10171	22517
1750071114.9617934	173	10175	22536
1750071119.9783168	173	10182	22557
1750071124.9990127	173	10185	22577
1750071130.0155048	173	10190	22592
1750071135.0322015	173	10192	22611
1750071140.0496008	173	10195	22624
1750071145.0664978	173	10206	22637
1750071150.082315	173	10212	22652
1750071155.1004686	173	10215	22663
1750071160.1172621	173	10220	22675
1750071165.1340802	173	10229	22684
1750071170.150656	173	10237	22699
1750071175.1662867	173	10243	22705
1750071180.182057	173	10249	22718
1750071185.198903	173	10254	22734
1750071190.2163196	173	10263	22746
1750071195.23231	173	10270	22754
1750071200.2482297	173	10277	22770
1750071205.2647	173	10287	22784
1750071210.2805824	173	10294	22791
1750071215.296567	174	10303	22808
1750071220.3121564	174	10307	22823
1750071225.327567	174	10314	22836
1750071230.342329	174	10315	22846
1750071235.3582566	175	10320	22861
1750071240.3756127	175	10323	22872
1750071245.3934882	175	10333	22878
1750071250.4104612	175	10338	22895
1750071255.4273708	175	10350	22916
1750071260.4429069	175	10358	22929
1750071265.4600499	175	10364	22950
1750071270.477094	175	10375	22956
1750071275.493355	175	10379	22975
1750071280.51051	175	10383	22988
1750071285.526303	175	10387	23008
1750071290.546267	175	10391	23022
1750071295.5623178	175	10392	23031
1750071300.5790644	175	10398	23047
1750071305.5963218	175	10403	23056
1750071310.6114168	175	10409	23071
1750071315.6277542	176	10418	23090
1750071320.6438234	176	10426	23102
1750071325.6596196	176	10430	23116
1750071330.6757913	176	10433	23128
1750071335.6918359	176	10435	23143
1750071340.7085655	176	10439	23155
1750071345.7239268	176	10447	23173
1750071350.7385874	176	10457	23180
1750071355.7539444	176	10462	23192
1750071360.771119	176	10468	23203
1750071365.7872255	176	10475	23216
1750071370.8038774	176	10476	23237
1750071375.8207006	176	10483	23254
1750071380.8377113	176	10487	23268
1750071385.858409	176	10497	23280
1750071390.8774714	176	10505	23294
1750071395.893506	176	10512	23309
1750071400.9103355	176	10516	23316
1750071405.9274275	176	10521	23326
1750071410.9438195	176	10524	23340
1750071415.9610152	176	10530	23352
1750071420.9818547	176	10537	23366
1750071425.9989738	176	10544	23384
1750071431.016099	176	10550	23395
1750071436.0320315	177	10556	23408
1750071441.0482988	177	10559	23424
1750071446.0657978	177	10561	23440
1750071451.0831401	177	10565	23451
1750071456.0996876	178	10569	23462
1750071461.1150944	178	10573	23474
1750071466.132283	178	10575	23489
1750071471.1482894	178	10579	23501
1750071476.164081	178	10582	23512
1750071481.180317	178	10589	23530
1750071486.2015831	178	10595	23547
1750071491.2183383	178	10602	23562
1750071496.2348332	178	10613	23577
1750071501.2509103	178	10620	23594
1750071506.2677078	179	10626	23610
1750071511.2827294	179	10637	23627
1750071516.299737	179	10641	23643
1750071521.3194351	180	10651	23650
1750071526.3363426	180	10656	23660
1750071531.353487	180	10663	23670
1750071536.3685493	181	10670	23685
1750071541.385082	181	10676	23699
1750071546.4018729	181	10688	23714
1750071551.4176328	182	10695	23739
1750071556.4348886	182	10699	23755
1750071561.449503	182	10703	23770
1750071566.465174	184	10712	23793
1750071571.4820514	184	10719	23806
1750071576.4974308	184	10726	23823
1750071581.5140595	184	10735	23842
1750071586.5356543	184	10738	23854
1750071591.5513365	185	10746	23867
1750071596.5684407	185	10755	23878
1750071601.5833051	185	10763	23895
1750071606.59923	185	10770	23910
1750071611.6146102	185	10779	23924
1750071616.6335757	185	10788	23934
1750071621.650802	185	10794	23941
1750071626.6665716	185	10803	23953
1750071631.683598	185	10808	23972
1750071636.6993837	185	10819	23988
1750071641.7137032	185	10823	24006
1750071646.730011	185	10828	24015
1750071651.7470732	185	10831	24027
1750071656.7647457	185	10836	24041
1750071661.7803824	185	10841	24054
1750071666.796669	185	10845	24064
1750071671.8123462	186	10853	24078
1750071676.8327272	186	10854	24094
1750071681.8566496	186	10857	24105
1750071686.878776	186	10867	24120
1750071691.8962185	186	10873	24131
1750071696.9123473	186	10881	24143
1750071701.929063	186	10889	24159
1750071706.944604	186	10893	24173
1750071711.9601476	186	10897	24183
1750071716.9765527	186	10908	24195
1750071721.9970329	186	10916	24210
1750071727.0140483	186	10922	24225
1750071732.0309882	186	10928	24231
1750071737.0478392	186	10931	24239
1750071742.0643125	186	10938	24257
1750071747.084461	186	10942	24266
1750071752.1066062	186	10952	24280
1750071757.1228194	186	10956	24298
1750071762.1393607	186	10963	24305
1750071767.1558573	187	10972	24315
1750071772.1710277	187	10977	24328
1750071777.187576	187	10986	24343
1750071782.2046168	187	10991	24357
1750071787.2206473	187	10996	24369
1750071792.2367454	187	11003	24384
1750071797.252217	187	11016	24391
1750071802.2679667	187	11023	24400
1750071807.2858872	187	11032	24416
1750071812.305701	187	11038	24437
1750071817.3224564	187	11040	24453
1750071822.338284	187	11046	24466
1750071827.3544593	187	11057	24472
1750071832.3717659	187	11060	24486
1750071837.3870237	187	11065	24496
1750071842.4052484	187	11067	24511
1750071847.419836	187	11074	24534
1750071852.4351006	187	11080	24543
1750071857.4519796	187	11089	24560
1750071862.4685411	187	11092	24578
1750071867.4844584	187	11096	24591
1750071872.5052688	187	11104	24605
1750071877.5245342	187	11107	24620
1750071882.5411875	187	11108	24634
1750071887.556737	187	11111	24649
1750071892.5732493	187	11118	24663
1750071897.589254	187	11120	24677
1750071902.6057613	187	11124	24689
1750071907.627218	187	11128	24699
1750071912.6442475	187	11139	24716
1750071917.660542	187	11145	24737
1750071922.676823	187	11153	24754
1750071927.6927116	187	11159	24767
1750071932.7090607	187	11169	24776
1750071937.7258356	187	11177	24792
1750071942.7408874	188	11187	24797
1750071947.7556915	188	11191	24811
1750071952.7712932	188	11197	24825
1750071957.7874107	188	11204	24840
1750071962.811456	188	11215	24850
1750071967.8270047	188	11224	24869
1750071972.8422506	188	11229	24881
1750071977.857989	188	11236	24893
1750071982.873823	188	11242	24908
1750071987.8904746	188	11246	24920
1750071992.911123	188	11250	24936
1750071997.9267292	188	11256	24955
1750072002.9442606	188	11260	24974
1750072007.960767	188	11268	24981
1750072012.9769526	188	11274	24990
1750072017.993286	189	11281	25005
1750072023.010895	189	11290	25018
1750072028.0270233	190	11299	25027
1750072033.043889	190	11305	25041
1750072038.0600843	190	11312	25058
1750072043.0769503	190	11319	25072
1750072048.0931416	190	11325	25087
1750072053.1180782	190	11334	25101
1750072058.1372912	190	11338	25113
1750072063.1529622	190	11348	25119
1750072068.1678221	190	11355	25131
1750072073.1832583	190	11359	25142
1750072078.2001386	190	11367	25155
1750072083.2175138	190	11371	25172
1750072088.2414284	190	11378	25190
1750072093.2583818	190	11382	25201
1750072098.2742102	190	11389	25217
1750072103.2899132	190	11394	25234
1750072108.3065503	190	11399	25249
1750072113.32311	190	11407	25258
1750072118.3400726	190	11411	25268
1750072123.3565311	190	11417	25278
1750072128.3728297	190	11423	25295
1750072133.3895218	190	11430	25303
1750072138.4068549	190	11434	25317
1750072143.4247365	190	11438	25324
1750072148.4414482	191	11445	25338
1750072153.4579477	191	11447	25354
1750072158.4743478	191	11456	25371
1750072163.4903579	191	11457	25388
1750072168.505614	191	11464	25395
1750072173.5208995	191	11471	25403
1750072178.543269	191	11477	25409
1750072183.5594242	191	11483	25423
1750072188.5760057	191	11494	25434
1750072193.5927052	193	11503	25450
1750072198.6080534	193	11509	25466
1750072203.623634	194	11514	25478
1750072208.6400964	194	11517	25493
1750072213.6612213	194	11525	25508
1750072218.6782243	194	11531	25521
1750072223.6941602	194	11539	25532
1750072228.7098386	194	11547	25543
1750072233.7263126	194	11553	25555
1750072238.744543	194	11555	25565
1750072243.7601454	194	11557	25579
1750072248.7768054	194	11563	25587
1750072253.7936623	194	11568	25595
1750072258.8106234	194	11571	25609
1750072263.8263154	194	11575	25630
1750072268.846546	194	11584	25643
1750072273.861768	194	11587	25658
1750072278.8786407	194	11592	25671
1750072283.8952885	194	11597	25685
1750072288.9115458	194	11601	25693
1750072293.9274511	194	11604	25708
1750072298.9433856	194	11606	25721
1750072303.9604561	194	11612	25728
1750072308.9768362	194	11621	25741
1750072313.9933777	194	11629	25761
1750072319.0093136	194	11636	25773
1750072324.032083	195	11645	25787
1750072329.0486295	195	11652	25796
1750072334.065114	195	11655	25808
1750072339.0814965	195	11658	25815
1750072344.0976045	195	11666	25832
1750072349.114194	195	11672	25850
1750072354.1317105	195	11676	25859
1750072359.15456	195	11685	25877
1750072364.171015	195	11691	25890
1750072369.1889591	195	11698	25903
1750072374.204224	195	11703	25915
1750072379.2191765	195	11710	25936
1750072384.2360609	195	11717	25948
1750072389.2564857	195	11726	25965
1750072394.2733932	195	11731	25974
1750072399.2892125	195	11734	25994
1750072404.3050814	195	11742	26010
1750072409.3201714	195	11745	26025
1750072414.3362787	195	11745	26036
1750072419.3519943	196	11748	26047
1750072424.3759663	196	11751	26058
1750072429.3921027	196	11755	26069
1750072434.4084651	196	11760	26080
1750072439.4238744	196	11763	26097
1750072444.4399703	196	11768	26110
1750072449.4574113	197	11772	26124
1750072454.4745488	197	11776	26134
1750072459.492241	197	11784	26147
1750072464.5092406	198	11792	26162
1750072469.525133	198	11800	26175
1750072474.5421116	198	11804	26189
1750072479.5580294	198	11811	26204
1750072484.57556	198	11814	26222
1750072489.5946114	198	11820	26233
1750072494.609453	198	11830	26248
1750072499.6260731	198	11834	26263
1750072504.6419935	198	11841	26271
1750072509.6564288	198	11846	26284
1750072514.6721842	198	11850	26303
1750072519.6905277	198	11855	26315
1750072524.7095635	198	11861	26329
1750072529.7263157	198	11867	26343
1750072534.7411997	198	11874	26355
1750072539.7576458	199	11885	26367
1750072544.7735379	199	11894	26382
1750072549.7919369	199	11896	26395
1750072554.8093727	199	11901	26415
1750072559.828038	199	11905	26421
1750072564.8447142	199	11910	26434
1750072569.8603423	199	11915	26443
1750072574.8763924	199	11921	26460
1750072579.8990948	199	11927	26471
1750072584.922886	199	11932	26482
1750072589.9464087	199	11938	26491
1750072594.963494	199	11946	26511
1750072599.9809034	199	11951	26531
1750072604.9974277	200	11956	26542
1750072610.0129051	200	11959	26553
1750072615.0300236	200	11965	26564
1750072620.0530736	200	11970	26581
1750072625.0695262	200	11979	26594
1750072630.0866432	200	11982	26604
1750072635.1023893	200	11989	26615
1750072640.1188445	200	11996	26631
1750072645.1354606	200	12001	26647
1750072650.152242	200	12009	26661
1750072655.174392	200	12014	26681
1750072660.1908822	200	12021	26696
1750072665.2067726	200	12026	26706
1750072670.2244964	200	12028	26717
1750072675.2406702	200	12032	26733
1750072680.2564178	200	12042	26750
1750072685.272477	200	12045	26771
1750072690.2938979	200	12052	26791
1750072695.3106885	200	12058	26796
1750072700.3277876	200	12064	26808
1750072705.3442955	200	12069	26819
1750072710.360042	200	12076	26835
1750072715.380434	200	12080	26852
1750072720.397067	200	12090	26867
1750072725.4129508	200	12096	26880
1750072730.4297917	200	12103	26893
1750072735.4451225	200	12111	26906
1750072740.4604719	200	12119	26923
1750072745.480781	200	12124	26934
1750072750.497197	200	12131	26951
1750072755.512969	200	12135	26967
1750072760.5280852	200	12141	26978
1750072765.5449266	200	12147	26994
1750072770.560691	200	12155	27010
1750072775.5771816	200	12161	27024
1750072780.5932567	201	12173	27037
1750072785.6085415	201	12176	27051
1750072790.624097	202	12180	27066
1750072795.6392186	202	12186	27074
1750072800.6558006	202	12192	27080
1750072805.673222	202	12196	27094
1750072810.6893508	202	12202	27107
1750072815.7068563	202	12207	27119
1750072820.723774	202	12214	27126
1750072825.7414446	202	12218	27136
1750072830.7624657	202	12226	27147
1750072835.7842517	202	12230	27172
1750072840.8008833	202	12235	27192
1750072845.8179522	202	12243	27205
1750072850.8347473	203	12245	27218
1750072855.8507586	203	12250	27232
1750072860.8663173	203	12254	27247
1750072865.8909016	203	12259	27254
1750072870.9069746	203	12268	27266
1750072875.9235036	203	12279	27277
1750072880.940948	203	12283	27288
1750072885.9562757	203	12288	27294
1750072890.9717784	204	12294	27305
1750072895.9877071	204	12304	27321
1750072901.0045972	204	12313	27332
1750072906.0212352	204	12316	27348
1750072911.037872	204	12320	27362
1750072916.0533233	204	12331	27376
1750072921.0707743	204	12337	27389
1750072926.0893526	204	12341	27405
1750072931.1059217	204	12350	27419
1750072936.1221175	204	12355	27430
1750072941.138963	204	12358	27444
1750072946.1563618	204	12369	27452
1750072951.1731365	204	12375	27465
1750072956.190054	204	12383	27475
1750072961.2075067	204	12389	27486
1750072966.224281	204	12396	27496
1750072971.2392843	204	12402	27516
1750072976.2534661	204	12408	27536
1750072981.2759807	204	12420	27548
1750072986.2927637	205	12426	27559
1750072991.3098166	205	12433	27571
1750072996.3255723	205	12440	27586
1750073001.3404582	206	12449	27599
1750073006.3563163	207	12458	27611
1750073011.3734531	207	12462	27625
1750073016.3929644	209	12477	27641
1750073021.4086955	209	12481	27659
1750073026.4243312	209	12488	27678
1750073031.4407651	209	12494	27688
1750073036.4578664	209	12498	27698
1750073041.4751356	209	12509	27708
1750073046.4965346	210	12518	27720
1750073051.5130486	210	12526	27733
1750073056.5299237	210	12532	27747
1750073061.5455859	211	12540	27760
1750073066.561102	211	12544	27770
1750073071.57626	211	12552	27786
1750073076.5953565	212	12557	27796
1750073081.611543	212	12562	27810
1750073086.6298501	212	12570	27825
1750073091.6461165	212	12574	27829
1750073096.6615672	212	12582	27840
1750073101.676249	212	12587	27855
1750073106.6907768	213	12597	27869
1750073111.7059245	213	12602	27884
1750073116.7215772	213	12606	27900
1750073121.736445	213	12612	27917
1750073126.759414	213	12621	27934
1750073131.7810543	213	12628	27945
1750073136.7960322	213	12634	27964
1750073141.810518	213	12641	27982
1750073146.825037	213	12647	27993
1750073151.8399189	214	12651	28006
1750073156.8606744	214	12656	28022
1750073161.8781302	214	12664	28038
1750073166.9003654	215	12675	28057
1750073171.915668	215	12677	28070
1750073176.9313993	216	12684	28086
1750073181.9489422	216	12692	28106
1750073186.9663682	216	12699	28128
1750073191.9903512	216	12703	28145
1750073197.0114245	216	12707	28156
1750073202.0264246	216	12716	28164
1750073207.0415056	216	12718	28179
1750073212.0560353	216	12723	28192
