1750390637.711705	1	33	21
1750390642.7225947	1	56	36
1750390647.7423818	2	67	49
1750390652.754076	2	80	60
1750390657.7666016	2	90	74
1750390662.7786376	2	102	91
1750390667.7930305	2	108	108
1750390672.8120005	2	118	119
1750390677.8254843	2	136	136
1750390682.84079	2	152	156
1750390687.8546147	2	163	175
1750390692.8668613	2	177	190
1750390697.879541	2	188	212
1750390702.8927667	4	204	222
1750390707.9070923	4	217	242
1750390712.9220865	5	229	263
1750390717.9359317	6	244	277
1750390722.9496956	6	261	289
1750390727.9639947	6	280	298
1750390732.9779427	6	292	313
1750390737.990861	6	311	329
1750390743.0065014	6	321	349
1750390748.0224245	6	333	367
1750390753.037256	6	348	374
1750390758.0508919	6	362	386
1750390763.0653384	6	377	398
1750390768.0800662	6	390	410
1750390773.0944495	6	404	424
1750390778.1086242	7	422	443
1750390783.1229708	7	438	458
1750390788.1371899	7	447	468
1750390793.1549	8	462	482
1750390798.1693463	9	474	494
1750390803.1822417	9	483	508
1750390808.1969078	10	498	517
1750390813.2108238	10	511	530
1750390818.2244575	10	523	540
1750390823.2386923	10	540	549
1750390828.2531989	10	553	566
1750390833.2674856	10	567	579
1750390838.2818336	10	584	598
1750390843.2961607	10	597	614
1750390848.3111153	10	617	620
1750390853.3255746	10	632	630
1750390858.3396537	10	641	648
1750390863.354526	10	651	658
1750390868.3660502	10	661	674
1750390873.3868287	10	677	689
1750390878.4021251	10	692	704
1750390883.4158638	10	706	713
1750390888.4309156	11	721	725
1750390893.4437568	11	738	736
1750390898.4658437	11	755	748
1750390903.481323	11	771	759
1750390908.4949536	11	785	786
1750390913.5088835	11	798	805
1750390918.5203164	12	814	819
1750390923.5302956	12	833	838
1750390928.5435915	12	846	850
1750390933.5583684	12	859	859
1750390938.572846	12	871	874
1750390943.5837324	12	878	890
1750390948.5940204	12	889	903
1750390953.6073449	13	902	923
1750390958.6216717	14	916	939
1750390963.6437278	14	929	951
1750390968.6576517	14	945	962
1750390973.6722722	14	958	971
1750390978.685635	14	967	984
1750390983.698394	14	982	1006
1750390988.719862	15	995	1020
1750390993.7343628	15	1010	1036
1750390998.7492874	16	1022	1049
1750391003.7646022	17	1036	1062
1750391008.780424	17	1043	1074
1750391013.7956045	17	1063	1087
1750391018.8099434	17	1081	1102
1750391023.825227	17	1094	1119
1750391028.8405755	17	1107	1129
1750391033.8638043	17	1122	1141
1750391038.884413	18	1129	1162
1750391043.9000874	19	1139	1176
1750391048.922894	19	1153	1191
1750391053.9376183	19	1165	1204
1750391058.9542346	19	1176	1218
1750391063.9708028	19	1191	1231
1750391068.9862103	19	1210	1238
1750391074.0099554	20	1222	1252
1750391079.024458	20	1234	1268
1750391084.0385623	21	1252	1286
1750391089.052862	21	1260	1298
1750391094.0677328	22	1272	1313
1750391099.0816488	23	1294	1328
1750391104.094403	23	1302	1341
1750391109.1080108	23	1322	1356
1750391114.1230488	24	1336	1368
1750391119.13852	24	1347	1380
1750391124.1524832	24	1358	1396
1750391129.1705806	24	1376	1411
1750391134.1844673	24	1388	1434
1750391139.1997995	24	1410	1447
1750391144.2147093	24	1427	1467
1750391149.2309742	24	1436	1478
1750391154.2432997	25	1453	1490
1750391159.2572107	25	1464	1503
1750391164.2713747	25	1480	1510
1750391169.288116	25	1497	1525
1750391174.3063674	25	1509	1531
1750391179.3202436	25	1521	1541
1750391184.3361604	25	1526	1565
1750391189.3508363	26	1539	1578
1750391194.3660846	26	1548	1590
1750391199.385803	26	1565	1607
1750391204.3991218	26	1579	1618
1750391209.4158278	27	1589	1634
1750391214.4298875	27	1596	1645
1750391219.4434166	27	1610	1661
1750391224.4591012	27	1622	1674
1750391229.4716995	27	1642	1689
1750391234.4852748	28	1663	1704
1750391239.498581	28	1676	1717
1750391244.5139267	28	1689	1728
1750391249.5281858	28	1706	1739
1750391254.5410717	28	1718	1759
1750391259.5549269	29	1733	1771
1750391264.5723517	29	1743	1781
1750391269.5869534	29	1757	1794
1750391274.6040027	29	1765	1810
1750391279.6166515	29	1778	1829
1750391284.6331265	29	1795	1840
1750391289.645976	29	1806	1857
1750391294.660042	29	1824	1873
1750391299.6729922	30	1840	1889
1750391304.6865523	30	1850	1897
1750391309.7006314	31	1867	1914
1750391314.7145295	33	1884	1930
1750391319.7288697	33	1897	1946
1750391324.7444534	33	1911	1965
1750391329.7608423	33	1924	1977
1750391334.7760632	34	1935	1994
1750391339.795558	34	1949	2005
1750391344.8101723	34	1966	2023
1750391349.8244562	34	1981	2036
1750391354.8382547	35	1992	2055
1750391359.8533053	35	2002	2069
1750391364.8690345	35	2023	2084
1750391369.8845382	35	2037	2092
1750391374.899858	35	2052	2109
1750391379.9127917	35	2065	2119
1750391384.9266732	35	2078	2131
1750391389.941092	36	2099	2147
1750391394.9566271	38	2115	2162
1750391399.97165	38	2126	2172
1750391404.9896302	38	2138	2179
1750391410.0035322	38	2150	2187
1750391415.0186186	38	2163	2199
1750391420.0329983	38	2180	2218
1750391425.0481136	38	2198	2233
1750391430.0639925	38	2213	2253
1750391435.078821	38	2226	2268
1750391440.0936422	38	2236	2288
1750391445.108833	39	2249	2304
1750391450.1307478	40	2264	2322
1750391455.143924	41	2278	2335
1750391460.1581101	41	2293	2358
1750391465.172128	41	2309	2372
1750391470.1875277	41	2330	2385
1750391475.2045238	41	2346	2404
1750391480.217834	41	2363	2418
1750391485.238882	41	2380	2436
1750391490.2529757	41	2391	2448
1750391495.2684512	41	2402	2460
1750391500.2829642	41	2417	2469
1750391505.296419	41	2430	2487
1750391510.310689	42	2449	2500
1750391515.325702	42	2455	2514
1750391520.3405294	43	2471	2523
1750391525.3564048	43	2482	2540
1750391530.3722026	43	2492	2558
1750391535.386154	43	2505	2566
1750391540.3998225	43	2528	2577
1750391545.4133296	43	2540	2598
1750391550.4263067	43	2561	2610
1750391555.4406924	43	2572	2623
1750391560.4557588	44	2589	2637
1750391565.469456	46	2601	2654
1750391570.488428	46	2619	2673
1750391575.5027196	46	2632	2682
1750391580.5186088	46	2643	2696
1750391585.5339797	47	2667	2710
1750391590.5477476	48	2685	2723
1750391595.5644615	48	2696	2738
1750391600.5791214	49	2713	2757
1750391605.5968163	49	2726	2768
1750391610.610431	49	2741	2781
1750391615.624884	49	2751	2797
1750391620.6405199	50	2762	2813
1750391625.6607957	50	2777	2826
1750391630.676796	51	2796	2846
1750391635.6902652	51	2807	2859
1750391640.7040615	51	2828	2879
1750391645.718171	51	2839	2897
1750391650.7325466	51	2850	2907
1750391655.748428	52	2862	2920
1750391660.7686212	52	2881	2937
1750391665.7827146	53	2897	2952
1750391670.7974308	53	2908	2959
1750391675.8112864	54	2919	2974
1750391680.8271642	54	2940	2987
1750391685.8401196	54	2950	2999
1750391690.8560443	54	2960	3007
1750391695.870691	55	2973	3026
1750391700.8850365	55	2991	3039
1750391705.898287	55	3003	3049
1750391710.9123905	55	3011	3062
1750391715.9251966	55	3027	3075
1750391720.9378967	55	3031	3086
1750391725.9504185	55	3043	3105
1750391730.963253	55	3057	3119
1750391735.978463	55	3073	3135
1750391740.9919293	55	3082	3153
1750391746.0065482	55	3098	3171
1750391751.0205936	55	3110	3187
1750391756.0412452	57	3128	3211
1750391761.0554285	57	3146	3225
1750391766.0683932	58	3160	3240
1750391771.0826514	58	3172	3253
1750391776.0972865	59	3191	3276
1750391781.1112118	59	3207	3290
1750391786.1257486	59	3221	3313
1750391791.1471956	59	3235	3329
1750391796.16166	59	3254	3347
1750391801.177198	59	3268	3359
1750391806.1914923	59	3284	3370
1750391811.2054837	59	3289	3390
1750391816.2193706	59	3295	3402
1750391821.2331104	59	3301	3414
1750391826.2458136	60	3312	3431
1750391831.259514	60	3323	3444
1750391836.2735548	60	3330	3456
1750391841.290325	60	3342	3466
1750391846.3088312	60	3354	3483
1750391851.3288512	60	3368	3498
1750391856.344217	60	3387	3511
1750391861.3586211	60	3401	3524
1750391866.3728678	60	3421	3546
1750391871.3942695	60	3442	3560
1750391876.4094558	60	3458	3570
1750391881.4241395	60	3480	3586
1750391886.4374144	60	3496	3600
1750391891.451028	60	3505	3610
1750391896.471848	61	3519	3627
1750391901.4855745	62	3538	3644
1750391906.5002925	63	3554	3655
1750391911.5129743	64	3565	3675
1750391916.526495	65	3574	3692
1750391921.5454137	65	3590	3704
1750391926.559961	65	3601	3718
1750391931.5735707	65	3617	3729
1750391936.5886872	65	3628	3742
1750391941.6037202	66	3645	3761
1750391946.6167884	66	3659	3780
1750391951.631924	66	3673	3796
1750391956.645916	66	3688	3807
1750391961.6603794	67	3702	3826
1750391966.6753726	69	3716	3841
1750391971.6895583	69	3730	3851
1750391976.7034473	70	3745	3873
1750391981.7162328	70	3766	3890
1750391986.7295375	70	3779	3903
1750391991.7486753	70	3791	3915
1750391996.7631488	70	3800	3934
1750392001.7788424	70	3815	3946
1750392006.7958288	70	3824	3964
1750392011.8105674	70	3839	3974
1750392016.8256636	70	3851	3987
1750392021.8407724	70	3858	4000
1750392026.8556027	70	3866	4009
1750392031.869959	70	3882	4022
1750392036.8844512	70	3898	4041
1750392041.898848	70	3914	4050
1750392046.9133399	70	3933	4063
1750392051.9262557	70	3946	4079
1750392056.9403188	71	3961	4091
1750392061.955915	71	3979	4111
1750392066.9702137	71	3995	4122
1750392071.98524	71	4005	4145
1750392076.9998388	71	4023	4160
1750392082.0139968	71	4034	4169
1750392087.0351892	71	4044	4190
1750392092.0537963	71	4064	4210
1750392097.0680437	71	4074	4221
1750392102.0810788	71	4086	4235
1750392107.0948374	72	4097	4245
1750392112.1104882	72	4110	4259
1750392117.1266694	72	4122	4278
1750392122.1455314	72	4139	4287
1750392127.15853	72	4155	4304
1750392132.1732283	72	4173	4315
1750392137.1872768	72	4189	4324
1750392142.202242	72	4204	4340
1750392147.2165852	72	4225	4346
1750392152.236599	72	4245	4360
1750392157.254802	73	4267	4379
1750392162.2688718	75	4278	4394
1750392167.2818244	75	4294	4406
1750392172.2967687	75	4304	4423
1750392177.310685	75	4325	4439
1750392182.3239613	76	4342	4449
1750392187.339349	76	4357	4457
1750392192.3537705	76	4375	4475
1750392197.369338	76	4385	4487
1750392202.3846881	76	4400	4501
1750392207.3987775	77	4418	4522
1750392212.4126966	77	4429	4536
1750392217.4286277	77	4440	4548
1750392222.4419508	77	4462	4559
1750392227.46512	78	4482	4579
1750392232.4792447	79	4494	4594
1750392237.493699	80	4513	4605
1750392242.5087433	80	4530	4622
1750392247.5230806	80	4547	4639
1750392252.543742	80	4563	4653
1750392257.5588014	82	4584	4668
1750392262.5732117	82	4598	4689
1750392267.5864263	82	4615	4703
1750392272.609033	82	4629	4721
1750392277.622799	82	4644	4732
1750392282.6370754	82	4653	4755
1750392287.650847	82	4664	4770
1750392292.666108	82	4673	4787
1750392297.6804373	83	4692	4803
1750392302.6955268	84	4705	4814
1750392307.7100904	84	4717	4835
1750392312.7236724	84	4730	4855
1750392317.7367086	84	4746	4867
1750392322.750716	84	4763	4886
1750392327.7648609	84	4775	4899
1750392332.7798665	84	4787	4917
1750392337.8030133	84	4799	4928
1750392342.8188524	84	4809	4941
1750392347.833279	84	4820	4956
1750392352.8496943	85	4833	4976
1750392357.8643317	85	4849	4988
1750392362.8780272	86	4860	5000
1750392367.8924677	86	4876	5017
1750392372.9071286	86	4900	5032
1750392377.9209735	86	4916	5049
1750392382.9346874	86	4932	5062
1750392387.9495254	86	4948	5080
1750392392.9641812	86	4958	5092
1750392397.9787323	86	4977	5102
1750392402.9989266	86	4994	5122
1750392408.011925	86	5011	5135
1750392413.0266483	86	5023	5150
1750392418.0421073	86	5032	5163
1750392423.0573366	86	5046	5186
1750392428.0711665	86	5061	5199
1750392433.0857737	86	5079	5210
1750392438.1008608	87	5096	5228
1750392443.116651	88	5108	5247
1750392448.1311069	89	5128	5263
1750392453.1434863	90	5142	5277
1750392458.167891	90	5159	5287
1750392463.184694	90	5168	5305
1750392468.1993258	90	5186	5320
1750392473.2144675	90	5196	5334
1750392478.2290523	90	5211	5346
1750392483.243008	90	5224	5358
1750392488.2570004	92	5243	5380
1750392493.2742255	93	5269	5399
1750392498.2882826	93	5290	5410
1750392503.3027635	93	5309	5422
1750392508.3166134	93	5322	5437
1750392513.3296294	93	5339	5451
1750392518.3422241	93	5348	5463
1750392523.3556354	93	5357	5479
1750392528.3742638	93	5369	5496
1750392533.38845	93	5379	5510
1750392538.4028387	93	5396	5526
1750392543.4154193	93	5410	5545
1750392548.4294267	93	5421	5560
1750392553.4424565	94	5438	5583
1750392558.456041	94	5450	5601
1750392563.4699564	94	5457	5617
1750392568.4836428	94	5471	5634
1750392573.4964273	94	5488	5652
1750392578.5101585	95	5501	5668
1750392583.5229483	95	5513	5685
1750392588.5353196	95	5525	5699
1750392593.5475192	95	5541	5713
1750392598.5600145	95	5553	5724
1750392603.5725555	95	5566	5737
1750392608.5850453	97	5587	5752
1750392613.597507	97	5596	5765
1750392618.609658	98	5614	5779
1750392623.6218328	98	5625	5798
1750392628.6346886	98	5644	5814
1750392633.6471276	98	5656	5827
1750392638.659733	98	5670	5836
1750392643.6729999	98	5691	5851
1750392648.6865652	98	5709	5862
1750392653.699303	98	5727	5880
1750392658.7120204	98	5737	5887
1750392663.7254913	98	5753	5900
1750392668.73884	98	5771	5911
1750392673.7514133	98	5789	5924
1750392678.7640867	99	5802	5936
1750392683.7765846	99	5817	5949
1750392688.791709	100	5836	5969
1750392693.805345	100	5850	5981
1750392698.8196514	100	5861	5993
1750392703.834174	100	5872	6009
1750392708.847869	100	5888	6028
1750392713.8622947	100	5915	6049
1750392718.8823245	101	5931	6066
1750392723.8964632	101	5953	6081
1750392728.911474	101	5967	6099
1750392733.9257214	101	5978	6123
1750392738.9405878	102	5989	6135
1750392743.9549115	102	6002	6146
1750392748.9726508	102	6018	6155
1750392753.9920053	102	6037	6170
1750392759.006994	102	6051	6186
1750392764.021632	102	6069	6211
1750392769.0371783	102	6082	6228
1750392774.0521863	102	6094	6242
1750392779.0679736	102	6107	6257
1750392784.082977	102	6128	6277
1750392789.0974638	102	6144	6297
1750392794.1135771	102	6155	6314
1750392799.1283743	102	6174	6331
1750392804.1436543	102	6184	6348
1750392809.159957	102	6200	6370
1750392814.175593	102	6219	6384
1750392819.1910486	103	6235	6399
1750392824.207103	103	6255	6416
1750392829.2226174	103	6271	6431
1750392834.2383554	103	6282	6447
1750392839.2575428	103	6299	6464
1750392844.2730732	103	6310	6482
1750392849.288453	103	6317	6502
1750392854.3039067	103	6330	6518
1750392859.3198118	103	6343	6534
1750392864.3362248	103	6359	6551
1750392869.3525555	103	6375	6568
1750392874.3682704	104	6392	6586
1750392879.3837922	105	6412	6602
1750392884.3992143	106	6427	6620
1750392889.4150903	106	6445	6636
1750392894.4371865	106	6459	6646
1750392899.4577775	106	6470	6663
1750392904.4743714	106	6484	6676
1750392909.497328	108	6499	6696
1750392914.513787	109	6511	6709
1750392919.530396	109	6525	6717
1750392924.5463653	109	6536	6729
1750392929.5623393	110	6547	6746
1750392934.5787416	110	6560	6763
1750392939.595625	110	6568	6777
1750392944.6119733	110	6578	6789
1750392949.6301677	110	6591	6800
1750392954.6455812	110	6608	6814
1750392959.6624842	110	6618	6826
1750392964.6779084	110	6633	6843
1750392969.6951113	110	6639	6859
1750392974.7117023	110	6658	6874
1750392979.728106	110	6668	6895
1750392984.7439377	110	6682	6909
1750392989.7628696	111	6699	6929
1750392994.7792072	111	6721	6936
1750392999.7948818	111	6733	6948
1750393004.810199	111	6750	6965
1750393009.8263643	112	6764	6983
1750393014.842464	113	6779	6998
1750393019.8579662	113	6790	7008
1750393024.872824	114	6803	7020
1750393029.8891165	114	6821	7031
1750393034.9131668	115	6829	7044
1750393039.9276564	115	6842	7062
1750393044.9423172	116	6860	7072
1750393049.957675	116	6875	7083
1750393054.9719803	116	6888	7096
1750393059.9863045	116	6906	7111
1750393065.0004907	116	6922	7122
1750393070.0162385	116	6934	7131
1750393075.0313938	116	6955	7144
1750393080.045427	116	6973	7166
1750393085.0622807	116	6982	7181
1750393090.0786068	116	6995	7189
1750393095.093496	116	7006	7202
1750393100.1132472	116	7018	7219
1750393105.1280663	116	7038	7234
1750393110.1423984	117	7054	7250
1750393115.1579077	117	7065	7258
1750393120.1740868	117	7078	7277
1750393125.1880822	117	7087	7290
1750393130.204235	118	7099	7311
1750393135.2189062	118	7112	7320
1750393140.2329917	118	7128	7330
1750393145.2489314	118	7147	7345
1750393150.2636576	118	7159	7358
1750393155.2785845	119	7171	7369
1750393160.2940974	119	7186	7386
1750393165.3154004	119	7200	7406
1750393170.3310666	119	7210	7426
1750393175.3450894	119	7224	7440
1750393180.360944	121	7245	7453
1750393185.3757107	121	7258	7461
1750393190.3928766	121	7269	7480
1750393195.4064617	121	7282	7493
1750393200.4204378	122	7291	7512
1750393205.4343517	122	7304	7525
1750393210.4496737	122	7321	7541
1750393215.4675744	124	7338	7560
1750393220.4839604	124	7351	7577
1750393225.4987302	124	7364	7593
1750393230.5138016	126	7385	7604
1750393235.530703	126	7399	7615
1750393240.546343	127	7423	7630
1750393245.5623066	127	7435	7648
1750393250.5791385	127	7453	7666
1750393255.593487	127	7462	7678
1750393260.6088176	130	7475	7693
1750393265.632443	130	7495	7703
1750393270.6483243	130	7506	7717
1750393275.6641996	131	7517	7729
1750393280.680105	131	7533	7743
1750393285.6945322	131	7548	7756
1750393290.7102737	132	7566	7771
1750393295.7258315	132	7577	7784
1750393300.7424965	132	7592	7803
1750393305.7583694	132	7608	7820
1750393310.774595	133	7618	7834
1750393315.7883143	133	7631	7850
1750393320.804518	133	7644	7864
1750393325.8189096	135	7654	7877
1750393330.8341594	135	7668	7892
1750393335.8490903	135	7682	7905
1750393340.8714602	135	7696	7920
1750393345.889237	135	7713	7929
1750393350.904448	135	7728	7938
1750393355.919946	135	7739	7951
1750393360.9356172	135	7754	7965
1750393365.9513524	135	7765	7981
1750393370.9670513	135	7779	7991
1750393375.9809043	135	7793	8009
1750393380.9963295	136	7807	8028
1750393386.0123506	138	7823	8047
1750393391.028039	139	7837	8065
1750393396.0430315	139	7845	8075
1750393401.0587447	139	7853	8085
1750393406.075088	139	7867	8099
1750393411.0898745	139	7886	8121
1750393416.1049957	139	7906	8138
1750393421.120572	139	7911	8151
1750393426.1401446	139	7920	8168
1750393431.1544003	139	7942	8181
1750393436.1725855	139	7963	8196
1750393441.1883886	139	7972	8210
1750393446.20478	139	7983	8224
1750393451.2227538	139	7997	8234
1750393456.2396116	139	8005	8252
1750393461.2553875	139	8018	8263
1750393466.2710416	139	8030	8284
1750393471.2856574	139	8043	8302
1750393476.3006518	139	8056	8320
1750393481.317138	139	8071	8333
1750393486.3329268	139	8090	8347
1750393491.354813	140	8105	8369
1750393496.3701856	140	8122	8379
1750393501.3869724	140	8136	8386
1750393506.4035048	140	8146	8396
1750393511.421361	140	8159	8407
1750393516.4377131	140	8173	8425
1750393521.452966	140	8193	8445
1750393526.4692457	141	8203	8461
1750393531.485006	141	8214	8471
1750393536.5067487	141	8223	8485
1750393541.5219362	141	8236	8507
1750393546.5370705	142	8250	8519
1750393551.5508509	142	8264	8537
1750393556.5652761	142	8275	8552
1750393561.580869	142	8287	8568
1750393566.5953443	142	8307	8576
1750393571.6105182	143	8318	8596
1750393576.6271174	143	8333	8614
1750393581.6432865	143	8356	8622
1750393586.659015	143	8373	8638
1750393591.674802	143	8382	8655
1750393596.6895418	143	8397	8669
1750393601.7057168	143	8419	8684
1750393606.721808	144	8434	8696
1750393611.7369883	144	8443	8705
1750393616.7528672	144	8451	8725
1750393621.7692745	144	8472	8736
1750393626.7841077	145	8490	8753
1750393631.799525	146	8509	8763
1750393636.815575	146	8527	8777
1750393641.831425	146	8539	8791
1750393646.8461332	146	8555	8805
1750393651.8635266	146	8572	8815
1750393656.8800762	146	8582	8834
1750393661.8960705	146	8596	8850
1750393666.911559	146	8607	8865
1750393671.9267347	147	8617	8876
1750393676.941921	147	8629	8889
1750393681.956486	148	8652	8900
1750393686.9714947	148	8668	8911
1750393691.9880955	148	8680	8928
1750393697.0019348	148	8690	8942
1750393702.018327	148	8710	8953
1750393707.038382	148	8720	8967
1750393712.0548284	148	8734	8981
1750393717.072205	148	8757	8990
1750393722.0865953	148	8765	9005
1750393727.1060233	148	8775	9015
1750393732.1203926	148	8793	9023
1750393737.134254	148	8807	9040
1750393742.1487243	148	8827	9053
1750393747.1642163	149	8837	9071
1750393752.1783948	149	8851	9082
1750393757.1937902	151	8873	9091
1750393762.2098315	151	8886	9105
1750393767.2252595	151	8903	9123
1750393772.2425795	151	8917	9133
1750393777.2572932	152	8931	9149
1750393782.2815042	152	8949	9171
1750393787.2985504	152	8956	9196
1750393792.3142786	152	8969	9208
1750393797.3294756	152	8986	9227
1750393802.34544	152	8993	9242
1750393807.3614554	152	9013	9255
1750393812.3781986	153	9027	9280
1750393817.3940327	154	9037	9290
1750393822.4115083	155	9048	9309
1750393827.4348109	155	9067	9323
1750393832.4485407	155	9078	9340
1750393837.463822	155	9094	9356
1750393842.4812565	155	9108	9373
1750393847.4961023	156	9123	9384
1750393852.511792	157	9139	9399
1750393857.5271068	157	9152	9419
1750393862.542784	158	9170	9434
1750393867.5588803	158	9182	9447
1750393872.5753665	158	9194	9458
1750393877.591041	158	9205	9471
1750393882.6075416	158	9217	9485
1750393887.621703	159	9234	9497
1750393892.637333	159	9247	9517
1750393897.6517608	159	9262	9520
1750393902.667069	159	9283	9536
1750393907.681855	159	9295	9549
1750393912.6975274	159	9307	9562
1750393917.714389	159	9313	9578
1750393922.7309883	160	9340	9593
1750393927.7474737	161	9357	9607
1750393932.7630482	162	9372	9624
1750393937.7778988	162	9392	9645
1750393942.7955573	162	9407	9664
1750393947.8118236	162	9417	9672
1750393952.8293545	162	9431	9691
1750393957.843951	162	9443	9703
1750393962.8597322	163	9464	9714
1750393967.877163	163	9478	9727
1750393972.893458	163	9492	9744
1750393977.9088693	163	9501	9755
1750393982.9244573	165	9516	9777
1750393987.9394977	166	9528	9791
1750393992.956216	167	9542	9804
1750393997.9705076	167	9557	9825
1750394002.9855587	167	9568	9842
1750394008.0026977	168	9582	9854
1750394013.0167205	168	9591	9870
1750394018.0302393	168	9603	9884
1750394023.0438206	168	9614	9897
1750394028.0613887	168	9632	9915
1750394033.080818	168	9653	9928
1750394038.0948813	168	9668	9943
1750394043.1091304	170	9684	9963
1750394048.1228237	170	9698	9979
1750394053.1368353	170	9707	9988
1750394058.151438	170	9716	10002
1750394063.1661718	171	9733	10016
1750394068.1804554	171	9741	10033
1750394073.1947427	171	9756	10047
1750394078.2089162	171	9770	10065
1750394083.2232356	171	9786	10084
1750394088.2382944	172	9795	10100
1750394093.253922	172	9803	10119
1750394098.2692041	172	9817	10128
1750394103.2839599	173	9839	10138
1750394108.2992423	173	9855	10152
1750394113.3196096	173	9875	10163
1750394118.3343146	174	9895	10175
1750394123.3490076	174	9908	10189
1750394128.3640058	175	9926	10207
1750394133.3790874	175	9937	10228
1750394138.3941348	175	9948	10237
1750394143.408327	176	9958	10254
1750394148.4222844	176	9964	10261
1750394153.437813	176	9977	10271
1750394158.4548588	177	9990	10287
1750394163.4702473	177	10002	10304
1750394168.4857073	177	10021	10315
1750394173.5016484	177	10031	10323
1750394178.5181906	178	10045	10338
1750394183.5337052	179	10059	10363
1750394188.5507493	179	10072	10376
1750394193.5657687	179	10097	10383
1750394198.5814376	179	10112	10397
1750394203.5969722	179	10118	10411
1750394208.6134198	179	10131	10423
1750394213.6303158	179	10143	10440
1750394218.6457586	180	10159	10459
1750394223.6652331	181	10172	10473
1750394228.6795356	181	10199	10483
1750394233.7000906	181	10206	10504
1750394238.7150059	181	10219	10522
1750394243.7299602	181	10236	10538
1750394248.7442665	182	10256	10553
1750394253.7665634	183	10276	10575
1750394258.7879498	183	10293	10585
1750394263.804414	183	10313	10595
1750394268.8196168	183	10324	10611
1750394273.83474	183	10340	10622
1750394278.8509188	184	10361	10641
1750394283.8661227	184	10371	10656
1750394288.8809793	185	10386	10676
1750394293.896862	186	10402	10688
1750394298.912431	186	10412	10702
1750394303.9273615	186	10426	10716
1750394308.9441662	186	10437	10730
1750394313.9605386	187	10453	10745
1750394318.976242	187	10469	10757
1750394323.991746	187	10481	10777
1750394329.0067356	187	10500	10790
1750394334.0221183	187	10513	10804
1750394339.037731	187	10526	10815
1750394344.053006	187	10532	10833
1750394349.0675538	187	10553	10845
1750394354.0818012	187	10568	10865
1750394359.0998206	187	10580	10886
1750394364.1154644	188	10588	10898
1750394369.1381755	189	10598	10909
1750394374.1555576	189	10616	10919
1750394379.172866	190	10629	10939
1750394384.1896167	190	10645	10950
1750394389.2066965	191	10664	10965
1750394394.2217402	191	10676	10978
1750394399.2424107	191	10692	10985
1750394404.2644925	191	10706	11002
1750394409.2808933	191	10721	11015
1750394414.2967176	191	10741	11032
1750394419.314053	191	10755	11047
1750394424.3295617	191	10764	11058
1750394429.3451667	191	10783	11076
1750394434.363096	192	10794	11089
1750394439.381255	193	10812	11099
1750394444.3985171	194	10825	11122
1750394449.4146514	194	10835	11141
1750394454.4315968	195	10846	11159
1750394459.4470558	195	10864	11176
1750394464.462677	195	10878	11184
1750394469.4815278	195	10899	11199
1750394474.5030148	195	10913	11212
1750394479.5186632	196	10930	11226
1750394484.5343692	196	10939	11237
1750394489.553011	196	10950	11259
1750394494.5700085	196	10966	11265
1750394499.5859904	196	10981	11282
1750394504.6024256	196	10997	11297
1750394509.6180754	196	11015	11316
1750394514.63584	196	11036	11330
1750394519.6529458	196	11051	11348
1750394524.6695113	197	11064	11357
1750394529.6856663	197	11075	11372
1750394534.7031507	197	11084	11391
1750394539.7215245	197	11094	11404
1750394544.7372098	197	11109	11413
1750394549.7532623	198	11121	11422
1750394554.768852	198	11136	11440
1750394559.7858016	198	11148	11455
1750394564.8037148	198	11159	11472
1750394569.824239	198	11171	11486
1750394574.8414903	198	11181	11501
1750394579.8585236	198	11193	11515
1750394584.877384	198	11215	11528
1750394589.8936448	198	11229	11540
1750394594.92141	198	11241	11550
1750394599.9370272	200	11254	11564
1750394604.952804	201	11275	11580
1750394609.9689386	201	11296	11596
1750394614.9859555	201	11299	11608
1750394620.004261	201	11306	11621
1750394625.0210204	201	11316	11633
1750394630.0377736	202	11329	11644
1750394635.0544202	202	11340	11655
1750394640.0694344	202	11365	11667
1750394645.0845642	202	11378	11683
1750394650.1011338	203	11391	11695
1750394655.1163807	203	11401	11709
1750394660.137145	204	11414	11727
1750394665.1543348	204	11428	11742
1750394670.1715307	204	11443	11753
1750394675.1868527	204	11457	11764
1750394680.2021077	204	11472	11785
1750394685.219364	204	11484	11806
1750394690.23622	204	11504	11827
1750394695.2546628	204	11521	11840
1750394700.2714465	204	11538	11852
1750394705.2884758	206	11558	11867
1750394710.3049536	206	11569	11887
1750394715.331512	206	11580	11895
1750394720.3476713	206	11592	11905
1750394725.3642483	206	11607	11928
1750394730.3796787	206	11621	11938
1750394735.3955035	207	11641	11953
1750394740.412235	207	11658	11973
1750394745.4301012	208	11671	11987
1750394750.4461558	209	11683	11998
1750394755.4620237	209	11702	12012
1750394760.4790347	209	11713	12021
1750394765.4945657	209	11726	12033
1750394770.5112062	209	11741	12047
1750394775.5297885	209	11757	12070
1750394780.549724	209	11768	12080
1750394785.566189	209	11781	12095
1750394790.581352	210	11797	12116
1750394795.5986714	210	11808	12129
1750394800.61479	210	11825	12146
1750394805.6288302	210	11844	12157
1750394810.644205	210	11860	12174
1750394815.6586819	210	11876	12190
1750394820.673111	211	11888	12204
1750394825.693753	211	11901	12219
1750394830.7086458	211	11910	12238
1750394835.72339	211	11919	12248
1750394840.738072	211	11924	12266
1750394845.7534313	211	11939	12276
1750394850.7721705	211	11960	12289
1750394855.7871356	211	11975	12298
1750394860.8021183	211	11992	12315
1750394865.8173077	211	12001	12329
1750394870.8325596	211	12014	12341
1750394875.848467	211	12033	12356
1750394880.8643932	212	12050	12374
1750394885.880687	212	12061	12386
1750394890.898074	212	12080	12394
1750394895.9151983	212	12094	12408
1750394900.9316094	212	12109	12424
1750394905.947008	212	12121	12443
1750394910.9629307	212	12138	12456
1750394915.9781086	213	12158	12472
1750394920.9934962	213	12176	12488
1750394926.0098474	213	12187	12504
1750394931.0266654	213	12198	12514
1750394936.046984	213	12212	12531
1750394941.0617504	213	12233	12544
1750394946.0834413	213	12242	12554
1750394951.0985844	213	12259	12570
1750394956.1187792	213	12277	12579
1750394961.1356921	213	12292	12600
1750394966.1533015	214	12300	12617
1750394971.1709538	214	12311	12626
1750394976.1858926	214	12319	12644
1750394981.201855	214	12330	12660
1750394986.217776	215	12352	12676
1750394991.2439916	215	12359	12693
1750394996.2600625	215	12374	12712
1750395001.2753627	215	12385	12729
1750395006.2920244	215	12402	12741
1750395011.3094766	215	12414	12751
1750395016.3281634	215	12423	12767
1750395021.3436897	215	12438	12785
1750395026.3598316	215	12451	12803
1750395031.3767114	216	12461	12826
1750395036.3930619	217	12471	12847
1750395041.4078126	217	12480	12862
1750395046.4226437	218	12493	12881
1750395051.4373581	218	12506	12901
1750395056.4540782	218	12521	12911
1750395061.4701786	218	12532	12931
1750395066.4865837	218	12545	12945
1750395071.5039961	218	12559	12961
1750395076.5261757	218	12572	12978
1750395081.542139	218	12588	12989
1750395086.5573664	218	12598	13004
1750395091.572843	221	12614	13019
1750395096.588504	221	12627	13032
1750395101.6027005	221	12640	13041
1750395106.617432	221	12660	13051
1750395111.632749	221	12678	13064
1750395116.6477034	221	12695	13076
1750395121.6624184	221	12708	13091
1750395126.677212	221	12725	13099
1750395131.6919146	221	12739	13118
1750395136.7074435	221	12749	13127
1750395141.7231045	221	12760	13135
1750395146.738955	222	12775	13147
1750395151.7558212	222	12793	13152
1750395156.774233	224	12807	13166
1750395161.7928932	224	12822	13177
1750395166.8084939	225	12836	13189
1750395171.8281476	225	12849	13207
1750395176.8431265	225	12865	13224
1750395181.857345	226	12878	13242
1750395186.8719175	226	12896	13252
1750395191.89206	226	12913	13269
1750395196.913722	227	12934	13295
1750395201.9278421	227	12945	13304
1750395206.942626	227	12956	13312
1750395211.9573636	227	12969	13329
1750395216.972371	228	12983	13338
1750395221.98741	228	12993	13354
1750395227.0019705	229	13002	13368
1750395232.0168753	229	13015	13386
1750395237.033328	229	13029	13399
1750395242.048468	229	13047	13411
1750395247.0632982	229	13065	13428
1750395252.0773814	229	13077	13446
1750395257.0939298	229	13091	13461
1750395262.1112716	229	13106	13471
1750395267.128599	229	13125	13487
1750395272.1440995	230	13139	13503
1750395277.158916	230	13156	13528
1750395282.174806	230	13168	13543
1750395287.1908207	230	13184	13557
1750395292.2085443	230	13196	13566
1750395297.2317057	230	13207	13580
1750395302.246534	230	13219	13591
1750395307.2642756	230	13233	13603
1750395312.280125	230	13246	13614
1750395317.2957842	232	13258	13630
1750395322.3124475	232	13272	13649
1750395327.327745	232	13287	13660
1750395332.343002	232	13295	13678
1750395337.3578439	232	13306	13695
1750395342.3766243	232	13326	13709
1750395347.391774	233	13345	13724
1750395352.407043	233	13361	13737
1750395357.4229393	233	13381	13747
1750395362.438653	234	13397	13764
1750395367.4545145	234	13405	13777
1750395372.4774203	234	13416	13792
1750395377.4925961	234	13434	13807
1750395382.5128741	234	13447	13823
1750395387.5276055	234	13460	13838
1750395392.5424488	234	13471	13856
1750395397.5607858	234	13478	13869
1750395402.5774171	234	13493	13885
1750395407.5939827	234	13506	13894
1750395412.6102326	234	13525	13907
1750395417.6270602	234	13547	13927
1750395422.642804	234	13569	13946
1750395427.6575587	235	13583	13961
1750395432.6725428	235	13594	13976
1750395437.6942022	235	13609	13997
1750395442.71097	235	13622	14013
1750395447.7298148	236	13636	14034
1750395452.7448158	237	13654	14044
1750395457.7652807	238	13668	14063
1750395462.7805758	238	13678	14082
1750395467.7982054	238	13692	14094
1750395472.8136857	238	13711	14109
1750395477.8290274	238	13721	14122
1750395482.8442204	238	13728	14130
1750395487.858565	238	13738	14144
1750395492.8738775	239	13755	14157
1750395497.8901894	239	13770	14172
1750395502.9087255	240	13784	14190
1750395507.926074	240	13800	14213
1750395512.9481802	240	13814	14227
1750395517.9637234	240	13829	14241
1750395522.9805477	241	13844	14259
1750395527.9985027	242	13862	14274
1750395533.0141952	242	13874	14283
1750395538.0290904	242	13888	14296
1750395543.0447161	242	13903	14312
1750395548.060462	242	13916	14329
1750395553.0764112	242	13932	14339
1750395558.099139	242	13950	14358
1750395563.1136048	242	13968	14368
1750395568.129075	242	13979	14382
1750395573.1441464	242	13999	14398
1750395578.1597033	243	14018	14410
1750395583.1769974	243	14034	14424
1750395588.194991	244	14049	14446
1750395593.2104504	245	14075	14453
1750395598.2258909	245	14092	14468
1750395603.2418647	245	14101	14491
1750395608.2587225	245	14109	14497
1750395613.2806623	247	14130	14511
1750395618.2991347	247	14142	14524
1750395623.3141394	247	14159	14541
1750395628.329749	247	14174	14555
1750395633.3448586	247	14187	14567
1750395638.361714	248	14205	14584
1750395643.3778362	248	14215	14600
1750395648.396669	248	14228	14615
1750395653.4132767	248	14245	14626
1750395658.4330885	248	14259	14636
1750395663.4481187	248	14272	14652
1750395668.4633443	248	14286	14666
1750395673.478796	248	14302	14685
1750395678.4950433	248	14318	14710
1750395683.510852	248	14336	14722
1750395688.5267797	248	14348	14736
1750395693.5419736	248	14368	14750
1750395698.5594592	248	14378	14762
1750395703.5757084	248	14387	14777
1750395708.5920637	248	14401	14793
1750395713.607366	248	14412	14809
1750395718.622283	248	14425	14823
1750395723.645245	248	14442	14836
1750395728.6610875	248	14461	14848
1750395733.6772747	248	14470	14861
1750395738.694046	248	14484	14871
1750395743.7095144	248	14499	14889
1750395748.7262886	248	14512	14903
1750395753.741241	248	14535	14913
1750395758.7581983	248	14551	14927
1750395763.7742813	248	14566	14940
1750395768.789909	248	14578	14952
1750395773.8047273	249	14597	14971
1750395778.8193855	249	14616	14988
1750395783.8351898	249	14631	14995
1750395788.8535628	250	14647	15014
1750395793.8685217	250	14656	15030
1750395798.8832452	250	14675	15047
1750395803.8984692	250	14684	15063
1750395808.9168105	250	14703	15076
1750395813.931639	251	14719	15090
1750395818.9489782	251	14732	15101
1750395823.9645233	252	14748	15117
1750395828.980566	252	14762	15126
1750395833.9980285	252	14778	15140
1750395839.015205	252	14796	15153
1750395844.0354302	253	14816	15166
1750395849.0501535	253	14826	15181
1750395854.0666618	253	14845	15200
1750395859.0833902	253	14862	15214
1750395864.1003768	253	14879	15229
1750395869.117083	253	14893	15241
1750395874.1367395	254	14908	15254
1750395879.1536782	255	14919	15265
1750395884.1714692	255	14930	15282
1750395889.1879954	255	14944	15293
1750395894.2047405	255	14951	15311
1750395899.220314	255	14966	15321
1750395904.2362998	255	14976	15337
1750395909.2555547	255	14992	15359
1750395914.2718349	256	15009	15373
1750395919.288987	256	15018	15391
1750395924.3049588	257	15032	15403
1750395929.327801	257	15052	15418
1750395934.3441339	257	15062	15431
1750395939.3611348	257	15081	15447
1750395944.3784301	257	15093	15464
1750395949.395505	258	15105	15476
1750395954.4198093	259	15121	15492
1750395959.4355435	260	15134	15507
1750395964.4505167	261	15148	15528
1750395969.4654913	261	15157	15536
1750395974.4818285	261	15173	15551
1750395979.4979954	261	15179	15562
1750395984.5143282	261	15187	15584
1750395989.5350783	262	15205	15602
1750395994.5522528	262	15222	15615
1750395999.5685623	262	15234	15629
1750396004.585111	263	15256	15639
1750396009.6085591	265	15269	15656
1750396014.6246507	265	15282	15665
1750396019.6413271	266	15299	15681
1750396024.6577451	267	15317	15693
1750396029.6752331	267	15330	15701
1750396034.6920273	267	15345	15719
1750396039.7086382	268	15359	15736
1750396044.7254558	268	15369	15754
1750396049.7422638	269	15380	15771
1750396054.759191	269	15402	15785
1750396059.7761734	270	15419	15801
1750396064.7928796	272	15428	15819
1750396069.8096716	272	15441	15836
1750396074.8321524	273	15454	15858
1750396079.8489997	273	15475	15871
1750396084.8647478	274	15492	15884
1750396089.8800015	274	15501	15896
1750396094.8965476	274	15509	15910
1750396099.9130204	274	15525	15925
1750396104.9296176	274	15548	15940
1750396109.94569	274	15568	15950
1750396114.9627573	275	15583	15967
1750396119.978272	275	15597	15982
1750396124.9953272	275	15615	15992
1750396130.011746	275	15630	16008
1750396135.028934	275	15642	16028
1750396140.0497055	275	15655	16044
1750396145.0660646	275	15670	16055
1750396150.082137	275	15684	16069
1750396155.0983634	275	15705	16087
1750396160.1138995	277	15716	16104
1750396165.1305127	278	15728	16113
1750396170.1473188	278	15750	16128
1750396175.1642132	278	15765	16150
1750396180.1812363	278	15776	16161
1750396185.1970923	278	15784	16176
1750396190.211582	278	15795	16198
1750396195.226777	280	15812	16213
1750396200.2422059	280	15827	16223
1750396205.2587736	280	15850	16230
1750396210.2755475	281	15865	16241
1750396215.2923226	281	15876	16265
1750396220.3075073	281	15896	16277
1750396225.3274505	281	15907	16290
1750396230.3442824	281	15921	16305
1750396235.36119	281	15942	16327
1750396240.3781483	282	15953	16340
1750396245.3937495	283	15968	16351
1750396250.408039	283	15975	16364
1750396255.4229207	284	15993	16378
1750396260.439713	284	16009	16393
1750396265.4559977	284	16021	16405
1750396270.4727252	284	16037	16419
1750396275.489658	284	16055	16430
1750396280.5060499	284	16075	16447
1750396285.523743	285	16085	16458
1750396290.5477788	285	16103	16471
1750396295.5648546	286	16119	16484
1750396300.5815668	286	16128	16497
1750396305.5966933	288	16142	16513
1750396310.6135302	288	16151	16530
1750396315.6303468	289	16172	16547
1750396320.6473544	289	16193	16566
1750396325.6639435	289	16213	16583
1750396330.6809866	290	16234	16597
1750396335.704345	290	16244	16609
1750396340.7210739	290	16254	16625
1750396345.7375667	290	16275	16638
1750396350.753688	290	16286	16657
1750396355.7707882	290	16300	16670
1750396360.786748	290	16325	16675
1750396365.8043308	291	16335	16700
1750396370.820929	291	16350	16715
1750396375.8374496	291	16362	16732
1750396380.8524415	291	16377	16748
1750396385.868637	291	16390	16762
1750396390.8859193	292	16405	16781
1750396395.9042947	292	16416	16789
1750396400.9210641	292	16430	16803
1750396405.935683	292	16449	16820
1750396410.9518378	292	16461	16833
1750396415.9683976	292	16476	16845
1750396420.9929805	293	16493	16866
1750396426.0163999	293	16510	16877
1750396431.0314915	294	16520	16888
1750396436.0477033	295	16539	16902
1750396441.0651226	295	16549	16912
1750396446.082591	295	16563	16922
1750396451.0999367	295	16586	16933
1750396456.1172855	296	16601	16949
1750396461.133367	296	16618	16958
1750396466.1501038	296	16630	16973
1750396471.1669226	296	16644	16979
1750396476.1842747	296	16657	16999
1750396481.1995237	296	16678	17008
1750396486.2163115	296	16701	17024
1750396491.236442	298	16712	17041
1750396496.2517383	299	16731	17053
1750396501.2680442	299	16742	17070
1750396506.2834532	299	16759	17086
1750396511.2998471	299	16771	17104
1750396516.316427	299	16784	17120
1750396521.33702	299	16801	17130
1750396526.3548892	299	16818	17143
1750396531.371615	299	16836	17157
1750396536.3875396	299	16850	17170
1750396541.4049802	299	16860	17181
1750396546.4223032	300	16869	17200
1750396551.4387703	300	16880	17222
1750396556.4594438	300	16892	17245
1750396561.4739387	301	16907	17261
1750396566.488066	301	16921	17282
1750396571.5022824	302	16935	17301
1750396576.5166836	302	16950	17316
1750396581.5308685	303	16961	17334
1750396586.5453558	303	16974	17351
1750396591.5612605	304	16986	17367
1750396596.575637	304	16997	17387
1750396601.589808	305	17014	17404
1750396606.6042428	305	17027	17414
1750396611.618649	305	17042	17425
1750396616.632841	305	17056	17436
1750396621.6470463	305	17067	17450
1750396626.6612027	305	17083	17469
1750396631.6837652	307	17100	17488
1750396636.7045524	307	17107	17506
1750396641.71893	307	17124	17517
1750396646.7331326	307	17138	17530
1750396651.747251	307	17153	17545
1750396656.761552	307	17162	17556
1750396661.7756426	307	17174	17572
1750396666.7899735	307	17183	17585
1750396671.8062866	308	17212	17601
1750396676.8208008	309	17229	17625
1750396681.835139	309	17244	17639
1750396686.8519995	309	17255	17647
1750396691.866351	309	17270	17663
1750396696.8805473	309	17280	17675
1750396701.8946798	309	17296	17679
1750396706.9088993	309	17313	17692
1750396711.9230583	310	17330	17703
1750396716.937251	310	17346	17719
1750396721.9597244	310	17355	17734
1750396726.9737656	310	17365	17743
1750396731.9881043	311	17380	17754
1750396737.0020404	311	17392	17771
1750396742.0190237	311	17407	17788
1750396747.0331402	311	17427	17802
1750396752.0511618	311	17449	17815
1750396757.0653007	311	17461	17829
1750396762.0797765	311	17474	17844
1750396767.0991867	312	17486	17864
1750396772.1131968	312	17510	17882
1750396777.1273298	312	17520	17895
1750396782.1416998	312	17540	17911
1750396787.1561818	313	17557	17923
1750396792.1782196	313	17576	17935
1750396797.1921816	313	17586	17948
1750396802.2076306	313	17591	17961
1750396807.2216818	313	17605	17969
1750396812.235857	313	17618	17986
1750396817.2498372	313	17626	17997
1750396822.2706726	313	17643	18014
1750396827.2847838	313	17658	18024
1750396832.2992692	314	17677	18047
1750396837.313362	316	17690	18063
1750396842.334216	316	17706	18079
1750396847.3562217	316	17718	18096
1750396852.3705802	316	17725	18101
1750396857.3846154	316	17739	18115
1750396862.3989232	316	17751	18127
1750396867.4128726	316	17764	18136
1750396872.4325895	316	17784	18154
1750396877.446595	316	17798	18167
1750396882.4663556	316	17812	18185
1750396887.4807959	316	17826	18199
1750396892.4951158	316	17838	18215
1750396897.5093157	316	17846	18232
1750396902.5287626	316	17863	18249
1750396907.543142	316	17876	18261
1750396912.5575426	316	17895	18285
1750396917.5714808	317	17909	18291
1750396922.585958	317	17925	18303
1750396927.6001596	318	17934	18321
1750396932.614226	319	17945	18342
1750396937.6284983	319	17964	18352
1750396942.6490145	320	17972	18367
1750396947.6634595	320	17986	18384
1750396952.677605	320	18000	18394
1750396957.6919243	320	18015	18406
1750396962.706091	321	18034	18424
1750396967.72018	322	18053	18435
1750396972.7341876	322	18061	18451
1750396977.7482283	322	18082	18463
1750396982.7626398	322	18099	18475
1750396987.7765152	322	18108	18484
1750396992.7913597	322	18132	18497
1750396997.8054984	322	18149	18513
1750397002.8196785	323	18161	18525
1750397007.8336732	323	18178	18544
1750397012.8478239	323	18191	18556
1750397017.8622658	323	18200	18569
1750397022.8761165	323	18212	18583
1750397027.8910637	323	18225	18601
1750397032.905417	324	18238	18612
1750397037.9214084	324	18242	18634
1750397042.9382315	324	18258	18646
1750397047.9545476	324	18272	18664
1750397052.9700382	324	18285	18670
1750397057.987066	324	18305	18691
1750397063.002401	324	18320	18705
1750397068.0189664	324	18335	18727
1750397073.0371616	324	18353	18738
1750397078.0527122	324	18367	18747
1750397083.0687196	324	18377	18763
1750397088.0847616	324	18391	18781
1750397093.10221	324	18407	18796
1750397098.118371	324	18421	18811
1750397103.134227	324	18437	18827
1750397108.1493578	324	18446	18840
1750397113.1698363	324	18460	18858
1750397118.1846287	324	18473	18879
1750397123.2053509	324	18491	18899
1750397128.2214508	324	18506	18909
1750397133.2377603	324	18524	18923
1750397138.2529037	324	18533	18936
1750397143.2689033	324	18545	18947
1750397148.284798	324	18555	18963
1750397153.2996423	324	18570	18983
1750397158.3151832	324	18579	18998
1750397163.3311949	325	18600	19014
1750397168.3539636	325	18619	19025
1750397173.371537	325	18630	19038
1750397178.392026	325	18648	19050
1750397183.4076622	327	18664	19063
1750397188.4248123	328	18675	19078
1750397193.44024	328	18686	19095
1750397198.4559314	328	18700	19104
1750397203.4705439	328	18723	19113
1750397208.4851403	328	18734	19124
1750397213.5003617	328	18749	19140
1750397218.51757	328	18766	19151
1750397223.5328262	328	18778	19164
1750397228.5477796	329	18789	19176
1750397233.5687618	329	18798	19192
1750397238.5840566	329	18811	19205
1750397243.5990014	329	18823	19221
1750397248.61421	329	18834	19240
1750397253.629493	329	18846	19252
1750397258.6444604	329	18857	19265
1750397263.667989	329	18872	19279
1750397268.6847026	329	18882	19289
1750397273.7025032	329	18899	19299
1750397278.7195306	329	18913	19317
1750397283.7359796	329	18930	19335
1750397288.7523463	329	18947	19347
1750397293.767591	329	18963	19353
1750397298.788372	330	18982	19371
1750397303.8032134	330	19003	19385
1750397308.8191447	331	19017	19407
1750397313.8346546	331	19033	19421
1750397318.8506358	331	19057	19439
1750397323.8670764	331	19075	19459
1750397328.8889554	331	19091	19471
1750397333.9051526	331	19099	19489
1750397338.9205492	331	19122	19505
1750397343.9356456	331	19139	19517
1750397348.9520934	332	19155	19536
1750397353.9682562	332	19164	19550
1750397358.9833274	333	19177	19562
1750397364.0027552	333	19193	19575
1750397369.017767	333	19207	19588
1750397374.0331776	334	19221	19601
1750397379.0486958	334	19235	19619
1750397384.0635898	334	19247	19644
1750397389.0782342	335	19257	19656
1750397394.0979514	336	19273	19676
1750397399.113134	336	19285	19689
1750397404.1323233	336	19296	19698
1750397409.1476536	336	19309	19711
1750397414.1624763	336	19316	19723
1750397419.1775494	336	19337	19739
1750397424.1957614	337	19349	19755
1750397429.2156763	338	19360	19768
1750397434.231462	338	19372	19786
1750397439.2462935	338	19389	19796
1750397444.261463	338	19402	19810
1750397449.2769876	338	19419	19827
1750397454.2928813	338	19426	19842
1750397459.314394	338	19441	19855
1750397464.3284411	339	19461	19868
1750397469.3427522	339	19473	19882
1750397474.3571377	339	19485	19897
1750397479.3714776	340	19495	19915
1750397484.3855593	340	19508	19931
1750397489.399746	340	19525	19943
1750397494.414326	341	19540	19956
1750397499.428389	341	19548	19970
1750397504.4428065	343	19565	19987
1750397509.4569287	343	19583	19999
1750397514.4710288	344	19598	20011
1750397519.4851887	344	19610	20028
1750397524.499417	344	19627	20050
1750397529.5133033	344	19637	20074
1750397534.527601	344	19650	20088
1750397539.541895	344	19670	20109
1750397544.5558147	344	19684	20119
1750397549.5699472	344	19691	20130
1750397554.5840447	344	19714	20144
1750397559.5979745	345	19728	20157
1750397564.6127374	346	19744	20180
1750397569.6271987	346	19760	20190
1750397574.6415727	346	19771	20200
1750397579.6556275	346	19783	20215
1750397584.6761432	347	19796	20227
1750397589.6903145	347	19807	20241
1750397594.704264	347	19821	20262
1750397599.7184181	348	19832	20275
1750397604.7325916	348	19854	20291
1750397609.7469566	349	19865	20314
1750397614.764754	349	19887	20324
1750397619.7790983	349	19900	20337
1750397624.7982209	349	19913	20350
1750397629.8124578	349	19924	20359
1750397634.8266125	350	19938	20378
1750397639.844827	351	19951	20390
1750397644.8591468	353	19964	20407
1750397649.8731468	353	19980	20426
1750397654.8875186	353	19990	20444
1750397659.9019296	353	20003	20458
1750397664.9221787	353	20013	20472
1750397669.9364855	353	20030	20490
1750397674.950486	353	20046	20505
1750397679.9647315	353	20057	20526
1750397684.978859	353	20071	20540
1750397689.9929438	354	20084	20549
1750397695.0104363	355	20100	20567
1750397700.0248134	355	20110	20574
1750397705.0438838	355	20130	20587
1750397710.0579553	356	20144	20601
1750397715.0723047	356	20159	20614
1750397720.0910413	356	20171	20633
1750397725.1051474	356	20187	20651
1750397730.1191974	356	20198	20662
1750397735.1335895	357	20221	20681
1750397740.1475813	357	20235	20697
1750397745.1637046	358	20245	20711
1750397750.1778557	359	20268	20731
1750397755.19211	360	20285	20745
1750397760.206466	361	20303	20762
1750397765.22101	361	20314	20776
1750397770.2352366	361	20332	20791
1750397775.2495887	361	20346	20816
1750397780.2636302	361	20360	20828
1750397785.2777166	361	20369	20838
1750397790.2917888	361	20382	20854
1750397795.3120847	363	20400	20868
1750397800.3320763	363	20410	20879
1750397805.3461676	364	20422	20888
1750397810.3604045	364	20439	20904
1750397815.3746753	365	20453	20921
1750397820.389039	365	20471	20935
1750397825.4033275	365	20482	20947
1750397830.4176142	365	20493	20965
1750397835.4317756	365	20506	20980
1750397840.4461348	365	20526	20995
1750397845.4603095	365	20545	21010
1750397850.4745672	365	20558	21022
1750397855.4885426	368	20568	21037
1750397860.5025947	369	20591	21056
1750397865.516556	369	20603	21071
1750397870.5309732	369	20620	21080
1750397875.5510604	369	20627	21099
1750397880.5723288	369	20640	21115
1750397885.5862966	369	20660	21128
1750397890.600391	369	20680	21142
1750397895.614384	369	20700	21158
1750397900.6284952	369	20714	21165
1750397905.6428504	369	20731	21179
1750397910.6569002	369	20749	21193
1750397915.674053	369	20762	21199
1750397920.6883125	369	20770	21218
1750397925.7027676	369	20782	21232
1750397930.719431	369	20796	21243
1750397935.733692	369	20807	21259
1750397940.7487524	370	20829	21273
1750397945.765383	370	20844	21285
1750397950.781286	371	20861	21303
1750397955.796831	371	20878	21327
1750397960.812576	371	20894	21343
1750397965.8283803	371	20909	21357
1750397970.8441322	372	20924	21373
1750397975.8597758	373	20939	21391
1750397980.8769193	373	20955	21404
1750397985.893422	374	20973	21415
1750397990.9107537	374	20985	21436
1750397995.9277337	374	20997	21450
1750398000.9432805	374	21008	21466
1750398005.9602582	374	21018	21480
1750398010.9764082	374	21033	21495
1750398015.9914012	375	21052	21507
1750398021.0066667	376	21065	21523
1750398026.0234606	376	21081	21528
1750398031.0405216	376	21096	21542
1750398036.0570276	376	21113	21559
1750398041.076037	376	21133	21578
1750398046.0925133	376	21150	21592
1750398051.1077805	376	21168	21606
1750398056.1235278	376	21189	21622
1750398061.1394439	376	21194	21630
1750398066.1557198	376	21208	21644
1750398071.1771395	376	21223	21655
1750398076.1964161	376	21235	21666
1750398081.2124782	377	21245	21674
1750398086.227238	378	21261	21693
1750398091.2417738	378	21271	21709
1750398096.2568302	378	21283	21724
1750398101.274746	378	21293	21742
1750398106.2898545	378	21300	21762
1750398111.3060598	379	21322	21775
1750398116.3218157	380	21335	21787
1750398121.3378417	380	21350	21803
1750398126.3549378	380	21359	21818
1750398131.370978	381	21377	21836
1750398136.38569	382	21395	21850
1750398141.4045243	382	21410	21862
1750398146.4201114	382	21423	21876
1750398151.4355514	382	21431	21895
1750398156.4517176	382	21436	21910
1750398161.4667125	382	21448	21929
1750398166.4816885	382	21468	21946
1750398171.497786	382	21488	21963
1750398176.5145202	383	21499	21980
1750398181.5307472	383	21517	21996
1750398186.5540323	383	21525	22011
1750398191.5708299	383	21533	22026
1750398196.594494	383	21551	22038
1750398201.610052	384	21573	22058
1750398206.628338	384	21590	22073
1750398211.642995	385	21612	22090
1750398216.659353	385	21626	22101
1750398221.6749713	385	21636	22113
1750398226.6906302	385	21652	22134
1750398231.707926	386	21663	22154
1750398236.7249832	386	21675	22166
1750398241.7401934	386	21688	22172
1750398246.75888	386	21701	22180
1750398251.7837713	386	21711	22187
1750398256.8004265	386	21730	22202
1750398261.8162425	386	21738	22217
1750398266.8331127	388	21755	22235
1750398271.8573804	388	21772	22248
1750398276.8731425	388	21782	22266
1750398281.8884604	388	21793	22284
1750398286.905309	389	21805	22306
1750398291.922566	389	21819	22318
1750398296.938271	389	21833	22338
1750398301.9544504	389	21844	22357
1750398306.9704685	389	21854	22373
1750398311.9873023	389	21862	22384
1750398317.0035908	390	21876	22394
1750398322.0181668	390	21889	22411
1750398327.0343175	390	21908	22423
1750398332.0504434	390	21925	22439
1750398337.0718577	390	21938	22456
1750398342.0878031	391	21948	22465
1750398347.1021416	392	21962	22478
1750398352.117782	392	21970	22489
1750398357.1332679	392	21982	22497
1750398362.1489682	392	21999	22512
1750398367.1638975	392	22016	22530
1750398372.1800852	392	22028	22545
1750398377.1953502	392	22046	22561
1750398382.214386	393	22060	22577
1750398387.2316089	394	22075	22588
1750398392.2467856	394	22092	22599
1750398397.2617838	395	22111	22617
1750398402.2759016	396	22128	22630
1750398407.2901196	396	22146	22648
1750398412.3044803	397	22162	22663
1750398417.3194308	398	22177	22682
1750398422.334066	398	22196	22696
1750398427.3483331	398	22209	22708
1750398432.362305	399	22225	22720
1750398437.377078	399	22235	22730
1750398442.3913043	400	22253	22746
1750398447.4056323	400	22265	22758
1750398452.4198127	400	22288	22778
1750398457.4399717	400	22305	22793
1750398462.4609401	400	22319	22812
1750398467.477533	401	22335	22822
1750398472.4942546	401	22352	22835
1750398477.5098946	401	22365	22852
1750398482.526021	401	22386	22871
1750398487.5431232	401	22406	22893
1750398492.558171	401	22426	22912
1750398497.572278	401	22442	22928
1750398502.5931554	401	22452	22940
1750398507.6082413	401	22465	22953
1750398512.6232352	402	22476	22969
1750398517.6385837	403	22493	22985
1750398522.6551795	403	22501	22995
1750398527.6772406	404	22517	23009
1750398532.6928105	404	22534	23018
1750398537.7082415	404	22552	23028
1750398542.724644	404	22566	23044
1750398547.7404666	404	22583	23061
1750398552.7564507	404	22597	23083
1750398557.7770405	404	22611	23093
1750398562.793624	404	22625	23105
1750398567.8126264	405	22640	23119
1750398572.8275516	406	22653	23138
1750398577.8467987	408	22669	23157
1750398582.8618693	408	22680	23173
1750398587.8767207	408	22695	23191
1750398592.8923411	408	22714	23200
1750398597.906984	408	22724	23212
1750398602.92153	408	22735	23228
1750398607.936067	408	22751	23240
1750398612.9509003	408	22763	23262
1750398617.9684818	408	22777	23281
1750398622.9837399	408	22792	23296
1750398627.9992354	408	22813	23309
1750398633.0139027	408	22827	23324
1750398638.0289307	408	22850	23339
1750398643.0440392	410	22874	23356
1750398648.0591424	410	22881	23364
1750398653.0735323	410	22892	23380
1750398658.0879474	410	22905	23396
1750398663.1024954	410	22919	23410
1750398668.1214027	410	22932	23421
1750398673.1435182	410	22951	23437
1750398678.1590884	411	22963	23452
1750398683.1745439	411	22974	23462
1750398688.1900847	411	22990	23479
1750398693.2053995	413	23000	23502
1750398698.2209945	413	23018	23509
1750398703.2418761	413	23031	23525
1750398708.2570374	413	23040	23541
1750398713.279244	413	23055	23555
1750398718.2951953	413	23070	23562
1750398723.3128707	413	23097	23578
1750398728.3280418	413	23115	23595
1750398733.344155	413	23126	23607
1750398738.3613477	413	23142	23615
1750398743.376187	413	23157	23624
1750398748.3911817	413	23175	23645
1750398753.407323	414	23190	23653
1750398758.4228594	414	23209	23668
1750398763.4395554	414	23225	23680
1750398768.4553995	414	23236	23694
1750398773.4711707	414	23253	23715
1750398778.4861846	414	23267	23726
1750398783.5024786	414	23288	23741
1750398788.5189707	414	23305	23756
1750398793.5351448	414	23316	23770
1750398798.551044	415	23329	23782
1750398803.5660534	415	23348	23801
1750398808.582299	415	23370	23811
1750398813.598932	415	23377	23830
1750398818.618513	415	23389	23846
1750398823.6356676	415	23402	23862
1750398828.651053	415	23423	23873
1750398833.6670697	416	23433	23888
1750398838.6837852	416	23442	23903
1750398843.7004614	416	23461	23921
1750398848.719186	416	23481	23929
1750398853.7372735	416	23494	23940
1750398858.7579868	416	23504	23952
1750398863.7744448	416	23516	23964
1750398868.7918732	416	23530	23977
1750398873.8074849	416	23551	23990
1750398878.8255193	416	23564	24011
1750398883.8406143	416	23581	24029
1750398888.8569138	416	23592	24051
1750398893.873333	416	23604	24069
1750398898.89019	416	23619	24079
1750398903.9071703	416	23639	24091
1750398908.925028	416	23654	24105
1750398913.945566	416	23668	24115
1750398918.960049	416	23677	24126
1750398923.9741192	416	23689	24143
1750398928.9882376	417	23699	24166
1750398934.004118	417	23709	24179
1750398939.0205646	418	23719	24194
1750398944.0380266	418	23733	24210
1750398949.0552325	418	23746	24226
1750398954.0773706	420	23764	24240
1750398959.0939584	420	23777	24257
1750398964.110081	420	23798	24264
1750398969.1270468	420	23812	24275
1750398974.1442635	420	23824	24290
1750398979.1694221	420	23838	24304
1750398984.1856325	420	23853	24322
1750398989.2009847	420	23860	24340
1750398994.216956	420	23874	24351
1750398999.2332306	420	23889	24365
1750399004.2497518	421	23904	24379
1750399009.2674575	421	23922	24391
1750399014.2845047	423	23937	24407
1750399019.3010387	423	23956	24419
1750399024.317747	424	23969	24433
1750399029.333484	424	23980	24453
1750399034.349087	424	23992	24470
1750399039.3649027	424	24007	24489
1750399044.3872635	424	24018	24505
1750399049.402286	424	24032	24516
1750399054.4178069	424	24041	24529
1750399059.4328916	424	24053	24547
1750399064.4476416	424	24066	24565
1750399069.4625127	425	24082	24582
1750399074.4768786	425	24096	24598
1750399079.4916377	425	24110	24621
1750399084.506379	427	24129	24634
1750399089.5213635	427	24140	24649
1750399094.5362294	427	24155	24661
1750399099.5505435	427	24177	24682
1750399104.5654445	427	24191	24693
1750399109.5809357	428	24212	24705
1750399114.597627	428	24229	24720
1750399119.6143072	428	24239	24737
1750399124.6323843	430	24257	24747
1750399129.6479316	430	24277	24760
1750399134.664886	430	24291	24770
1750399139.681198	430	24306	24782
1750399144.6973715	430	24321	24799
1750399149.7136645	430	24332	24806
1750399154.7348137	431	24346	24818
1750399159.7511997	431	24359	24836
1750399164.7682958	431	24383	24846
1750399169.786179	431	24392	24860
1750399174.803354	432	24412	24875
1750399179.819919	432	24425	24892
1750399184.8351557	433	24444	24917
1750399189.8575673	433	24455	24933
1750399194.8752015	433	24466	24947
1750399199.8903677	433	24475	24961
1750399204.9067109	434	24488	24970
1750399209.9233623	434	24496	24985
1750399214.9396827	434	24509	24998
1750399219.9615343	434	24520	25009
1750399224.977086	435	24530	25020
1750399229.996687	435	24548	25033
1750399235.0119832	435	24564	25051
1750399240.028146	436	24577	25062
1750399245.044904	436	24586	25081
1750399250.0637019	438	24602	25093
1750399255.0851898	439	24612	25102
1750399260.100287	442	24627	25119
1750399265.1162727	442	24636	25145
1750399270.1321464	442	24653	25160
1750399275.1471393	442	24664	25168
1750399280.1637354	442	24677	25181
1750399285.1828766	442	24687	25199
1750399290.1978757	443	24705	25220
1750399295.2183366	443	24716	25237
1750399300.2331293	445	24730	25254
1750399305.247244	445	24741	25266
1750399310.2615445	445	24753	25281
1750399315.2806134	445	24768	25294
1750399320.3028138	445	24776	25310
1750399325.3170059	445	24789	25323
1750399330.3314943	445	24806	25332
1750399335.3456728	445	24820	25349
1750399340.3597684	445	24838	25363
1750399345.3778305	445	24853	25373
1750399350.3920074	446	24865	25386
1750399355.407299	446	24876	25397
1750399360.4216156	446	24889	25416
1750399365.4363196	446	24900	25427
1750399370.4506166	447	24914	25445
1750399375.4664505	448	24935	25459
1750399380.4805667	449	24948	25476
1750399385.4944928	449	24968	25484
1750399390.50875	449	24980	25489
1750399395.5312185	450	24991	25509
1750399400.552267	451	25009	25527
1750399405.5668113	451	25025	25544
1750399410.5810285	453	25040	25557
1750399415.5950356	453	25053	25572
1750399420.6093838	453	25062	25577
1750399425.6237261	454	25073	25592
1750399430.637388	454	25094	25605
1750399435.6564636	455	25105	25617
1750399440.6704931	455	25122	25634
1750399445.6849425	455	25145	25649
1750399450.6988962	455	25161	25661
1750399455.7163165	455	25170	25679
1750399460.7304602	455	25179	25691
1750399465.744467	455	25191	25706
1750399470.7583656	455	25205	25711
1750399475.7776628	455	25221	25721
1750399480.7990987	455	25233	25739
1750399485.8134816	455	25246	25753
1750399490.8275876	455	25262	25761
1750399495.8417332	457	25278	25774
1750399500.8559237	457	25290	25790
1750399505.8704083	457	25299	25804
1750399510.884524	457	25314	25820
1750399515.9005294	458	25327	25840
1750399520.9145703	458	25336	25853
1750399525.9288273	459	25349	25875
1750399530.9451036	460	25362	25889
1750399535.9593165	462	25375	25905
1750399540.9736416	463	25392	25913
1750399545.987699	463	25404	25927
1750399551.002067	463	25418	25945
1750399556.0223744	463	25429	25960
1750399561.0366266	463	25441	25970
1750399566.050727	463	25454	25984
1750399571.06502	463	25471	25998
1750399576.079121	464	25483	26011
1750399581.093038	465	25500	26029
1750399586.1090555	465	25518	26039
1750399591.1231406	465	25529	26051
1750399596.14299	465	25546	26063
1750399601.1573288	465	25554	26072
1750399606.17142	465	25569	26086
1750399611.1896513	465	25584	26098
1750399616.2035487	465	25600	26111
1750399621.2178543	467	25620	26121
1750399626.2318616	467	25628	26132
1750399631.2460177	467	25640	26147
1750399636.2644906	467	25653	26155
1750399641.2784333	467	25675	26174
1750399646.2958965	468	25690	26192
1750399651.3101764	468	25705	26207
1750399656.3242404	468	25715	26225
1750399661.3384635	468	25722	26244
1750399666.3545089	468	25733	26262
1750399671.3686512	468	25745	26273
1750399676.3827958	469	25758	26288
1750399681.3972194	469	25770	26308
1750399686.417067	469	25779	26326
1750399691.4373386	470	25791	26340
1750399696.451482	470	25803	26352
1750399701.465946	470	25817	26367
1750399706.4798954	471	25830	26386
1750399711.4942858	471	25844	26395
1750399716.508556	471	25851	26412
1750399721.5228467	471	25862	26427
1750399726.538913	471	25884	26438
1750399731.5529547	471	25897	26451
1750399736.5670443	471	25920	26460
1750399741.5811682	471	25941	26474
1750399746.598844	471	25953	26491
1750399751.6132057	471	25970	26499
1750399756.6273997	471	25979	26514
1750399761.6413603	472	25990	26527
1750399766.6551561	472	26007	26547
1750399771.669376	472	26022	26558
1750399776.69152	472	26040	26576
1750399781.7069309	472	26048	26593
1750399786.721619	472	26057	26613
1750399791.736649	473	26070	26628
1750399796.755889	473	26084	26640
1750399801.7714114	474	26098	26657
1750399806.7889547	474	26115	26670
1750399811.806123	474	26129	26683
1750399816.8217337	474	26146	26694
1750399821.8373356	474	26157	26715
1750399826.8527899	474	26181	26727
1750399831.8675585	474	26195	26742
1750399836.8828614	474	26210	26760
1750399841.8987172	474	26223	26770
1750399846.9155986	474	26240	26789
1750399851.9305465	475	26256	26802
1750399856.945386	475	26272	26823
1750399861.9603066	476	26286	26831
1750399866.9752326	476	26303	26846
1750399871.9902928	476	26321	26854
1750399877.005212	476	26338	26868
1750399882.0208552	476	26353	26882
1750399887.0392709	476	26367	26894
1750399892.0539937	476	26381	26914
1750399897.0689	476	26395	26927
1750399902.0865476	476	26410	26940
1750399907.1019266	476	26418	26957
1750399912.117685	476	26434	26973
1750399917.1328566	476	26453	26987
1750399922.1482618	476	26466	26999
1750399927.1640823	476	26478	27017
1750399932.186719	477	26497	27028
1750399937.2021866	477	26506	27039
1750399942.217737	477	26524	27048
1750399947.2328794	477	26546	27064
1750399952.2489212	477	26561	27076
1750399957.2648075	477	26571	27087
1750399962.2798593	477	26587	27103
1750399967.294969	477	26599	27116
1750399972.310646	477	26618	27129
1750399977.3265615	477	26628	27144
1750399982.342292	477	26644	27159
1750399987.3587394	477	26661	27172
1750399992.3753219	477	26677	27192
1750399997.3909302	477	26693	27207
1750400002.407425	478	26707	27227
1750400007.4241786	479	26729	27241
1750400012.4464934	479	26738	27257
1750400017.4617584	479	26753	27272
1750400022.4849868	479	26767	27288
1750400027.5006464	479	26777	27305
1750400032.520313	479	26796	27321
1750400037.53531	480	26811	27339
1750400042.5516098	481	26822	27356
1750400047.570789	483	26839	27375
1750400052.5869894	483	26852	27400
1750400057.6028056	483	26862	27410
1750400062.6195524	484	26886	27431
1750400067.635893	485	26898	27445
1750400072.653309	485	26910	27451
1750400077.6698828	485	26921	27470
1750400082.6853185	485	26941	27481
1750400087.707708	485	26954	27489
1750400092.726613	486	26966	27499
1750400097.7430809	486	26984	27512
1750400102.7596917	486	26997	27529
1750400107.7769384	486	27011	27540
1750400112.7922883	486	27024	27554
1750400117.8090267	486	27036	27570
1750400122.8250844	486	27046	27577
1750400127.8413374	487	27063	27594
1750400132.8657823	488	27074	27610
1750400137.8827364	489	27090	27625
1750400142.8993647	489	27098	27636
1750400147.9149141	489	27103	27649
1750400152.9304435	489	27113	27660
1750400157.9463685	489	27131	27670
1750400162.9628718	490	27145	27684
1750400167.9791884	491	27158	27696
1750400172.9947848	491	27175	27709
1750400178.0115397	492	27189	27729
1750400183.0279942	492	27199	27743
1750400188.0446053	493	27215	27761
1750400193.0619156	493	27226	27780
1750400198.0766647	493	27235	27794
1750400203.0928855	493	27250	27812
1750400208.1103237	493	27265	27821
1750400213.1275837	493	27274	27832
1750400218.143458	493	27285	27844
1750400223.1603231	493	27292	27861
1750400228.184897	493	27308	27881
1750400233.2014496	493	27321	27899
1750400238.217681	494	27333	27917
1750400243.2346294	494	27349	27936
1750400248.2520132	494	27366	27954
1750400253.2700083	494	27384	27968
1750400258.285471	494	27393	27980
1750400263.3019376	494	27417	27991
1750400268.319115	494	27433	27998
1750400273.33682	494	27448	28015
1750400278.3543942	495	27463	28028
1750400283.3690362	495	27481	28042
1750400288.3847756	495	27494	28053
1750400293.405998	495	27511	28062
1750400298.4234147	495	27518	28076
1750400303.440154	495	27531	28086
1750400308.4563415	495	27541	28098
1750400313.4726245	496	27558	28118
1750400318.4904873	497	27575	28132
1750400323.5074592	497	27585	28145
1750400328.5247214	497	27602	28160
1750400333.541426	498	27619	28174
1750400338.5587401	498	27629	28189
1750400343.5760336	498	27637	28202
1750400348.5982816	498	27657	28217
1750400353.6211605	498	27681	28232
1750400358.637303	498	27690	28250
1750400363.6559062	499	27705	28266
1750400368.671601	499	27726	28283
1750400373.696669	499	27739	28293
1750400378.7139697	499	27751	28314
1750400383.7289147	499	27767	28323
1750400388.7455328	500	27782	28343
1750400393.7608302	500	27798	28353
1750400398.777951	500	27822	28369
1750400403.7958045	500	27831	28387
1750400408.8141954	500	27844	28403
1750400413.8311229	501	27866	28421
1750400418.846289	501	27885	28444
1750400423.8630095	502	27901	28456
1750400428.8798034	502	27919	28466
1750400433.8969784	503	27934	28482
1750400438.9221785	503	27942	28496
1750400443.9379778	503	27955	28512
1750400448.9543393	503	27969	28524
1750400453.9714274	503	27985	28542
1750400458.9890912	503	28001	28548
1750400464.0049787	503	28009	28559
1750400469.0208023	504	28028	28575
1750400474.0373907	504	28042	28589
1750400479.053871	504	28057	28609
1750400484.0691967	505	28070	28629
1750400489.0865989	506	28081	28643
1750400494.102492	506	28095	28659
1750400499.1183944	506	28108	28674
1750400504.1433308	506	28118	28692
1750400509.1608582	506	28138	28715
1750400514.1771781	506	28151	28726
1750400519.19275	506	28167	28742
1750400524.2090712	506	28178	28759
1750400529.2267447	506	28192	28773
1750400534.2441633	506	28202	28788
1750400539.2614818	506	28216	28798
1750400544.2774684	506	28226	28815
1750400549.2936637	506	28244	28830
1750400554.3106432	506	28257	28846
1750400559.3285666	508	28278	28865
1750400564.3454866	508	28296	28881
1750400569.361955	509	28310	28896
1750400574.378491	509	28322	28907
1750400579.398958	509	28341	28920
1750400584.4166033	510	28361	28931
1750400589.4328907	510	28378	28945
1750400594.4492967	510	28394	28966
1750400599.4755042	510	28417	28975
1750400604.4926522	510	28431	28989
1750400609.509805	510	28446	29003
1750400614.5270658	510	28460	29015
1750400619.5437381	511	28480	29024
1750400624.5605438	511	28495	29034
1750400629.5774775	511	28507	29049
1750400634.5945394	511	28522	29066
1750400639.6121826	511	28532	29080
1750400644.6289291	511	28549	29100
1750400649.6447048	512	28569	29114
1750400654.6605637	512	28581	29127
1750400659.6773467	512	28598	29142
1750400664.702135	512	28613	29153
1750400669.7195363	512	28628	29164
1750400674.736807	512	28638	29172
1750400679.7538166	512	28650	29178
1750400684.7706356	513	28666	29202
1750400689.7871063	515	28678	29216
1750400694.8040185	515	28688	29234
1750400699.8210378	515	28699	29250
1750400704.8366275	515	28712	29269
1750400709.8510594	516	28726	29284
