1749521490.9356534	0	163	167
1749521495.9463704	0	179	180
1749521500.9586437	0	189	188
1749521505.971015	0	198	199
1749521510.9850383	0	213	206
1749521515.9995258	0	220	213
1749521521.0142648	0	230	224
1749521526.0267491	0	237	232
1749521531.0392385	0	255	245
1749521536.0520391	0	263	260
1749521541.0648582	0	272	271
1749521546.0796978	0	282	280
1749521551.0932124	0	290	295
1749521556.1081455	0	301	305
1749521561.1223845	0	308	315
1749521566.1371734	0	319	326
1749521571.153975	0	328	339
1749521576.1681452	0	337	352
1749521581.1831727	0	350	361
1749521586.1976476	0	361	368
1749521591.2115057	0	373	383
1749521596.2265663	0	384	394
1749521601.2411537	0	392	403
1749521606.255318	0	400	409
1749521611.2695189	0	413	423
1749521616.2820296	0	422	436
1749521621.3024368	0	430	442
1749521626.3171823	0	440	456
1749521631.331019	0	452	466
1749521636.348901	0	461	472
1749521641.3600867	0	469	478
1749521646.3730175	1	476	486
1749521651.391122	1	493	496
1749521656.4076743	1	509	505
1749521661.4211202	1	522	517
1749521666.4354148	1	532	528
1749521671.452531	1	544	537
1749521676.464645	1	558	545
1749521681.4789846	1	567	558
1749521686.4992642	1	579	566
1749521691.5133555	1	588	571
1749521696.528362	1	603	579
1749521701.5463767	1	617	588
1749521706.5606558	1	627	594
1749521711.5762494	1	638	603
1749521716.5902689	1	646	611
1749521721.604146	1	654	620
1749521726.6174023	1	671	628
1749521731.6303556	1	683	636
1749521736.6499708	1	694	643
1749521741.661536	1	709	655
1749521746.674031	1	722	666
1749521751.6852667	1	731	676
1749521756.697258	1	738	686
1749521761.711214	1	750	693
1749521766.7232602	1	759	702
1749521771.7343612	1	775	713
1749521776.7458088	1	785	724
1749521781.7589214	1	796	735
1749521786.7713609	1	802	746
1749521791.7855623	1	810	755
1749521796.7968695	1	822	762
1749521801.8098948	1	831	774
1749521806.8221455	1	842	788
1749521811.836655	1	853	798
1749521816.8518124	1	864	812
1749521821.8661082	1	880	824
1749521826.8799868	1	886	831
1749521831.8945704	1	900	839
1749521836.9176264	1	913	847
1749521841.931563	1	918	857
1749521846.953306	1	926	870
1749521851.968138	1	943	881
1749521856.9826846	1	953	894
1749521861.9973311	2	960	911
1749521867.0167634	2	970	920
1749521872.030467	2	983	931
1749521877.045505	2	1000	946
1749521882.0675683	2	1005	957
1749521887.0797684	2	1016	964
1749521892.0914345	2	1033	980
1749521897.1049042	2	1045	994
1749521902.116563	2	1057	1007
1749521907.1333563	2	1067	1017
1749521912.1455116	2	1075	1025
1749521917.156807	2	1084	1037
1749521922.1678982	2	1097	1048
1749521927.1791482	2	1111	1058
1749521932.1923172	2	1124	1072
1749521937.204306	2	1135	1077
1749521942.215853	2	1143	1083
1749521947.229666	3	1160	1092
1749521952.2435367	3	1170	1103
1749521957.2631245	3	1180	1107
1749521962.2750585	3	1187	1113
1749521967.286164	3	1193	1126
1749521972.2963545	3	1205	1138
1749521977.3078387	3	1221	1144
1749521982.319034	3	1227	1153
1749521987.3323877	3	1233	1163
1749521992.3493912	3	1244	1173
1749521997.3670716	3	1252	1184
1749522002.3801484	3	1265	1196
1749522007.3936443	3	1280	1210
1749522012.4073045	3	1294	1222
1749522017.4206145	3	1302	1233
1749522022.4336777	3	1309	1238
1749522027.4470441	3	1322	1253
1749522032.4600213	3	1332	1266
1749522037.4719465	3	1341	1277
1749522042.484024	3	1349	1287
1749522047.4973001	3	1366	1296
1749522052.5097106	3	1380	1308
1749522057.5213246	3	1387	1319
1749522062.5364172	3	1398	1328
1749522067.5496492	3	1414	1343
1749522072.5659027	3	1434	1355
1749522077.5787828	3	1443	1367
1749522082.5898817	3	1454	1377
1749522087.6025147	3	1465	1390
1749522092.6159463	3	1472	1399
1749522097.6292446	3	1486	1408
1749522102.643158	3	1498	1415
1749522107.6576807	3	1507	1425
1749522112.670808	3	1517	1437
1749522117.6848743	3	1527	1451
1749522122.6987712	3	1533	1460
1749522127.713168	3	1546	1477
1749522132.727181	3	1563	1488
1749522137.7413325	4	1583	1503
1749522142.7536016	4	1594	1514
1749522147.7675679	4	1603	1521
1749522152.7832386	4	1613	1533
1749522157.7947333	4	1624	1545
1749522162.8082585	4	1634	1557
1749522167.8304543	4	1646	1566
1749522172.84287	4	1659	1581
1749522177.8562698	4	1670	1591
1749522182.8768256	4	1678	1595
1749522187.8882642	4	1684	1606
1749522192.9017558	4	1690	1614
1749522197.9143932	4	1701	1632
1749522202.9278688	4	1712	1645
1749522207.9399738	4	1721	1657
1749522212.9517515	4	1737	1666
1749522217.9648976	4	1753	1677
1749522222.982868	4	1762	1689
1749522227.994047	4	1777	1699
1749522233.004749	4	1788	1704
1749522238.0174532	4	1800	1718
1749522243.0296996	4	1813	1727
1749522248.0464325	4	1828	1734
1749522253.0589495	4	1841	1741
1749522258.0718868	4	1851	1751
1749522263.085021	4	1858	1769
1749522268.0967429	4	1866	1777
1749522273.107861	4	1875	1790
1749522278.1206899	5	1882	1797
1749522283.1334653	5	1890	1805
1749522288.1468952	5	1902	1813
1749522293.1587212	5	1910	1821
1749522298.1765022	5	1920	1836
1749522303.1892705	5	1930	1846
1749522308.2024286	5	1937	1853
1749522313.215867	5	1948	1873
1749522318.2271533	5	1960	1889
1749522323.2373571	5	1971	1904
1749522328.2500772	5	1979	1916
1749522333.2642064	5	1991	1926
1749522338.2804263	5	1998	1938
1749522343.292409	5	2016	1951
1749522348.3061755	5	2024	1965
1749522353.3193944	5	2037	1974
1749522358.33298	5	2052	1985
1749522363.354711	5	2058	1991
1749522368.3679895	5	2073	2000
1749522373.3812416	5	2086	2011
1749522378.3995304	5	2097	2018
1749522383.4112341	5	2107	2028
1749522388.4245605	5	2114	2042
1749522393.4367545	5	2128	2060
1749522398.4487278	5	2138	2068
1749522403.4611	5	2147	2077
1749522408.4734945	5	2161	2085
1749522413.4868267	5	2177	2094
1749522418.5065784	5	2188	2104
1749522423.5185437	5	2195	2113
1749522428.5310783	5	2214	2125
1749522433.5449247	5	2226	2136
1749522438.5567975	5	2241	2142
1749522443.5747154	5	2250	2149
1749522448.587074	5	2266	2160
1749522453.5986779	5	2275	2165
1749522458.61011	5	2292	2178
1749522463.6239626	5	2303	2191
1749522468.6364422	5	2309	2202
1749522473.6501782	5	2317	2214
1749522478.6627135	5	2326	2231
1749522483.6781232	5	2338	2244
1749522488.6908228	5	2346	2263
1749522493.7045043	5	2360	2273
1749522498.7172089	5	2370	2290
1749522503.7289724	5	2378	2305
1749522508.7467756	5	2390	2314
1749522513.759747	5	2401	2323
1749522518.7710764	5	2413	2331
1749522523.790758	5	2431	2336
1749522528.8046644	5	2445	2341
1749522533.817157	5	2456	2349
1749522538.8292224	5	2467	2363
1749522543.842491	5	2476	2373
1749522548.8571029	5	2486	2386
1749522553.8700647	5	2498	2394
1749522558.8816338	5	2508	2406
1749522563.8982308	5	2523	2418
1749522568.9092193	5	2535	2429
1749522573.9211767	5	2546	2438
1749522578.9348004	5	2554	2444
1749522583.9478245	5	2568	2453
1749522588.9669456	5	2584	2464
1749522593.9777575	5	2591	2477
1749522598.990468	5	2609	2488
1749522604.002136	5	2618	2494
1749522609.0147438	5	2623	2510
1749522614.028641	5	2635	2518
1749522619.0419443	5	2650	2528
1749522624.0552528	5	2661	2541
1749522629.0751383	5	2672	2544
1749522634.0871809	5	2682	2554
1749522639.0996637	5	2692	2567
1749522644.1128633	5	2702	2580
1749522649.1262596	5	2719	2594
1749522654.140346	5	2736	2599
1749522659.153836	5	2744	2614
1749522664.1662273	5	2755	2625
1749522669.1792789	5	2771	2640
1749522674.1905358	5	2781	2650
1749522679.2031424	5	2788	2662
1749522684.2137585	5	2800	2678
1749522689.2267323	5	2811	2689
1749522694.2395062	5	2819	2697
1749522699.252617	5	2829	2708
1749522704.2711008	5	2839	2718
1749522709.2851408	5	2855	2724
1749522714.2988317	5	2862	2732
1749522719.319131	5	2869	2743
1749522724.3320246	5	2885	2751
1749522729.346128	5	2895	2763
1749522734.3671982	5	2904	2772
1749522739.3803718	5	2909	2781
1749522744.3936965	5	2925	2791
1749522749.4058063	5	2933	2798
1749522754.4189992	5	2941	2809
1749522759.4319322	5	2953	2820
1749522764.4456215	5	2967	2833
1749522769.458554	5	2978	2838
1749522774.4753091	5	2989	2847
1749522779.4884925	5	3003	2855
1749522784.5033092	5	3018	2864
1749522789.5162194	5	3030	2869
1749522794.5296776	5	3043	2878
1749522799.5406947	5	3054	2888
1749522804.5536442	5	3073	2897
1749522809.5669622	5	3086	2905
1749522814.5802376	5	3100	2910
1749522819.593569	5	3111	2920
1749522824.6072202	5	3120	2933
1749522829.6214218	5	3140	2942
1749522834.635983	5	3157	2952
1749522839.6529865	5	3168	2961
1749522844.6662242	5	3172	2967
1749522849.6798525	5	3184	2975
1749522854.6925511	5	3191	2980
1749522859.7060702	5	3212	2997
1749522864.719359	5	3219	3006
1749522869.7328181	5	3228	3015
1749522874.7464945	5	3236	3022
1749522879.7658024	5	3251	3030
1749522884.7789726	5	3266	3040
1749522889.793498	5	3276	3048
1749522894.814086	5	3284	3060
1749522899.8286283	5	3294	3069
1749522904.8420992	5	3305	3084
1749522909.862978	5	3320	3098
1749522914.8767204	5	3334	3110
1749522919.8910067	5	3341	3119
1749522924.9043558	5	3353	3128
1749522929.9186869	5	3364	3139
1749522934.9301212	5	3376	3154
1749522939.943179	5	3385	3166
1749522944.9573307	5	3392	3174
1749522949.9707928	5	3397	3187
1749522954.9898214	5	3408	3199
1749522960.0010724	5	3420	3209
1749522965.0139475	5	3425	3219
1749522970.027502	5	3434	3227
1749522975.0414336	5	3448	3240
1749522980.0598736	5	3457	3250
1749522985.0736244	5	3466	3264
1749522990.0870094	5	3479	3272
1749522995.1059027	5	3497	3283
1749523000.1192677	5	3508	3292
1749523005.1327732	5	3522	3307
1749523010.1492534	5	3533	3315
1749523015.162588	5	3539	3324
1749523020.176739	5	3550	3330
1749523025.1902173	5	3559	3339
1749523030.2039084	5	3572	3346
1749523035.21657	5	3583	3356
1749523040.2307892	5	3594	3366
1749523045.2446065	5	3608	3382
1749523050.2643764	5	3617	3392
1749523055.2776425	5	3633	3397
1749523060.2908201	5	3640	3412
1749523065.303875	5	3656	3427
1749523070.3170216	5	3671	3435
1749523075.3305326	5	3680	3447
1749523080.3414261	5	3688	3461
1749523085.3546386	5	3705	3472
1749523090.367747	5	3716	3487
1749523095.382008	5	3724	3492
1749523100.3951204	5	3734	3497
1749523105.4082077	5	3740	3507
1749523110.419573	5	3753	3516
1749523115.4392846	5	3762	3524
1749523120.4522145	5	3768	3533
1749523125.4654512	5	3782	3540
1749523130.478588	5	3795	3548
1749523135.4928606	5	3810	3557
1749523140.505193	5	3821	3571
1749523145.5184615	5	3833	3587
1749523150.5316372	5	3841	3593
1749523155.550347	5	3854	3607
1749523160.561869	5	3864	3619
1749523165.5750408	5	3868	3629
1749523170.5864701	5	3883	3637
1749523175.599131	5	3893	3649
1749523180.6125357	5	3903	3665
1749523185.624097	5	3912	3675
1749523190.636939	5	3920	3685
1749523195.6497605	5	3933	3698
1749523200.662737	5	3949	3712
1749523205.6767724	5	3962	3723
1749523210.6886592	5	3969	3734
1749523215.7004123	5	3979	3749
1749523220.7139626	5	3990	3759
1749523225.727338	5	4006	3767
1749523230.738774	5	4023	3784
1749523235.751807	5	4033	3794
1749523240.7635694	5	4044	3808
1749523245.776058	5	4050	3822
1749523250.787936	5	4060	3835
1749523255.8079836	5	4072	3845
1749523260.8210428	5	4084	3856
1749523265.833874	5	4096	3867
1749523270.8467534	5	4105	3880
1749523275.8601978	5	4116	3891
1749523280.8739562	5	4128	3907
1749523285.8863523	5	4142	3923
1749523290.900838	5	4152	3934
1749523295.9153557	5	4170	3949
1749523300.927639	5	4187	3968
1749523305.9416084	5	4193	3975
1749523310.9536607	5	4209	3981
1749523315.9660757	5	4221	3991
1749523320.9763067	5	4226	4005
1749523325.9878206	5	4236	4018
1749523330.9994402	5	4245	4032
1749523336.0118296	5	4256	4045
1749523341.0256279	5	4266	4053
1749523346.041016	5	4286	4060
1749523351.0558844	5	4289	4070
1749523356.0762746	5	4305	4084
1749523361.0967503	5	4313	4097
1749523366.1097043	5	4323	4106
1749523371.1227386	5	4338	4117
1749523376.1363244	5	4348	4133
1749523381.1477354	5	4353	4146
1749523386.1677177	5	4366	4161
1749523391.1793544	5	4383	4169
1749523396.1912403	5	4395	4174
1749523401.2026424	5	4406	4185
1749523406.2157965	5	4420	4197
1749523411.2294743	5	4431	4211
1749523416.242538	5	4445	4223
1749523421.2543306	5	4452	4232
1749523426.272217	5	4462	4241
1749523431.2851741	5	4471	4257
1749523436.2973711	5	4481	4269
1749523441.3092113	5	4490	4280
1749523446.320451	5	4500	4293
1749523451.3319774	5	4515	4305
1749523456.344096	5	4526	4317
1749523461.3569329	5	4535	4326
1749523466.3691792	5	4550	4338
1749523471.3827548	5	4559	4345
1749523476.3965387	5	4565	4356
1749523481.40984	5	4574	4366
1749523486.422437	5	4590	4378
1749523491.4350688	5	4602	4392
1749523496.4488733	5	4611	4401
1749523501.4620779	5	4621	4408
1749523506.474137	5	4637	4414
1749523511.4944053	5	4646	4424
1749523516.5052311	5	4656	4435
1749523521.5153863	5	4665	4448
1749523526.5278358	5	4673	4456
1749523531.5410035	5	4686	4463
1749523536.557769	5	4694	4470
1749523541.573529	5	4706	4481
1749523546.5870657	5	4716	4489
1749523551.5994856	5	4728	4497
1749523556.6123576	5	4734	4513
1749523561.6248972	5	4748	4524
1749523566.6370013	5	4763	4534
1749523571.6482544	5	4777	4551
1749523576.6695883	5	4791	4562
1749523581.6828065	5	4807	4572
1749523586.6945722	5	4817	4582
1749523591.7063804	5	4827	4596
1749523596.7200375	5	4840	4611
1749523601.7309582	5	4842	4617
1749523606.7437851	5	4855	4629
1749523611.7562554	5	4865	4633
1749523616.7678432	5	4869	4645
1749523621.78057	5	4876	4655
1749523626.7945101	5	4889	4663
1749523631.8064148	5	4899	4676
1749523636.8191755	5	4906	4686
1749523641.8317988	5	4920	4699
1749523646.8447998	5	4928	4712
1749523651.8568182	5	4934	4722
1749523656.8697274	5	4940	4735
1749523661.8832064	5	4950	4742
1749523666.8967576	5	4965	4754
1749523671.909634	5	4975	4770
1749523676.9259293	5	4983	4782
1749523681.938685	5	4993	4790
1749523686.9521537	5	5002	4799
1749523691.9655092	5	5017	4807
1749523696.97803	5	5026	4812
1749523701.9909744	5	5039	4826
1749523707.0041203	5	5044	4836
1749523712.0172951	5	5049	4849
1749523717.0347981	5	5060	4862
1749523722.0479434	5	5067	4869
1749523727.0595932	5	5078	4883
1749523732.0727217	5	5089	4890
1749523737.0836623	5	5099	4905
1749523742.101892	5	5100	4911
1749523747.1164665	5	5115	4926
1749523752.1293445	5	5124	4937
1749523757.151666	5	5137	4947
1749523762.1648028	5	5147	4956
1749523767.1783526	5	5160	4964
1749523772.1918283	5	5175	4972
1749523777.2045157	5	5189	4984
1749523782.21829	5	5197	4996
1749523787.2316687	5	5207	5006
1749523792.245094	5	5218	5016
1749523797.2622888	5	5229	5025
1749523802.275946	5	5245	5037
1749523807.2903078	5	5254	5042
1749523812.3123047	5	5264	5056
1749523817.3263035	5	5274	5067
1749523822.3400588	5	5279	5076
1749523827.3622446	5	5286	5085
1749523832.3770635	5	5298	5094
1749523837.3887243	5	5305	5103
1749523842.4052892	5	5313	5117
1749523847.4204175	5	5327	5126
1749523852.4332745	5	5340	5139
1749523857.4514408	5	5351	5153
1749523862.4642985	5	5362	5168
1749523867.4778135	5	5375	5183
1749523872.4912736	5	5391	5198
1749523877.5041585	5	5403	5215
1749523882.5170047	5	5411	5223
1749523887.5298522	5	5431	5237
1749523892.5431285	5	5447	5246
1749523897.556672	5	5455	5259
1749523902.5697663	5	5465	5269
1749523907.5840855	5	5478	5276
1749523912.5971584	5	5489	5281
1749523917.6090972	5	5500	5293
1749523922.6292052	5	5510	5309
1749523927.6426787	5	5522	5320
1749523932.6558888	5	5532	5329
1749523937.668914	5	5545	5345
1749523942.6821845	5	5558	5357
1749523947.6964884	5	5568	5371
1749523952.7106993	5	5580	5386
1749523957.7238538	5	5589	5397
1749523962.7372952	5	5604	5408
1749523967.751621	5	5614	5425
1749523972.7658136	5	5622	5441
1749523977.7863865	5	5631	5450
1749523982.7993999	5	5642	5462
1749523987.8125286	5	5653	5469
1749523992.8258812	5	5668	5476
1749523997.8392167	5	5678	5486
1749524002.8564425	5	5687	5499
1749524007.8693745	5	5703	5506
1749524012.882741	5	5712	5518
1749524017.8972826	5	5720	5535
1749524022.9112542	5	5733	5541
1749524027.9240584	5	5739	5552
1749524032.9375024	5	5748	5573
1749524037.9514658	5	5756	5583
1749524042.9648755	5	5772	5599
1749524047.9790597	5	5785	5606
1749524052.9924314	5	5794	5612
1749524058.0062346	5	5804	5624
1749524063.0196757	5	5815	5634
1749524068.034688	5	5831	5648
1749524073.0460649	5	5841	5655
1749524078.0597706	5	5852	5663
1749524083.0736918	5	5857	5670
1749524088.0872834	5	5868	5683
1749524093.0980194	5	5877	5688
1749524098.1106863	5	5890	5696
1749524103.125151	5	5895	5708
1749524108.1411824	5	5903	5717
1749524113.1555486	5	5915	5723
1749524118.1697726	5	5926	5729
1749524123.1832585	5	5934	5737
1749524128.1971374	5	5938	5744
1749524133.216116	6	5954	5752
1749524138.2307177	6	5966	5765
1749524143.2448564	6	5974	5772
1749524148.2656982	6	5983	5782
1749524153.2800157	6	5996	5789
1749524158.2940502	6	6006	5797
1749524163.3130014	6	6017	5808
1749524168.3260252	6	6029	5818
1749524173.340001	6	6036	5829
1749524178.360615	6	6049	5834
1749524183.3733597	6	6057	5845
1749524188.3861802	6	6066	5854
1749524193.399194	6	6073	5862
1749524198.4125197	6	6086	5874
1749524203.4261246	6	6094	5887
1749524208.438292	6	6111	5895
1749524213.4514353	6	6117	5903
1749524218.4658208	6	6124	5912
1749524223.4800515	6	6137	5921
1749524228.494035	6	6148	5931
1749524233.5074644	6	6159	5944
1749524238.5217588	6	6170	5952
1749524243.5354764	6	6183	5963
1749524248.548977	6	6195	5971
1749524253.5628161	6	6211	5985
1749524258.5769684	6	6221	6000
1749524263.5901294	6	6232	6009
1749524268.6088693	6	6244	6018
1749524273.6212554	6	6257	6026
1749524278.634156	6	6260	6036
1749524283.6478093	6	6273	6048
1749524288.662863	6	6281	6065
1749524293.6768374	6	6291	6080
1749524298.6904483	6	6297	6092
1749524303.7038965	6	6306	6099
1749524308.7147505	6	6314	6105
1749524313.727712	6	6325	6111
1749524318.7424595	6	6342	6123
1749524323.7577708	6	6351	6133
1749524328.7730627	6	6366	6139
1749524333.7877743	6	6377	6147
1749524338.801103	6	6390	6154
1749524343.814991	6	6403	6164
1749524348.8288815	6	6413	6171
1749524353.8429422	6	6423	6177
1749524358.8562036	6	6435	6186
1749524363.8701513	6	6447	6198
1749524368.883871	6	6455	6206
1749524373.9028513	6	6465	6221
1749524378.9170911	6	6471	6232
1749524383.9314644	7	6480	6240
1749524388.9519126	7	6493	6252
1749524393.9662964	7	6502	6263
1749524398.9794447	7	6510	6273
1749524404.0013542	7	6526	6280
1749524409.0152564	7	6536	6288
1749524414.026964	7	6546	6297
1749524419.0411108	7	6557	6310
1749524424.0549364	7	6579	6329
1749524429.068924	7	6592	6338
1749524434.0830712	7	6603	6350
1749524439.097049	7	6617	6368
1749524444.115044	7	6630	6380
1749524449.1335046	7	6641	6395
1749524454.1467755	7	6653	6402
1749524459.1600275	7	6663	6411
1749524464.1754405	7	6674	6417
1749524469.188805	7	6688	6426
1749524474.2076077	7	6701	6435
1749524479.2203288	7	6711	6444
1749524484.2332823	7	6721	6456
1749524489.2469704	7	6730	6468
1749524494.2595541	7	6745	6488
1749524499.2733958	7	6759	6501
1749524504.287503	7	6767	6511
1749524509.3016887	7	6778	6519
1749524514.3145247	7	6788	6527
1749524519.3249662	7	6798	6532
1749524524.3415537	7	6811	6543
1749524529.3560848	7	6825	6552
1749524534.370017	7	6836	6564
1749524539.3898861	7	6848	6580
1749524544.4038887	7	6857	6595
1749524549.4170039	7	6868	6602
1749524554.435061	7	6880	6611
1749524559.4485204	7	6891	6621
1749524564.4616196	7	6903	6632
1749524569.4727867	7	6916	6641
1749524574.4861631	7	6931	6652
1749524579.4989219	7	6947	6667
1749524584.5128112	7	6958	6678
1749524589.526207	7	6971	6689
1749524594.5459592	7	6980	6701
1749524599.5595932	7	6989	6715
1749524604.5726383	7	7000	6724
1749524609.5855505	7	7006	6734
1749524614.5992427	7	7022	6745
1749524619.618979	7	7033	6752
1749524624.6325457	7	7035	6763
1749524629.6460586	7	7041	6779
1749524634.6644747	7	7058	6787
1749524639.6761463	7	7067	6801
1749524644.6887977	7	7081	6818
1749524649.7001445	7	7093	6830
1749524654.7135508	7	7109	6845
1749524659.7271338	7	7124	6850
1749524664.7416165	7	7132	6861
1749524669.7533762	7	7143	6866
1749524674.7767372	7	7153	6875
1749524679.7910903	7	7162	6883
1749524684.8044796	7	7179	6889
1749524689.8177	7	7192	6899
1749524694.8310678	7	7200	6917
1749524699.8450637	7	7215	6924
1749524704.8582814	7	7227	6936
1749524709.8716567	7	7240	6947
1749524714.8887174	7	7249	6954
1749524719.9022748	7	7256	6960
1749524724.9153209	7	7266	6966
1749524729.936608	7	7276	6971
1749524734.9499137	7	7289	6985
1749524739.9633741	7	7295	6998
1749524744.9844077	7	7306	7004
1749524749.9959896	7	7312	7017
1749524755.008911	7	7322	7029
1749524760.0246358	7	7335	7036
1749524765.0388994	7	7346	7044
1749524770.0521188	7	7355	7052
1749524775.0655313	7	7371	7059
1749524780.0794787	7	7378	7072
1749524785.092569	7	7389	7081
1749524790.1128998	7	7399	7086
1749524795.126081	7	7411	7091
1749524800.1394184	7	7427	7105
1749524805.152342	7	7434	7119
1749524810.1661692	8	7440	7131
1749524815.1859858	8	7450	7138
1749524820.1993818	8	7465	7145
1749524825.2110567	8	7480	7153
1749524830.2237935	8	7489	7166
1749524835.2356973	8	7497	7174
1749524840.24818	8	7517	7188
1749524845.2618945	8	7527	7194
1749524850.2754004	8	7539	7203
1749524855.2897177	8	7548	7215
1749524860.3030999	8	7552	7223
1749524865.3161142	8	7569	7230
1749524870.3292155	8	7577	7243
1749524875.3429348	8	7582	7253
1749524880.3604898	8	7596	7265
1749524885.3723583	8	7605	7278
1749524890.3853955	8	7614	7288
1749524895.4000826	8	7627	7296
1749524900.4130158	8	7641	7304
1749524905.4270465	8	7652	7312
1749524910.440335	8	7663	7320
1749524915.4549327	8	7677	7327
1749524920.4728758	8	7687	7342
1749524925.4867318	8	7701	7358
1749524930.5002441	8	7717	7367
1749524935.5133474	8	7736	7380
1749524940.5274863	8	7744	7391
1749524945.5420063	8	7756	7403
1749524950.555498	8	7766	7415
1749524955.5696864	8	7775	7428
1749524960.5896678	8	7789	7438
1749524965.6029203	8	7802	7450
1749524970.6164298	8	7814	7457
1749524975.6348355	8	7825	7460
1749524980.6473098	8	7837	7471
1749524985.661004	8	7851	7479
1749524990.6730392	8	7867	7495
1749524995.6861372	8	7880	7509
1749525000.698474	9	7889	7519
1749525005.7110891	9	7902	7535
1749525010.7221634	9	7911	7544
1749525015.7339878	9	7928	7559
1749525020.7453046	9	7934	7571
1749525025.766212	9	7943	7580
1749525030.7784622	9	7959	7588
1749525035.791446	9	7973	7592
1749525040.8107574	9	7983	7606
1749525045.8232925	9	7997	7613
1749525050.83617	9	8009	7620
1749525055.8481824	9	8020	7627
1749525060.8619761	10	8029	7639
1749525065.8764439	10	8036	7646
1749525070.8908834	10	8052	7657
1749525075.9047637	10	8064	7673
1749525080.917908	10	8078	7688
1749525085.9314167	10	8091	7692
1749525090.9489956	10	8100	7698
1749525095.9631338	10	8113	7709
1749525100.9770856	10	8129	7726
1749525105.9914904	10	8133	7736
1749525111.0050132	10	8140	7752
1749525116.0171432	10	8146	7762
1749525121.0295265	10	8157	7774
1749525126.0426202	10	8169	7786
1749525131.062141	10	8177	7793
1749525136.07646	10	8191	7800
1749525141.0889738	10	8200	7809
1749525146.1041455	10	8214	7817
1749525151.1184978	10	8225	7824
1749525156.1402576	10	8237	7833
1749525161.1532927	10	8248	7841
1749525166.1659448	10	8258	7853
1749525171.1793873	10	8273	7864
1749525176.1937125	10	8285	7878
1749525181.2081769	10	8293	7885
1749525186.2224886	10	8304	7893
1749525191.2363777	10	8317	7901
1749525196.2561424	10	8326	7912
1749525201.269818	10	8338	7921
1749525206.2830722	10	8351	7935
1749525211.2970905	10	8365	7941
1749525216.3101335	10	8377	7946
1749525221.3251228	10	8388	7954
1749525226.3376496	10	8402	7963
1749525231.3501568	10	8412	7976
1749525236.36404	10	8422	7987
1749525241.3794491	10	8431	7994
1749525246.3923154	10	8446	8004
1749525251.4048119	10	8460	8016
1749525256.4262035	10	8478	8026
1749525261.4461153	10	8493	8040
1749525266.459552	10	8504	8050
1749525271.472865	10	8514	8054
1749525276.4868667	10	8527	8067
1749525281.500926	10	8539	8078
1749525286.5203128	10	8554	8087
1749525291.534335	10	8564	8099
1749525296.547525	10	8579	8112
1749525301.5604024	10	8590	8117
1749525306.573126	10	8601	8126
1749525311.586919	10	8612	8135
1749525316.599932	10	8627	8147
1749525321.614507	10	8636	8154
1749525326.6327004	10	8642	8162
1749525331.6453242	10	8652	8174
1749525336.6659718	10	8662	8185
1749525341.680457	10	8674	8193
1749525346.695499	10	8688	8206
1749525351.71515	10	8696	8212
1749525356.7285938	10	8710	8223
1749525361.7422736	10	8726	8236
1749525366.756724	10	8738	8246
1749525371.771119	10	8753	8260
1749525376.7856224	10	8768	8271
1749525381.8010163	10	8776	8278
1749525386.8171756	10	8789	8297
1749525391.830008	10	8803	8311
1749525396.8425338	10	8814	8325
1749525401.861005	10	8819	8334
1749525406.875221	10	8832	8340
1749525411.889811	10	8842	8349
1749525416.912508	10	8852	8361
1749525421.9253805	10	8861	8377
1749525426.939702	10	8869	8387
1749525431.9543912	10	8884	8398
1749525436.9695082	10	8896	8408
1749525441.984694	10	8904	8419
1749525446.9992614	10	8918	8427
1749525452.012413	10	8922	8439
1749525457.0254698	10	8935	8455
1749525462.0386586	10	8943	8463
1749525467.0517364	10	8948	8468
1749525472.0657198	10	8957	8479
1749525477.0787792	10	8973	8490
1749525482.0987718	10	8981	8503
1749525487.1109557	10	8994	8517
1749525492.1240942	10	8999	8527
1749525497.1371806	10	9008	8543
1749525502.1513042	11	9017	8557
1749525507.1640642	11	9023	8564
1749525512.1788793	11	9036	8575
1749525517.1933541	11	9046	8580
1749525522.2076705	11	9054	8586
1749525527.2216392	11	9065	8598
1749525532.235851	11	9073	8605
1749525537.2511256	11	9086	8619
1749525542.2655523	11	9097	8630
1749525547.2808979	11	9108	8633
1749525552.2950728	11	9118	8638
1749525557.313999	11	9132	8645
1749525562.32843	11	9139	8654
1749525567.3434534	11	9151	8664
1749525572.3562276	11	9161	8675
1749525577.3720741	11	9174	8682
1749525582.3881326	11	9190	8693
1749525587.4046419	11	9200	8709
1749525592.4195642	11	9212	8715
1749525597.434902	11	9225	8728
1749525602.4524896	11	9239	8735
1749525607.4680912	11	9249	8743
1749525612.4831069	11	9257	8758
1749525617.4981766	11	9268	8774
1749525622.51172	11	9277	8785
1749525627.531432	11	9286	8795
1749525632.546091	11	9295	8806
1749525637.561407	11	9305	8811
1749525642.58305	11	9316	8815
1749525647.5961146	11	9324	8829
1749525652.6100135	11	9333	8837
1749525657.6245584	11	9346	8842
1749525662.6389093	11	9355	8858
1749525667.6528518	11	9363	8866
1749525672.6671624	11	9374	8875
1749525677.681225	11	9382	8884
1749525682.6988518	11	9393	8894
1749525687.7132754	11	9403	8899
1749525692.7268465	11	9421	8918
1749525697.7401607	11	9431	8927
1749525702.7559981	11	9438	8935
1749525707.774345	11	9452	8947
1749525712.786481	11	9459	8956
1749525717.8008883	11	9467	8967
1749525722.8164153	11	9478	8979
1749525727.8316603	11	9491	8986
1749525732.8457868	11	9506	8997
1749525737.860477	11	9516	9013
1749525742.8754404	11	9524	9023
1749525747.8921623	11	9534	9031
1749525752.9067216	11	9552	9040
1749525757.9199686	11	9562	9050
1749525762.9345713	11	9579	9062
1749525767.9502187	11	9597	9077
1749525772.9663877	11	9609	9092
1749525777.9817095	11	9627	9105
1749525782.9969368	11	9634	9115
1749525788.0162346	11	9646	9125
1749525793.0319004	11	9658	9137
1749525798.0465784	11	9674	9146
1749525803.0669978	11	9681	9162
1749525808.0816073	11	9685	9168
1749525813.096509	11	9699	9179
1749525818.1181996	11	9708	9191
1749525823.133173	11	9720	9197
1749525828.1481595	11	9731	9209
1749525833.1639507	11	9740	9230
1749525838.179643	11	9746	9235
1749525843.1951191	11	9759	9249
1749525848.2101352	11	9769	9255
1749525853.2250988	11	9783	9268
1749525858.240147	11	9790	9283
1749525863.256577	11	9804	9292
1749525868.2693357	11	9815	9298
1749525873.2915013	11	9822	9312
1749525878.3064852	11	9825	9320
1749525883.3211095	11	9829	9326
1749525888.3421202	11	9836	9337
1749525893.3546169	11	9847	9345
1749525898.3691707	11	9857	9361
1749525903.3837013	11	9868	9377
1749525908.3979282	11	9888	9397
1749525913.4132154	11	9910	9409
1749525918.4287472	11	9939	9420
1749525923.4410741	11	9960	9432
1749525928.4557421	11	9982	9446
1749525933.47114	11	9993	9462
1749525938.4912293	11	10016	9470
1749525943.5141447	11	10042	9484
1749525948.5299957	11	10055	9502
1749525953.5433109	11	10078	9517
1749525958.5583508	11	10096	9538
1749525963.5745182	11	10111	9559
1749525968.593028	11	10137	9571
1749525973.6081686	11	10154	9588
1749525978.6231854	11	10172	9603
1749525983.6488326	11	10189	9618
1749525988.6636684	11	10212	9639
1749525993.6782105	11	10234	9655
1749525998.69355	11	10245	9672
1749526003.7073815	11	10266	9688
1749526008.722605	11	10288	9701
1749526013.7362854	11	10304	9716
1749526018.7493966	11	10325	9737
1749526023.7722588	11	10349	9754
1749526028.7877748	11	10369	9771
1749526033.8016932	11	10385	9793
1749526038.8161538	11	10401	9802
1749526043.829838	11	10420	9818
1749526048.8471055	11	10434	9839
1749526053.8631797	11	10452	9847
1749526058.8776405	11	10472	9863
1749526063.8998668	11	10493	9878
1749526068.9157238	11	10508	9894
1749526073.9294088	11	10526	9915
1749526078.9448726	11	10543	9941
1749526083.9613173	11	10565	9952
1749526088.9761815	11	10585	9961
1749526093.992554	11	10606	9978
1749526099.0076835	11	10626	9987
1749526104.0286226	11	10648	10007
1749526109.0447726	11	10669	10027
1749526114.0609264	11	10689	10048
1749526119.0758271	11	10707	10065
1749526124.091234	11	10728	10082
1749526129.1064534	11	10752	10099
1749526134.1208663	11	10772	10123
1749526139.1370869	11	10793	10139
1749526144.1580734	11	10811	10156
1749526149.172926	11	10830	10171
1749526154.1883323	11	10844	10188
1749526159.2034616	11	10862	10206
1749526164.218596	11	10875	10215
1749526169.2349231	11	10893	10226
1749526174.2517958	11	10905	10232
1749526179.2650566	11	10924	10251
1749526184.279784	11	10943	10266
1749526189.2937362	11	10962	10281
1749526194.3099856	11	10980	10294
1749526199.3249657	11	11011	10313
1749526204.3393095	11	11023	10326
1749526209.3544047	11	11057	10342
1749526214.369455	11	11069	10359
1749526219.3840988	11	11091	10374
1749526224.3994799	11	11103	10390
1749526229.4151094	11	11120	10399
1749526234.4305005	11	11149	10418
1749526239.4453573	11	11172	10436
1749526244.464195	11	11190	10451
1749526249.4793954	11	11210	10461
1749526254.4947155	11	11233	10479
1749526259.5099707	11	11260	10491
1749526264.5232792	11	11276	10503
1749526269.537716	11	11303	10524
1749526274.5527189	11	11319	10535
1749526279.5675666	11	11340	10548
1749526284.586668	11	11352	10560
1749526289.6005402	11	11372	10570
1749526294.6157036	11	11389	10585
1749526299.629172	11	11400	10600
1749526304.6426086	11	11414	10607
1749526309.6561568	11	11439	10622
1749526314.671311	11	11454	10642
1749526319.6851618	11	11479	10655
1749526324.6995437	11	11497	10675
1749526329.7160153	11	11514	10693
1749526334.732808	11	11532	10712
1749526339.746247	11	11553	10734
1749526344.7602682	11	11578	10754
1749526349.7736804	11	11601	10769
1749526354.7905989	11	11613	10785
1749526359.8040717	11	11632	10801
1749526364.8177247	11	11654	10814
1749526369.8320699	11	11675	10823
1749526374.8454108	11	11691	10837
1749526379.8618553	11	11710	10848
1749526384.8759935	11	11734	10867
1749526389.890079	11	11752	10879
1749526394.904096	11	11770	10893
1749526399.9175475	11	11786	10904
1749526404.9377952	11	11804	10918
1749526409.9538953	11	11832	10934
1749526414.9697225	11	11844	10959
1749526419.9906442	11	11862	10970
1749526425.0042233	11	11876	10980
1749526430.017951	11	11896	10991
1749526435.03233	11	11922	11005
1749526440.0462506	11	11947	11012
1749526445.0611753	11	11969	11031
1749526450.0748305	11	11987	11048
1749526455.0879676	11	12004	11060
1749526460.1020443	11	12026	11074
1749526465.1159241	11	12043	11088
1749526470.1360264	11	12062	11105
1749526475.149625	11	12075	11123
1749526480.163197	11	12095	11134
1749526485.1773827	11	12118	11155
1749526490.1932602	12	12131	11169
1749526495.2085555	12	12149	11183
1749526500.2221787	13	12176	11197
1749526505.236219	13	12186	11219
1749526510.251454	13	12208	11230
1749526515.2662597	13	12226	11250
1749526520.2887068	13	12257	11260
1749526525.3031528	13	12278	11271
1749526530.3180695	13	12293	11288
1749526535.3329918	13	12312	11302
1749526540.3483894	13	12330	11312
1749526545.3634248	13	12352	11330
1749526550.3774145	13	12370	11352
1749526555.3925242	13	12389	11369
1749526560.4093325	13	12404	11391
1749526565.4257007	13	12425	11405
1749526570.441046	13	12442	11424
1749526575.4572172	13	12469	11444
1749526580.472895	13	12481	11453
1749526585.4891338	13	12506	11467
1749526590.5051932	13	12526	11482
1749526595.5221388	13	12547	11503
1749526600.5438414	13	12565	11516
1749526605.5623448	13	12585	11538
1749526610.5774243	13	12595	11555
1749526615.6008205	13	12608	11572
1749526620.6155448	13	12631	11591
1749526625.6315486	13	12648	11601
1749526630.6473799	13	12671	11610
1749526635.6627681	13	12694	11626
1749526640.6786911	13	12713	11641
1749526645.6943483	13	12733	11660
1749526650.7111156	13	12746	11677
1749526655.7294598	13	12762	11688
1749526660.7445078	13	12786	11709
1749526665.7608294	13	12809	11719
1749526670.7765086	13	12832	11742
1749526675.7922904	13	12849	11768
1749526680.8106613	13	12878	11783
1749526685.826174	13	12895	11810
1749526690.8419602	13	12912	11825
1749526695.8593237	13	12939	11841
1749526700.8740854	13	12963	11851
1749526705.8896923	13	12983	11865
1749526710.9139085	13	13005	11882
1749526715.930277	13	13031	11898
1749526720.9442432	13	13056	11907
1749526725.9604461	13	13078	11921
1749526730.975682	13	13099	11936
1749526735.991168	13	13114	11948
1749526741.0075128	13	13132	11962
1749526746.0225205	13	13152	11973
1749526751.042791	13	13177	11984
1749526756.060894	13	13201	12002
1749526761.074972	13	13215	12019
1749526766.0935335	13	13233	12044
1749526771.1077213	13	13252	12059
1749526776.1215465	13	13270	12079
1749526781.1348214	13	13287	12095
1749526786.1491122	13	13311	12113
1749526791.163277	13	13327	12123
1749526796.178011	13	13345	12139
1749526801.1955538	13	13363	12152
1749526806.210758	13	13379	12162
1749526811.2258565	13	13403	12174
1749526816.2431867	13	13425	12186
1749526821.2615688	13	13450	12202
1749526826.2772422	13	13474	12213
1749526831.296067	13	13495	12233
1749526836.3099654	13	13507	12256
1749526841.3231444	13	13519	12268
1749526846.344844	13	13543	12281
1749526851.359928	13	13565	12299
1749526856.373623	13	13580	12318
1749526861.3888707	13	13592	12329
1749526866.4045758	13	13608	12341
1749526871.4195595	13	13624	12361
1749526876.4348435	13	13641	12381
1749526881.449793	13	13655	12394
1749526886.4658246	13	13665	12407
1749526891.4825227	13	13687	12420
1749526896.4986515	14	13712	12435
1749526901.5203836	14	13725	12446
1749526906.5363228	14	13742	12458
1749526911.5526285	14	13762	12471
1749526916.5684044	14	13781	12489
1749526921.583685	14	13801	12512
1749526926.602344	14	13828	12532
1749526931.6176586	14	13848	12547
1749526936.6346982	14	13868	12557
1749526941.6579914	14	13890	12578
1749526946.6714568	14	13907	12593
1749526951.686385	14	13938	12611
1749526956.7089715	14	13956	12635
1749526961.725132	14	13973	12650
1749526966.7389615	14	13993	12659
1749526971.755803	14	14007	12676
1749526976.771862	14	14020	12691
1749526981.7894423	14	14033	12705
1749526986.8042219	14	14055	12718
1749526991.8199136	14	14070	12732
1749526996.836381	14	14086	12749
1749527001.8531032	14	14104	12764
1749527006.8694963	14	14123	12780
1749527011.895482	14	14156	12796
1749527016.912277	14	14176	12815
1749527021.927816	14	14195	12829
1749527026.9498513	14	14210	12846
1749527031.9692776	14	14228	12859
1749527036.983519	14	14251	12874
1749527041.9988983	14	14270	12892
1749527047.0142748	14	14295	12913
1749527052.03053	14	14316	12927
1749527057.0501766	14	14333	12946
1749527062.0640843	14	14350	12960
1749527067.078347	14	14368	12975
1749527072.0946424	14	14387	12986
1749527077.1086197	14	14404	12996
1749527082.1226244	14	14422	13011
1749527087.1376014	14	14436	13032
1749527092.1520169	14	14457	13047
1749527097.1714702	14	14473	13059
1749527102.1847997	14	14496	13075
1749527107.202944	14	14520	13089
1749527112.2178607	14	14550	13108
1749527117.231719	14	14572	13123
1749527122.2531238	14	14586	13136
1749527127.2674506	14	14608	13150
1749527132.2817202	14	14632	13166
1749527137.3054593	14	14652	13182
1749527142.319253	14	14664	13197
1749527147.3330953	14	14686	13207
1749527152.355614	14	14703	13218
1749527157.3691525	14	14716	13236
1749527162.3830442	14	14735	13248
1749527167.3993025	14	14752	13259
1749527172.417197	14	14767	13276
1749527177.4330263	14	14789	13289
1749527182.4488072	14	14812	13307
1749527187.4663913	14	14839	13326
1749527192.4812572	14	14854	13341
1749527197.4963892	14	14877	13355
1749527202.5102375	14	14889	13365
1749527207.5236087	14	14912	13376
1749527212.5382543	14	14938	13389
1749527217.5564315	14	14953	13401
1749527222.5704756	14	14970	13412
1749527227.5848374	14	14986	13426
1749527232.5985868	14	15007	13442
1749527237.6123905	14	15015	13453
1749527242.6266444	14	15033	13473
1749527247.6402	14	15054	13484
1749527252.6553767	14	15071	13501
1749527257.6690798	14	15092	13511
1749527262.6849449	14	15113	13529
1749527267.698956	14	15136	13542
1749527272.7136288	14	15154	13563
1749527277.7275677	14	15178	13574
1749527282.7412524	14	15198	13593
1749527287.7566075	14	15224	13604
1749527292.7714841	14	15240	13617
1749527297.786627	14	15257	13638
1749527302.8074298	14	15274	13658
1749527307.8304322	14	15302	13669
1749527312.8443327	14	15319	13685
1749527317.8583434	14	15340	13697
1749527322.8717773	14	15359	13715
1749527327.8868449	14	15387	13735
1749527332.902926	14	15400	13749
1749527337.9192305	14	15417	13764
1749527342.933877	14	15428	13781
1749527347.9473581	14	15449	13796
1749527352.9632015	14	15475	13806
1749527357.9787676	14	15496	13824
1749527362.9942975	14	15510	13842
1749527368.0104349	14	15535	13853
1749527373.0286853	14	15551	13866
1749527378.0438917	14	15575	13885
1749527383.058089	14	15593	13896
1749527388.0732985	14	15611	13911
1749527393.0881884	14	15634	13922
1749527398.1054733	14	15653	13937
1749527403.1212294	14	15668	13950
1749527408.1356087	14	15689	13967
1749527413.157687	14	15710	13979
1749527418.1731143	14	15724	14000
1749527423.1907568	14	15733	14010
1749527428.2102094	14	15752	14031
1749527433.2272778	14	15771	14045
1749527438.2421896	14	15787	14066
1749527443.259804	14	15806	14083
1749527448.303835	14	15826	14100
1749527453.3255584	14	15854	14113
1749527458.339512	14	15870	14126
1749527463.3541377	14	15885	14138
1749527468.368002	14	15905	14157
1749527473.382631	14	15926	14173
1749527478.403738	14	15947	14193
1749527483.4188626	14	15968	14202
1749527488.432964	14	15988	14221
1749527493.4471316	14	16000	14237
1749527498.4610362	14	16020	14255
1749527503.4747002	14	16043	14276
1749527508.4889178	14	16063	14303
1749527513.5033405	14	16079	14321
1749527518.5206642	14	16097	14337
1749527523.5349462	14	16121	14359
1749527528.5563374	14	16142	14379
1749527533.57213	14	16167	14397
1749527538.5864563	14	16190	14414
1749527543.6006525	14	16216	14426
1749527548.6140769	14	16246	14441
1749527553.6290824	14	16261	14453
1749527558.6430104	14	16273	14471
1749527563.6571012	14	16290	14482
1749527568.6757212	14	16305	14491
1749527573.6897879	14	16315	14505
1749527578.7090297	14	16341	14515
1749527583.7269342	14	16363	14528
1749527588.7412612	14	16380	14536
1749527593.7590923	14	16401	14547
1749527598.7739859	14	16417	14566
1749527603.7891724	14	16435	14588
1749527608.8039563	14	16453	14600
1749527613.8206432	14	16475	14619
1749527618.8349848	14	16495	14634
1749527623.849371	14	16516	14652
1749527628.865698	14	16535	14664
1749527633.8826458	14	16551	14687
1749527638.8980255	14	16575	14702
1749527643.9134545	14	16595	14711
1749527648.9289658	14	16621	14723
1749527653.945119	14	16638	14747
1749527658.9634643	14	16655	14760
1749527663.9780862	14	16672	14780
1749527668.9943748	14	16688	14795
1749527674.0132031	14	16697	14814
1749527679.0270758	14	16716	14828
1749527684.042226	14	16740	14837
1749527689.058142	14	16761	14854
1749527694.0753992	14	16786	14868
1749527699.0908213	14	16804	14888
1749527704.1051407	14	16822	14911
1749527709.1212757	14	16847	14927
1749527714.1380563	14	16861	14942
1749527719.1551683	14	16876	14959
1749527724.1712294	14	16900	14975
1749527729.1912189	14	16924	14982
1749527734.206535	14	16941	14998
1749527739.2227547	14	16952	15011
1749527744.2386274	14	16964	15024
1749527749.2561226	14	16979	15039
1749527754.2743874	14	17000	15051
1749527759.2879837	14	17015	15062
1749527764.3047228	14	17028	15074
1749527769.3279655	14	17043	15089
1749527774.3441772	14	17066	15098
1749527779.359579	14	17078	15110
1749527784.3801866	14	17099	15130
1749527789.3955166	14	17116	15141
1749527794.409267	14	17130	15162
1749527799.4241045	14	17155	15173
1749527804.440385	14	17169	15195
1749527809.454579	14	17193	15217
1749527814.470437	14	17211	15230
1749527819.4844458	14	17227	15246
1749527824.5004835	14	17247	15258
1749527829.5154955	14	17267	15275
1749527834.5311582	14	17279	15293
1749527839.5472238	14	17301	15307
1749527844.5633633	14	17312	15320
1749527849.582709	14	17333	15332
1749527854.5986757	14	17351	15346
1749527859.6141846	14	17370	15362
1749527864.6300788	14	17390	15382
1749527869.6463366	14	17405	15403
1749527874.6606038	14	17421	15419
1749527879.6739466	14	17435	15440
1749527884.6883643	14	17456	15463
1749527889.7082508	14	17476	15490
1749527894.7232265	14	17491	15506
1749527899.7373824	15	17517	15525
1749527904.7509139	15	17530	15537
1749527909.7645307	15	17555	15552
1749527914.779898	15	17574	15568
1749527919.7937818	15	17595	15577
1749527924.8077164	15	17608	15588
1749527929.821102	15	17629	15607
1749527934.8360248	15	17646	15626
1749527939.8535883	15	17659	15646
1749527944.8705328	15	17677	15662
1749527949.885822	15	17694	15677
1749527954.900446	15	17712	15691
1749527959.9150372	15	17727	15704
1749527964.92993	15	17744	15722
1749527969.945547	15	17759	15739
1749527974.9607801	15	17776	15747
1749527979.9755473	15	17797	15765
1749527984.992752	15	17818	15789
1749527990.0088832	15	17834	15805
1749527995.0238774	15	17849	15819
1749528000.039975	15	17874	15835
1749528005.0559282	15	17894	15855
1749528010.0727708	15	17917	15871
1749528015.0897024	15	17928	15880
1749528020.1057315	15	17944	15888
1749528025.122026	15	17963	15904
1749528030.1381419	15	17978	15914
1749528035.1541247	15	17999	15932
1749528040.1719718	15	18026	15947
1749528045.1886404	15	18041	15956
1749528050.2050233	15	18054	15979
1749528055.2291777	15	18072	15996
1749528060.2456758	15	18089	16012
1749528065.263023	15	18106	16029
1749528070.2830284	15	18121	16042
1749528075.298457	15	18134	16056
1749528080.3137705	15	18156	16072
1749528085.3298674	15	18178	16092
1749528090.352656	15	18200	16100
1749528095.3683689	15	18223	16111
1749528100.3908906	15	18238	16120
1749528105.4093091	15	18257	16134
1749528110.4266193	15	18274	16152
1749528115.4411564	15	18299	16167
1749528120.4562051	15	18316	16189
1749528125.4739292	15	18336	16202
1749528130.4898586	15	18355	16217
1749528135.5061507	15	18371	16230
1749528140.5204704	15	18381	16249
1749528145.5422945	15	18404	16262
1749528150.5592062	15	18421	16283
1749528155.5741668	15	18447	16294
1749528160.594908	15	18465	16302
1749528165.6089149	15	18486	16321
1749528170.6237793	15	18505	16335
1749528175.6400933	15	18523	16357
1749528180.6580064	15	18537	16376
1749528185.673583	15	18552	16387
1749528190.6882355	15	18571	16400
1749528195.7027547	15	18583	16417
1749528200.7189293	15	18602	16431
1749528205.7355244	15	18618	16446
1749528210.7506998	15	18637	16456
1749528215.7658975	15	18656	16471
1749528220.782898	15	18675	16486
1749528225.798187	15	18686	16498
1749528230.8140075	15	18702	16510
1749528235.8305757	15	18723	16528
1749528240.8472116	15	18742	16543
1749528245.863639	15	18760	16564
1749528250.8780165	15	18778	16576
1749528255.9000764	15	18805	16592
1749528260.916498	15	18826	16601
1749528265.9328413	15	18841	16616
1749528270.9498892	15	18861	16633
1749528275.9655905	15	18884	16648
1749528280.9798763	15	18900	16657
1749528285.9957087	15	18911	16668
1749528291.0103142	15	18927	16678
1749528296.0258176	15	18954	16694
1749528301.0425763	15	18988	16712
1749528306.0583806	15	19007	16723
1749528311.0741332	15	19018	16737
1749528316.0951428	15	19031	16748
1749528321.1091204	15	19043	16758
1749528326.1241307	15	19064	16773
1749528331.1404915	15	19082	16792
1749528336.1559243	15	19097	16808
1749528341.1753068	15	19117	16824
1749528346.1906936	15	19145	16840
1749528351.2058804	15	19165	16855
1749528356.2279515	15	19191	16873
1749528361.2445722	15	19217	16889
1749528366.2596703	15	19236	16906
1749528371.2820637	15	19253	16919
1749528376.2974763	15	19269	16932
1749528381.3143625	15	19294	16955
1749528386.3360894	15	19311	16969
1749528391.3524013	15	19331	16988
1749528396.3679261	15	19351	16995
1749528401.3883364	15	19370	17011
1749528406.4021623	15	19386	17026
1749528411.4159286	15	19406	17040
1749528416.4294262	15	19424	17060
1749528421.443105	15	19450	17075
1749528426.461225	15	19465	17094
1749528431.477273	16	19485	17115
1749528436.490636	16	19510	17125
1749528441.5047374	16	19524	17144
1749528446.5188859	16	19534	17162
1749528451.5322702	16	19561	17175
1749528456.5468147	16	19576	17191
1749528461.5609004	16	19589	17200
1749528466.5747695	16	19614	17214
1749528471.5883675	16	19635	17225
1749528476.6037757	16	19653	17235
1749528481.6208363	16	19672	17250
1749528486.6357975	16	19693	17272
1749528491.6587944	16	19711	17289
1749528496.6761723	16	19726	17307
1749528501.6906636	16	19746	17318
1749528506.712951	16	19766	17339
1749528511.7305276	16	19779	17352
1749528516.7469227	16	19794	17363
1749528521.7635238	16	19818	17384
1749528526.7874076	16	19834	17399
1749528531.8030024	16	19848	17418
1749528536.820094	16	19864	17430
1749528541.8349872	16	19888	17451
1749528546.856636	16	19906	17464
1749528551.8721275	16	19925	17476
1749528556.8869333	16	19949	17479
1749528561.903159	16	19968	17494
1749528566.9193742	17	19994	17506
1749528571.934034	17	20018	17524
1749528576.9501767	17	20030	17541
1749528581.9722183	17	20051	17559
1749528586.9857378	17	20071	17575
1749528592.0012763	17	20086	17586
1749528597.0162237	17	20102	17599
1749528602.0315378	17	20122	17609
1749528607.0478332	17	20138	17629
1749528612.0626314	18	20154	17644
1749528617.0784907	18	20173	17668
1749528622.1024837	18	20185	17682
1749528627.1176763	18	20207	17702
1749528632.1336565	18	20231	17716
1749528637.1493547	18	20245	17725
1749528642.1665752	18	20272	17736
1749528647.1829665	18	20290	17758
1749528652.1996946	18	20303	17770
1749528657.2156997	18	20323	17784
1749528662.229919	18	20336	17799
1749528667.245561	18	20353	17814
1749528672.2622318	18	20367	17836
1749528677.2841659	18	20385	17850
1749528682.300266	18	20405	17868
1749528687.3149424	18	20424	17877
1749528692.3308797	18	20445	17891
1749528697.3470302	18	20461	17908
1749528702.3609118	18	20479	17927
1749528707.3761394	18	20499	17941
1749528712.3908262	18	20511	17968
1749528717.4087796	18	20532	17988
1749528722.4331968	18	20545	18005
1749528727.4492142	18	20559	18022
1749528732.4656272	18	20580	18038
1749528737.487358	18	20603	18055
1749528742.5040517	18	20616	18071
1749528747.5189788	18	20636	18083
1749528752.5353682	18	20648	18097
1749528757.558722	18	20674	18111
1749528762.573745	18	20690	18120
1749528767.5899503	18	20712	18136
1749528772.603844	18	20734	18153
1749528777.6195514	18	20749	18161
1749528782.6364672	18	20767	18179
1749528787.6523762	18	20790	18189
1749528792.6708107	18	20804	18208
1749528797.6850266	18	20817	18231
1749528802.7010262	18	20839	18244
1749528807.7246213	18	20856	18253
1749528812.7412403	18	20875	18275
1749528817.7571146	18	20894	18283
1749528822.7712958	18	20910	18291
1749528827.7866378	18	20932	18309
1749528832.801684	18	20946	18326
1749528837.8176627	18	20960	18342
1749528842.8325	18	20978	18355
1749528847.8492968	18	20993	18368
1749528852.8704371	18	21009	18380
1749528857.886744	18	21033	18395
1749528862.9036696	18	21046	18415
1749528867.9256105	18	21064	18429
1749528872.939941	18	21080	18446
1749528877.9560232	18	21106	18462
1749528882.9699833	18	21129	18478
1749528887.986307	18	21142	18487
1749528893.0026948	18	21165	18499
1749528898.0182097	18	21187	18513
1749528903.0345402	18	21204	18529
1749528908.0484836	18	21219	18543
1749528913.064078	18	21234	18563
1749528918.0806756	18	21252	18580
1749528923.0957382	18	21270	18593
1749528928.113026	18	21289	18616
1749528933.1276608	18	21305	18629
1749528938.142985	18	21332	18643
1749528943.1592815	18	21354	18661
1749528948.1757643	18	21368	18677
1749528953.19712	18	21394	18696
1749528958.2127001	18	21414	18708
1749528963.2284741	18	21432	18727
1749528968.2444568	18	21453	18745
1749528973.261466	18	21473	18765
1749528978.2771306	18	21493	18775
1749528983.292597	18	21510	18784
1749528988.3131518	18	21533	18802
1749528993.328958	18	21560	18816
1749528998.3449316	18	21577	18837
1749529003.368014	18	21600	18854
1749529008.3839657	18	21613	18872
1749529013.3998628	18	21626	18889
1749529018.4155428	18	21647	18900
1749529023.4309375	18	21665	18917
1749529028.4470994	18	21685	18932
1749529033.463617	18	21705	18942
1749529038.479434	18	21729	18956
1749529043.4995258	18	21739	18971
1749529048.5219636	18	21756	18985
1749529053.537008	18	21776	19002
1749529058.5548244	18	21799	19015
1749529063.5704973	18	21817	19036
1749529068.586964	18	21831	19055
1749529073.6084392	18	21861	19072
1749529078.6224456	18	21880	19089
1749529083.6380959	18	21903	19111
1749529088.6595638	18	21927	19120
1749529093.6763155	18	21951	19134
1749529098.692072	18	21963	19148
1749529103.7119768	18	21982	19162
1749529108.7283182	18	21996	19178
1749529113.7446263	18	22021	19194
1749529118.7662113	18	22052	19207
1749529123.7820938	18	22068	19231
1749529128.7959492	18	22089	19243
1749529133.8114347	18	22109	19258
1749529138.8257508	18	22131	19272
1749529143.8407187	18	22155	19285
1749529148.8563433	18	22175	19300
1749529153.8704555	18	22199	19327
1749529158.8856733	18	22222	19340
1749529163.9021788	18	22239	19356
1749529168.9181993	18	22254	19369
1749529173.9340537	18	22282	19385
1749529178.9481113	18	22301	19411
1749529183.968087	18	22320	19427
1749529188.9851763	18	22339	19443
1749529194.0009882	18	22350	19458
1749529199.0258975	18	22368	19479
1749529204.0399394	18	22385	19492
1749529209.0561218	18	22403	19507
1749529214.07162	18	22426	19513
1749529219.0872972	18	22443	19529
1749529224.1029074	18	22465	19548
1749529229.117195	18	22486	19563
1749529234.1334255	18	22500	19578
1749529239.1499786	18	22522	19591
1749529244.1658597	18	22546	19605
1749529249.183064	18	22570	19615
1749529254.1975596	18	22585	19634
1749529259.2131183	18	22608	19647
1749529264.233696	18	22625	19656
1749529269.2492	18	22652	19671
1749529274.2644372	18	22671	19689
1749529279.2788866	18	22695	19702
1749529284.2947714	18	22713	19720
1749529289.3100195	18	22728	19738
1749529294.3243356	18	22742	19751
1749529299.339476	18	22756	19768
1749529304.3648076	18	22778	19781
1749529309.379824	18	22792	19792
1749529314.3952808	18	22809	19813
1749529319.4113321	18	22822	19829
1749529324.427183	18	22839	19848
1749529329.4437175	18	22855	19860
1749529334.4592657	18	22877	19875
1749529339.4750795	18	22899	19895
1749529344.4950724	18	22921	19908
1749529349.5105617	18	22941	19920
1749529354.5259373	18	22949	19940
1749529359.542319	18	22967	19949
1749529364.556311	18	22987	19965
1749529369.5717456	18	23003	19982
1749529374.5878146	18	23027	20001
1749529379.6033812	18	23045	20016
1749529384.626755	18	23061	20029
1749529389.644902	18	23081	20047
1749529394.6604724	18	23107	20061
1749529399.6792388	18	23130	20076
1749529404.6956878	18	23146	20098
1749529409.7120929	18	23168	20118
1749529414.7322996	18	23184	20137
1749529419.747843	18	23207	20155
1749529424.7640386	18	23226	20166
1749529429.7869565	18	23247	20182
1749529434.8012176	18	23260	20196
1749529439.8166814	18	23277	20214
1749529444.832478	18	23291	20226
1749529449.8484046	18	23308	20238
1749529454.8652627	18	23325	20257
1749529459.8818517	18	23342	20267
1749529464.8964255	18	23362	20277
1749529469.9199553	18	23385	20286
1749529474.933716	18	23399	20307
1749529479.948679	18	23418	20324
1749529484.964839	18	23432	20340
1749529489.9804857	18	23449	20356
1749529495.0021183	18	23474	20378
1749529500.0209258	18	23502	20398
1749529505.0368006	18	23523	20413
1749529510.0588737	18	23540	20433
1749529515.0754886	18	23552	20449
1749529520.0910847	18	23569	20464
1749529525.1055071	18	23592	20479
1749529530.121451	18	23612	20496
1749529535.138456	18	23634	20506
1749529540.154175	18	23657	20521
1749529545.1686058	18	23674	20533
1749529550.1896603	18	23688	20544
1749529555.2064853	18	23708	20562
1749529560.2208233	18	23721	20576
1749529565.2371163	18	23736	20595
1749529570.2528355	18	23752	20611
1749529575.2682502	18	23779	20630
1749529580.28465	18	23796	20651
1749529585.3010547	18	23809	20674
1749529590.3231578	18	23827	20692
1749529595.3374987	18	23847	20705
1749529600.3517506	18	23866	20723
1749529605.3675292	18	23888	20738
1749529610.3841732	18	23907	20749
1749529615.3988411	18	23930	20765
1749529620.41506	18	23962	20774
1749529625.4295042	18	23975	20788
1749529630.445617	18	23987	20804
1749529635.46995	18	24005	20822
1749529640.4867673	18	24027	20834
1749529645.5036058	18	24038	20853
1749529650.5177429	18	24058	20867
1749529655.5335057	18	24084	20885
1749529660.5499935	18	24106	20905
1749529665.5674257	18	24121	20920
1749529670.5846574	18	24133	20942
1749529675.6004925	18	24160	20958
1749529680.6170652	18	24175	20974
1749529685.6328294	18	24191	20990
1749529690.648949	18	24208	21004
1749529695.6653128	18	24225	21015
1749529700.6820498	18	24241	21025
1749529705.6985211	18	24263	21040
1749529710.7191188	18	24285	21054
1749529715.7369237	18	24298	21068
1749529720.7535753	18	24316	21082
1749529725.7747881	18	24338	21094
1749529730.799327	18	24358	21104
1749529735.8159063	18	24370	21122
1749529740.8314009	18	24389	21136
1749529745.8469276	18	24410	21149
1749529750.861823	18	24422	21167
1749529755.8821738	18	24444	21184
1749529760.8984153	18	24459	21208
1749529765.9152193	18	24477	21228
1749529770.9371579	18	24502	21245
1749529775.9518862	18	24521	21267
1749529780.9676516	18	24540	21288
1749529785.982817	18	24562	21306
1749529790.9999871	18	24584	21323
1749529796.016421	18	24599	21339
1749529801.032317	18	24622	21355
1749529806.0487478	18	24651	21371
1749529811.0653498	18	24673	21384
1749529816.081254	18	24689	21404
1749529821.0971777	18	24714	21419
1749529826.120415	18	24731	21431
1749529831.1362503	18	24752	21449
1749529836.152916	18	24773	21460
1749529841.176092	18	24791	21474
1749529846.1928875	18	24809	21488
1749529851.2092211	18	24834	21503
1749529856.2328153	18	24855	21516
1749529861.255002	18	24881	21533
1749529866.2711885	18	24900	21551
1749529871.2872524	18	24919	21563
1749529876.3022413	18	24937	21580
1749529881.3169105	18	24955	21599
1749529886.3371005	18	24974	21619
1749529891.3527312	18	24991	21633
1749529896.3687806	18	25011	21644
1749529901.391344	18	25035	21656
1749529906.4074268	18	25056	21669
1749529911.4213002	18	25082	21683
1749529916.4363153	18	25100	21690
1749529921.4515815	18	25127	21701
1749529926.4687757	18	25145	21711
1749529931.48442	18	25173	21725
1749529936.498381	18	25194	21742
1749529941.5143404	18	25218	21758
1749529946.5308008	18	25236	21774
1749529951.5468462	18	25248	21793
1749529956.571259	18	25267	21807
1749529961.5867698	18	25291	21821
1749529966.602983	18	25315	21840
1749529971.6195257	18	25329	21854
1749529976.6362588	18	25349	21865
1749529981.6514099	18	25370	21881
1749529986.6668172	18	25389	21895
1749529991.6845691	18	25415	21912
1749529996.7006462	18	25427	21929
1749530001.7155075	18	25443	21938
1749530006.7323484	18	25462	21955
1749530011.755815	18	25483	21970
1749530016.7724683	18	25504	21987
1749530021.7909164	18	25526	22004
1749530026.8054626	18	25547	22012
1749530031.8215845	18	25567	22024
1749530036.8379433	18	25586	22039
1749530041.8544445	18	25599	22059
1749530046.8711505	18	25617	22084
1749530051.88789	18	25638	22095
1749530056.9038382	18	25653	22122
1749530061.9194202	18	25670	22133
1749530066.935629	18	25697	22150
1749530071.9522543	18	25715	22163
1749530076.9674108	18	25742	22176
1749530081.9877405	18	25759	22189
1749530087.0030937	18	25780	22206
1749530092.0186036	18	25797	22220
1749530097.0406542	18	25821	22238
1749530102.0555656	18	25833	22256
1749530107.0712771	18	25847	22269
1749530112.08688	18	25866	22281
1749530117.1026504	18	25879	22301
1749530122.1167867	18	25901	22312
1749530127.1329217	19	25918	22324
1749530132.1492672	19	25940	22336
1749530137.1655388	19	25960	22357
1749530142.1829312	19	25982	22368
1749530147.1983514	19	26000	22384
1749530152.2144535	19	26016	22401
1749530157.2311115	19	26033	22419
1749530162.2471375	19	26051	22432
1749530167.2637844	19	26061	22444
1749530172.2797735	19	26087	22454
1749530177.3007507	19	26104	22467
1749530182.3164177	19	26123	22475
1749530187.3330133	19	26136	22490
1749530192.3546135	19	26160	22507
1749530197.369332	19	26185	22527
1749530202.3849576	19	26203	22538
1749530207.3985689	19	26215	22552
1749530212.4138224	19	26235	22571
1749530217.429243	19	26253	22584
1749530222.4449284	19	26274	22597
1749530227.4610803	19	26299	22614
1749530232.4842043	19	26312	22631
1749530237.5001423	20	26337	22645
1749530242.5152059	20	26357	22663
1749530247.5300457	20	26371	22679
1749530252.5441186	20	26386	22690
1749530257.5614305	20	26413	22704
1749530262.5772543	20	26432	22723
1749530267.5930614	20	26453	22739
1749530272.609209	20	26470	22757
1749530277.6255834	20	26489	22774
1749530282.6395674	20	26502	22793
1749530287.6555545	20	26519	22818
1749530292.6694355	20	26537	22835
1749530297.6917884	20	26562	22852
1749530302.7080364	20	26589	22866
1749530307.7239463	20	26611	22883
1749530312.7462046	20	26626	22900
1749530317.7615564	20	26641	22914
1749530322.7773635	20	26659	22933
1749530327.7992947	20	26671	22949
1749530332.8199494	20	26690	22974
1749530337.8356018	20	26706	22990
1749530342.851188	20	26720	23009
1749530347.8673737	20	26743	23014
1749530352.8827193	20	26760	23023
1749530357.904976	20	26777	23037
1749530362.9215527	20	26792	23055
1749530367.9374528	20	26809	23068
1749530372.959861	20	26819	23080
1749530377.9736593	20	26835	23094
1749530382.9866464	20	26849	23115
1749530388.0032282	20	26867	23129
1749530393.018567	20	26890	23147
1749530398.034967	20	26906	23162
1749530403.049293	20	26922	23181
1749530408.064027	20	26941	23197
1749530413.0851164	20	26962	23213
1749530418.102272	20	26975	23228
1749530423.1178849	20	26994	23244
1749530428.1399996	20	27015	23262
1749530433.155576	20	27033	23279
1749530438.1706767	20	27059	23295
1749530443.186285	20	27074	23308
1749530448.2011886	20	27092	23322
1749530453.2165294	20	27109	23336
1749530458.2296958	20	27120	23351
1749530463.243421	20	27134	23364
1749530468.2565603	20	27153	23381
1749530473.270025	20	27172	23401
1749530478.2849894	20	27183	23417
1749530483.2982883	20	27206	23437
1749530488.3124385	20	27227	23452
1749530493.3261206	20	27258	23467
1749530498.33999	20	27278	23487
1749530503.3536677	20	27296	23502
1749530508.3673007	20	27315	23520
1749530513.3813279	20	27329	23539
1749530518.3960063	20	27343	23551
1749530523.4136133	20	27365	23563
1749530528.429198	20	27383	23577
1749530533.443459	20	27401	23591
1749530538.4668674	20	27430	23607
1749530543.4821322	20	27443	23622
1749530548.4974732	20	27464	23634
1749530553.5203445	20	27478	23649
1749530558.5351071	20	27490	23675
1749530563.5486658	20	27502	23693
1749530568.5645318	20	27514	23704
1749530573.5796869	20	27532	23718
1749530578.5951302	20	27551	23736
1749530583.611072	20	27572	23750
1749530588.625476	20	27593	23760
1749530593.6403391	20	27614	23780
1749530598.655091	20	27632	23800
1749530603.6737294	20	27655	23812
1749530608.6973765	20	27666	23830
1749530613.7133207	20	27689	23846
1749530618.7290916	20	27714	23861
1749530623.7427268	20	27743	23874
1749530628.7572362	20	27764	23886
1749530633.7809985	20	27776	23892
1749530638.7962856	20	27796	23908
1749530643.8113728	20	27827	23930
1749530648.8342283	20	27844	23946
1749530653.848638	20	27872	23960
1749530658.86232	20	27896	23971
1749530663.87569	20	27918	23985
1749530668.8897035	20	27938	24001
1749530673.9034982	20	27949	24021
1749530678.9191203	20	27965	24033
1749530683.9328296	20	27983	24047
1749530688.9462452	21	28002	24059
1749530693.9594464	21	28025	24066
1749530698.9737585	21	28040	24082
1749530703.9870844	21	28061	24097
1749530709.0005372	21	28091	24109
1749530714.0136988	21	28119	24124
1749530719.029172	22	28141	24141
1749530724.044415	22	28161	24166
1749530729.0603738	22	28186	24178
1749530734.080004	22	28199	24193
1749530739.0989037	22	28219	24200
1749530744.1141224	22	28244	24215
1749530749.1310034	22	28265	24228
1749530754.1455557	22	28294	24245
1749530759.1597986	22	28305	24259
1749530764.1815107	22	28328	24275
1749530769.1980448	22	28350	24290
1749530774.2136931	22	28373	24306
1749530779.2351913	22	28393	24321
1749530784.249629	22	28407	24343
1749530789.2647386	22	28430	24361
1749530794.2874784	22	28455	24369
1749530799.303429	22	28469	24383
1749530804.3195124	22	28489	24399
1749530809.3424735	22	28508	24416
1749530814.3574111	22	28524	24434
1749530819.3710494	22	28550	24451
1749530824.3864732	22	28580	24471
1749530829.402827	22	28597	24492
1749530834.4175348	22	28622	24508
1749530839.433268	22	28638	24526
1749530844.4473448	22	28660	24550
1749530849.4616675	22	28680	24564
1749530854.4774015	22	28695	24577
1749530859.4924047	22	28707	24589
1749530864.5084288	22	28722	24608
1749530869.5228016	22	28744	24622
1749530874.5377731	22	28763	24636
1749530879.5558052	22	28785	24649
1749530884.5715764	22	28802	24661
1749530889.5867822	22	28819	24681
1749530894.6028137	22	28839	24698
1749530899.6214507	22	28859	24711
1749530904.6371443	22	28875	24725
1749530909.652756	22	28900	24740
1749530914.6690273	22	28922	24756
1749530919.6849597	22	28937	24773
1749530924.7036934	22	28951	24791
1749530929.7201085	22	28968	24799
1749530934.7370808	22	28981	24815
1749530939.7558713	22	29001	24828
1749530944.7715294	22	29023	24843
1749530949.7877474	22	29049	24863
1749530954.8036423	22	29058	24881
1749530959.819195	22	29076	24897
1749530964.8353822	22	29092	24914
1749530969.8510547	22	29113	24933
1749530974.8675392	22	29125	24946
1749530979.8862762	22	29149	24970
1749530984.9016306	22	29167	24983
1749530989.9167087	22	29194	25000
1749530994.9328384	22	29217	25020
1749530999.948041	22	29246	25033
1749531004.9640286	22	29271	25049
1749531009.9800131	22	29288	25069
1749531014.9964685	22	29305	25083
1749531020.0167959	22	29325	25091
1749531025.0322316	22	29341	25109
1749531030.0474873	22	29357	25129
1749531035.0638528	22	29383	25140
1749531040.0804398	22	29404	25147
1749531045.0960958	22	29425	25158
1749531050.1125853	22	29445	25171
1749531055.1288278	22	29461	25187
1749531060.147734	22	29477	25198
1749531065.1645312	22	29500	25219
1749531070.1799796	22	29515	25233
1749531075.2014096	22	29529	25246
1749531080.2211232	22	29552	25266
1749531085.2383418	22	29567	25285
1749531090.254683	22	29583	25298
1749531095.270471	22	29598	25310
1749531100.2855785	22	29613	25327
1749531105.3040302	22	29633	25340
1749531110.3208597	22	29645	25355
1749531115.3363543	22	29657	25367
1749531120.35225	22	29673	25383
1749531125.3684196	22	29687	25396
1749531130.3847268	22	29707	25414
1749531135.4006324	22	29723	25429
1749531140.4169252	22	29738	25445
1749531145.4332027	22	29762	25466
1749531150.4469566	22	29780	25479
1749531155.4608893	22	29801	25489
1749531160.4748025	22	29822	25505
1749531165.488883	22	29841	25523
1749531170.5023885	22	29859	25537
1749531175.5162926	22	29875	25561
1749531180.5301387	22	29890	25579
1749531185.543417	22	29915	25591
1749531190.5594683	22	29935	25604
1749531195.576132	22	29952	25617
1749531200.589349	22	29964	25639
1749531205.603338	22	29981	25661
1749531210.6180675	22	30005	25673
1749531215.6341202	22	30024	25695
1749531220.6476784	22	30042	25712
1749531225.6610467	22	30054	25725
1749531230.674853	22	30076	25744
1749531235.6886008	22	30095	25761
1749531240.705947	22	30116	25775
1749531245.7200797	22	30142	25791
1749531250.7348022	22	30159	25815
1749531255.7495196	22	30181	25824
1749531260.7652056	22	30192	25836
1749531265.78507	22	30207	25851
1749531270.8000832	22	30224	25864
1749531275.8142254	22	30234	25872
1749531280.8292964	23	30254	25888
1749531285.845811	23	30267	25906
1749531290.8606062	23	30289	25925
1749531295.8759668	23	30308	25942
1749531300.891168	23	30330	25961
1749531305.9108162	23	30353	25984
1749531310.9265647	23	30375	25998
1749531315.9440315	23	30382	26012
1749531320.966807	23	30398	26026
1749531325.981697	23	30427	26042
1749531330.9968665	23	30439	26057
1749531336.0128834	23	30456	26070
1749531341.0305235	23	30476	26083
1749531346.0464923	23	30493	26096
1749531351.062081	23	30509	26116
1749531356.0763824	23	30527	26123
1749531361.0903385	23	30546	26136
1749531366.1047597	23	30565	26146
1749531371.1184216	23	30581	26165
1749531376.131698	23	30597	26175
1749531381.1451275	23	30612	26184
1749531386.160671	23	30641	26208
1749531391.1741164	23	30656	26218
1749531396.1958942	23	30680	26241
1749531401.2109702	23	30707	26254
1749531406.2254915	23	30724	26262
1749531411.2412183	23	30738	26276
1749531416.2569418	23	30753	26285
1749531421.273034	23	30777	26297
1749531426.290306	23	30786	26311
1749531431.3048134	23	30808	26324
1749531436.323331	23	30826	26335
1749531441.339694	23	30841	26345
1749531446.3549342	24	30856	26362
1749531451.3698478	24	30870	26378
1749531456.385372	24	30883	26395
1749531461.405555	24	30900	26413
1749531466.4209971	24	30920	26429
1749531471.437734	24	30938	26442
1749531476.4594345	24	30960	26455
1749531481.475107	24	30977	26474
1749531486.490977	24	30997	26491
1749531491.505477	24	31017	26511
1749531496.5207696	24	31032	26529
1749531501.5358853	24	31043	26544
1749531506.5509696	24	31063	26559
1749531511.566554	24	31085	26569
1749531516.588642	24	31108	26587
1749531521.6022925	24	31124	26604
1749531526.6172369	24	31138	26620
1749531531.632405	24	31154	26635
1749531536.6476674	24	31166	26649
1749531541.6677148	24	31184	26666
1749531546.6825938	24	31198	26684
1749531551.6975656	24	31216	26701
1749531556.7136133	24	31238	26710
1749531561.7281806	25	31260	26727
1749531566.7436285	25	31276	26745
1749531571.7578156	25	31303	26762
1749531576.772712	25	31318	26778
1749531581.7882512	25	31336	26793
1749531586.802777	25	31349	26810
1749531591.8204029	25	31370	26820
1749531596.8356273	25	31392	26832
1749531601.8506234	25	31416	26841
1749531606.8750908	25	31439	26857
1749531611.890412	25	31458	26868
1749531616.9048188	25	31479	26887
1749531621.9265013	25	31493	26902
1749531626.9413724	25	31506	26916
1749531631.957036	25	31528	26938
1749531636.973241	25	31549	26956
1749531641.9885101	25	31566	26974
1749531647.0038116	25	31582	26992
1749531652.0195692	25	31597	27007
1749531657.0358987	25	31622	27023
1749531662.0560455	25	31647	27042
1749531667.0713499	25	31660	27057
1749531672.0879023	25	31681	27077
1749531677.1041121	26	31700	27095
1749531682.1177611	26	31717	27109
1749531687.1347363	26	31740	27129
1749531692.1501746	26	31762	27146
1749531697.165814	26	31781	27164
1749531702.1898837	26	31805	27179
1749531707.2056286	26	31824	27197
1749531712.2213333	26	31849	27215
1749531717.2416692	26	31870	27236
1749531722.257395	26	31887	27257
1749531727.2731886	26	31909	27272
1749531732.2888548	26	31924	27292
1749531737.303748	26	31941	27309
1749531742.3190687	26	31960	27322
1749531747.334612	26	31976	27341
1749531752.3501084	26	31997	27360
1749531757.3755438	26	32010	27369
1749531762.3943968	26	32021	27384
1749531767.4107554	26	32039	27406
1749531772.4271977	26	32055	27418
1749531777.441976	26	32080	27431
1749531782.458134	26	32094	27450
1749531787.4790401	26	32117	27464
1749531792.4943461	26	32143	27478
1749531797.5099485	26	32162	27493
1749531802.533206	26	32185	27510
1749531807.5491633	26	32202	27524
1749531812.565231	26	32215	27550
1749531817.5878532	26	32226	27567
1749531822.602502	26	32246	27575
1749531827.6181974	26	32261	27592
1749531832.6339204	26	32285	27605
1749531837.649944	26	32297	27611
1749531842.6658359	26	32318	27629
1749531847.6810637	26	32335	27643
1749531852.697271	26	32343	27650
1749531857.7172034	26	32359	27668
1749531862.7336051	26	32376	27687
1749531867.7473483	26	32395	27699
1749531872.7616777	26	32418	27716
1749531877.7774315	26	32440	27726
1749531882.793251	26	32454	27743
1749531887.8087142	26	32466	27760
1749531892.8232055	26	32481	27779
1749531897.8379679	26	32492	27792
1749531902.853963	26	32505	27807
1749531907.8704796	26	32528	27820
1749531912.8842795	26	32545	27839
1749531917.899733	26	32569	27852
1749531922.9229827	26	32583	27868
1749531927.9384282	26	32611	27880
1749531932.9549475	26	32635	27893
1749531937.9710803	26	32650	27906
1749531942.9866936	26	32666	27929
1749531948.0029855	26	32682	27949
1749531953.0194068	26	32700	27959
1749531958.034747	26	32715	27973
1749531963.0585132	26	32742	27989
1749531968.0747116	26	32767	28002
1749531973.091041	26	32788	28013
1749531978.1059725	26	32809	28029
1749531983.1213808	26	32828	28048
1749531988.1371784	26	32845	28068
1749531993.1535454	26	32859	28085
1749531998.168842	26	32876	28098
1749532003.1845653	26	32901	28118
1749532008.199769	26	32913	28132
1749532013.2198024	26	32922	28152
1749532018.2350254	26	32943	28171
1749532023.2503824	26	32961	28197
1749532028.266626	26	32977	28217
1749532033.282583	26	33000	28232
1749532038.2970011	26	33014	28243
1749532043.3105874	26	33027	28257
1749532048.324952	26	33042	28269
1749532053.3392015	26	33063	28288
1749532058.3527498	26	33095	28303
1749532063.3661952	26	33107	28326
1749532068.3796499	26	33131	28335
1749532073.3927	26	33155	28347
1749532078.4067106	26	33169	28354
1749532083.4286919	26	33185	28362
1749532088.4461894	26	33199	28375
1749532093.4604545	26	33219	28391
1749532098.4741266	26	33241	28405
1749532103.4881663	26	33254	28419
1749532108.508822	26	33277	28433
1749532113.5229876	26	33292	28450
1749532118.537679	26	33316	28465
1749532123.5534072	26	33335	28474
1749532128.5679607	26	33356	28486
1749532133.589139	26	33372	28500
1749532138.6036122	26	33397	28520
1749532143.6190352	26	33414	28534
1749532148.634446	26	33437	28556
1749532153.6505754	26	33459	28565
1749532158.6739569	26	33476	28586
1749532163.6893263	26	33495	28604
1749532168.7062044	26	33516	28626
1749532173.7203329	26	33537	28643
1749532178.7359047	26	33548	28654
1749532183.7516482	26	33573	28670
1749532188.7674332	26	33593	28688
1749532193.7811472	26	33615	28705
1749532198.7946002	26	33635	28718
1749532203.8096304	27	33657	28732
1749532208.8325891	27	33674	28755
1749532213.84842	27	33697	28769
1749532218.8644238	27	33711	28789
1749532223.8877394	27	33724	28807
1749532228.902359	27	33742	28826
1749532233.91771	27	33759	28847
1749532238.9335	27	33779	28865
1749532243.9494872	27	33803	28886
1749532248.9635768	27	33826	28911
1749532253.9778688	27	33838	28928
1749532258.993306	27	33861	28943
1749532264.0096598	28	33880	28957
1749532269.025735	28	33894	28970
1749532274.046155	28	33917	28995
1749532279.0624363	28	33933	29010
1749532284.0781262	28	33950	29026
1749532289.094954	28	33965	29046
1749532294.1116414	28	33985	29062
1749532299.1271698	28	34004	29076
1749532304.143929	28	34027	29099
1749532309.161172	28	34048	29117
1749532314.1765525	28	34064	29130
1749532319.1926968	28	34085	29152
1749532324.2088323	28	34099	29165
1749532329.2222762	28	34125	29179
1749532334.2376955	28	34145	29195
1749532339.2592554	28	34160	29211
1749532344.274794	28	34189	29230
1749532349.2914195	28	34207	29252
1749532354.3146207	28	34237	29260
1749532359.3303711	28	34254	29270
1749532364.3461714	28	34269	29293
1749532369.3628807	28	34287	29313
1749532374.3801818	28	34303	29327
1749532379.3961933	28	34323	29343
1749532384.410418	28	34343	29357
1749532389.426816	28	34361	29372
1749532394.4472883	28	34393	29380
1749532399.4636912	28	34408	29394
1749532404.4799864	29	34426	29409
1749532409.4942582	29	34442	29426
1749532414.5101955	29	34461	29442
1749532419.532654	29	34476	29458
1749532424.5485718	29	34497	29473
1749532429.5645688	29	34512	29488
1749532434.584851	29	34537	29514
1749532439.59954	29	34556	29535
1749532444.6162124	29	34572	29552
1749532449.6322515	29	34588	29568
1749532454.646181	29	34607	29584
1749532459.6601229	29	34624	29600
1749532464.6756914	29	34655	29614
1749532469.692252	29	34672	29639
1749532474.708109	29	34690	29651
1749532479.7319465	29	34710	29666
1749532484.7472808	29	34729	29683
1749532489.7642534	29	34753	29700
1749532494.7805388	29	34770	29715
1749532499.7960155	29	34783	29733
1749532504.8125696	29	34806	29745
1749532509.8283162	29	34821	29759
1749532514.850571	29	34844	29777
1749532519.8654516	29	34874	29802
1749532524.8807902	29	34893	29815
1749532529.8971684	29	34912	29829
1749532534.9135947	30	34930	29842
1749532539.9295068	30	34953	29857
1749532544.9465	30	34976	29882
1749532549.9624503	30	34999	29893
1749532554.9781249	30	35021	29906
1749532559.9933786	30	35039	29916
1749532565.010946	30	35054	29925
1749532570.0263207	30	35069	29935
1749532575.041868	30	35087	29949
1749532580.0584662	30	35111	29961
1749532585.0743449	30	35135	29976
1749532590.0896266	30	35155	29987
1749532595.1051142	30	35175	30001
1749532600.121562	30	35194	30016
1749532605.1409738	30	35218	30033
1749532610.1569843	30	35237	30047
1749532615.1724577	30	35253	30063
1749532620.1867247	30	35277	30078
1749532625.2026699	30	35299	30094
1749532630.222013	30	35318	30110
1749532635.2372165	30	35334	30125
1749532640.2507858	30	35354	30138
1749532645.2658284	30	35366	30149
1749532650.2818198	30	35400	30158
1749532655.2979045	30	35428	30178
1749532660.3134062	30	35450	30194
1749532665.328726	30	35468	30206
1749532670.3506331	30	35486	30224
1749532675.3668697	30	35509	30239
1749532680.3832502	30	35536	30256
1749532685.3990386	30	35560	30275
1749532690.4177663	30	35578	30294
1749532695.4339125	30	35597	30313
1749532700.4492617	30	35618	30329
1749532705.4644747	30	35635	30350
1749532710.487291	30	35649	30365
1749532715.5055668	30	35666	30381
1749532720.521725	30	35695	30403
1749532725.5446541	30	35708	30420
1749532730.5607734	30	35733	30435
1749532735.5764468	30	35755	30445
1749532740.5919797	30	35765	30454
1749532745.607661	30	35778	30464
1749532750.623705	30	35792	30474
1749532755.6382856	30	35806	30493
1749532760.6540256	30	35818	30505
1749532765.670359	30	35831	30509
1749532770.6861699	30	35840	30525
1749532775.7028418	30	35854	30541
1749532780.7169878	30	35866	30547
1749532785.732716	30	35876	30562
1749532790.7548838	30	35887	30577
1749532795.7696931	30	35897	30588
1749532800.7844825	30	35913	30608
1749532805.7990968	30	35919	30617
1749532810.8149269	30	35930	30628
1749532815.831872	30	35943	30639
1749532820.8484735	30	35954	30651
1749532825.86263	30	35963	30662
1749532830.8788872	31	35973	30671
1749532835.8950355	31	35981	30680
1749532840.9116902	31	35991	30691
1749532845.9281642	31	35998	30696
1749532850.9445662	31	36011	30707
1749532855.9659975	31	36018	30718
1749532860.981423	31	36028	30726
1749532865.9960995	31	36037	30734
1749532871.01156	31	36049	30740
1749532876.026761	31	36058	30750
1749532881.0420878	31	36068	30756
1749532886.058446	31	36076	30767
1749532891.0727165	31	36085	30772
1749532896.0881343	31	36097	30781
1749532901.1061826	31	36101	30794
1749532906.1211548	31	36109	30804
1749532911.1371167	31	36119	30816
1749532916.1531892	31	36141	30820
1749532921.1740274	31	36152	30832
1749532926.189664	31	36163	30843
1749532931.2049296	31	36173	30849
1749532936.2203665	31	36179	30860
1749532941.2360802	31	36184	30868
1749532946.250821	31	36197	30875
1749532951.2668364	31	36209	30883
1749532956.282848	31	36219	30890
1749532961.305117	31	36228	30901
1749532966.3211658	31	36233	30909
1749532971.3369963	31	36246	30917
1749532976.3517833	31	36257	30928
1749532981.3676693	31	36269	30936
1749532986.3833938	31	36282	30945
1749532991.4001029	31	36287	30953
1749532996.4159412	31	36304	30963
1749533001.438059	31	36314	30978
1749533006.4534361	31	36321	30991
1749533011.4703217	31	36332	31002
1749533016.4934766	31	36343	31010
1749533021.50968	31	36348	31022
1749533026.5265603	31	36353	31032
1749533031.5420065	31	36360	31041
1749533036.557531	31	36378	31050
1749533041.5724363	31	36389	31057
1749533046.5868924	31	36398	31067
1749533051.6021936	31	36407	31074
1749533056.623137	31	36414	31086
1749533061.645851	31	36421	31097
1749533066.6618884	31	36425	31105
1749533071.6774845	31	36435	31115
1749533076.6925437	31	36444	31117
1749533081.707798	31	36453	31128
1749533086.7293787	31	36464	31139
1749533091.7445445	31	36468	31144
1749533096.7602546	31	36482	31159
1749533101.7753859	31	36495	31167
1749533106.7895207	31	36503	31177
1749533111.803794	31	36512	31188
1749533116.8181958	31	36525	31194
1749533121.8334866	31	36531	31201
1749533126.8513424	31	36543	31212
1749533131.867136	31	36559	31220
1749533136.8830564	31	36567	31227
1749533141.8976936	31	36577	31240
1749533146.9146092	31	36585	31253
1749533151.938464	31	36592	31263
1749533156.9538786	31	36601	31273
1749533161.9694598	31	36605	31280
1749533166.9853785	31	36614	31294
1749533172.0014634	31	36619	31303
1749533177.0176668	31	36628	31319
1749533182.0323684	31	36646	31330
1749533187.0481071	31	36666	31340
1749533192.0641239	31	36677	31351
1749533197.0802119	31	36683	31359
1749533202.0962484	31	36693	31369
1749533207.111745	31	36704	31379
1749533212.125518	31	36724	31390
1749533217.1415417	31	36731	31394
1749533222.1576796	31	36742	31402
1749533227.1745605	31	36755	31413
1749533232.191063	31	36769	31420
1749533237.2058275	31	36784	31432
1749533242.2215002	31	36795	31439
1749533247.2368758	31	36802	31447
1749533252.2528844	31	36808	31459
1749533257.2697282	31	36817	31469
1749533262.284816	31	36826	31482
1749533267.3010054	31	36835	31491
1749533272.3250186	31	36845	31506
1749533277.3410695	31	36852	31510
1749533282.357272	31	36863	31521
1749533287.3808005	31	36872	31526
1749533292.3975441	31	36885	31536
1749533297.4117615	31	36896	31548
1749533302.427223	31	36909	31555
1749533307.4443233	31	36916	31569
1749533312.4613073	31	36923	31583
1749533317.477681	31	36929	31590
1749533322.4914782	31	36938	31597
1749533327.5087519	31	36951	31604
1749533332.5235868	31	36960	31613
1749533337.5396755	31	36967	31622
1749533342.5552611	31	36976	31637
1749533347.568804	31	36988	31651
1749533352.5915363	31	36996	31664
1749533357.6080837	32	37008	31677
1749533362.6242115	32	37019	31686
1749533367.6399553	32	37023	31695
1749533372.6540406	32	37029	31704
1749533377.6728983	32	37033	31720
1749533382.6906939	32	37040	31731
1749533387.706497	32	37053	31736
1749533392.7303464	32	37059	31744
1749533397.74459	32	37067	31756
1749533402.7611663	32	37074	31765
1749533407.7767134	32	37084	31778
1749533412.7919006	32	37093	31790
1749533417.808027	32	37106	31798
1749533422.8225117	32	37119	31804
1749533427.8378088	32	37129	31813
1749533432.8534923	32	37137	31820
1749533437.8701897	32	37145	31827
1749533442.8882828	32	37156	31841
1749533447.9038885	32	37164	31852
1749533452.9193141	32	37174	31860
1749533457.941202	32	37188	31871
1749533462.957007	32	37193	31878
1749533467.9727228	32	37204	31883
1749533472.9975615	32	37210	31892
1749533478.013511	32	37228	31903
1749533483.0294116	32	37240	31913
1749533488.0539355	32	37253	31921
1749533493.068953	32	37262	31931
1749533498.0851984	32	37273	31938
1749533503.1015093	32	37283	31949
1749533508.1175196	32	37297	31956
1749533513.1342008	32	37305	31965
1749533518.150147	32	37321	31972
1749533523.1659274	32	37329	31982
1749533528.1859777	32	37339	31994
1749533533.2059345	32	37355	32002
1749533538.2212782	32	37366	32014
1749533543.2372942	32	37378	32021
1749533548.2520497	32	37389	32029
1749533553.2678788	32	37395	32040
1749533558.292333	32	37400	32050
1749533563.3069763	32	37410	32058
1749533568.3229373	32	37421	32070
1749533573.340264	32	37435	32080
1749533578.3551571	32	37445	32088
1749533583.3698514	32	37454	32099
1749533588.3854544	32	37462	32107
1749533593.4013104	32	37468	32114
1749533598.416143	32	37480	32125
1749533603.4313114	32	37492	32134
1749533608.4487677	32	37500	32149
1749533613.465653	32	37516	32167
1749533618.4802482	32	37528	32182
1749533623.5021248	32	37534	32196
1749533628.5155892	32	37538	32206
1749533633.529859	32	37541	32213
1749533638.547305	32	37552	32223
1749533643.5615807	32	37557	32232
1749533648.5767517	32	37563	32244
1749533653.5928895	32	37567	32250
1749533658.6092434	32	37575	32261
1749533663.6260982	32	37587	32271
1749533668.6439738	32	37602	32282
1749533673.6579568	32	37612	32289
1749533678.6737344	32	37621	32301
1749533683.6898398	32	37626	32309
1749533688.7122197	32	37636	32325
1749533693.7284236	32	37649	32337
1749533698.7448716	32	37657	32354
1749533703.767415	32	37667	32363
1749533708.7829854	32	37676	32374
1749533713.7986984	32	37689	32385
1749533718.8220704	32	37693	32394
1749533723.83772	32	37701	32409
1749533728.8516142	32	37712	32422
1749533733.8647387	32	37719	32426
1749533738.8794844	32	37726	32439
1749533743.8946357	32	37738	32452
1749533748.9096787	32	37748	32457
1749533753.9240487	32	37759	32464
1749533758.940036	32	37769	32468
1749533763.955732	32	37782	32479
1749533768.977603	32	37794	32488
1749533773.9940329	32	37809	32498
1749533779.008981	32	37818	32504
1749533784.0315144	32	37826	32514
1749533789.0483766	32	37838	32528
1749533794.0646229	32	37852	32541
1749533799.0863247	32	37863	32548
1749533804.105325	32	37874	32563
1749533809.122143	32	37884	32572
1749533814.1447709	32	37891	32585
1749533819.1605706	32	37901	32594
1749533824.174454	32	37917	32609
1749533829.189926	32	37928	32615
1749533834.2056394	32	37940	32629
1749533839.221421	32	37947	32636
1749533844.2383816	32	37958	32644
1749533849.2564874	32	37970	32652
1749533854.272373	32	37984	32666
1749533859.2884073	32	37998	32677
1749533864.3036757	32	38007	32683
1749533869.31963	32	38015	32690
1749533874.3360286	32	38029	32702
1749533879.352295	32	38036	32711
1749533884.3666098	32	38050	32725
1749533889.380329	32	38057	32738
1749533894.3954709	32	38073	32748
1749533899.412162	32	38088	32760
1749533904.4294062	32	38096	32767
1749533909.446038	32	38107	32780
1749533914.4618642	32	38114	32790
1749533919.4779463	32	38125	32801
1749533924.4936197	32	38135	32811
1749533929.5096831	32	38143	32818
1749533934.5265498	32	38151	32833
1749533939.5431437	32	38165	32842
1749533944.5572474	32	38178	32852
1749533949.57135	32	38182	32858
1749533954.5888498	32	38190	32871
1749533959.6022027	32	38199	32884
1749533964.615836	32	38211	32897
1749533969.6312716	32	38225	32907
1749533974.6449528	32	38236	32915
