1750062766.2437968	0	2	4
1750062771.2558599	0	16	20
1750062776.2665462	0	29	35
1750062781.2789063	0	39	54
1750062786.288913	0	45	68
1750062791.303905	0	53	85
1750062796.3137558	0	60	96
1750062801.3367147	0	70	102
1750062806.353356	0	75	112
1750062811.3646615	0	82	125
1750062816.3778884	0	88	138
1750062821.3987508	0	99	148
1750062826.4132278	0	108	164
1750062831.4269571	0	127	174
1750062836.4388301	0	139	186
1750062841.4529777	0	152	196
1750062846.467517	0	160	209
1750062851.4862342	0	172	220
1750062856.5063813	0	184	232
1750062861.51835	0	196	244
1750062866.5307076	0	204	265
1750062871.5453436	0	212	277
1750062876.5583699	0	224	289
1750062881.5726945	0	236	298
1750062886.5877855	0	243	309
1750062891.6060054	0	252	327
1750062896.6186996	1	262	334
1750062901.6322315	1	268	347
1750062906.6470106	1	273	355
1750062911.6603658	1	285	369
1750062916.6747868	1	299	388
1750062921.688698	1	310	396
1750062926.701987	1	324	409
1750062931.7234757	1	336	420
1750062936.7380395	1	345	434
1750062941.7527084	2	357	448
1750062946.777125	2	365	457
1750062951.7909408	2	372	471
1750062956.8054276	2	377	483
1750062961.8247404	2	389	494
1750062966.8386307	3	395	515
1750062971.8522842	3	411	527
1750062976.8668978	3	421	540
1750062981.8865557	3	429	556
1750062986.9009488	3	439	571
1750062991.9233997	3	449	578
1750062996.9385998	3	456	587
1750063001.9518762	3	463	602
1750063006.9658291	3	470	622
1750063011.988871	3	480	634
1750063016.9994023	3	488	644
1750063022.0098152	3	497	657
1750063027.0218582	3	505	669
1750063032.0428765	3	515	681
1750063037.0566828	3	523	695
1750063042.0798266	3	533	702
1750063047.0953877	3	538	711
1750063052.1095905	3	548	719
1750063057.123745	3	557	735
1750063062.1485732	3	566	754
1750063067.1615195	3	572	770
1750063072.1729527	3	588	784
1750063077.1864288	3	601	799
1750063082.2014375	3	612	815
1750063087.215579	3	621	825
1750063092.2296753	3	631	839
1750063097.2429202	3	635	848
1750063102.256787	3	646	864
1750063107.2707212	3	657	869
1750063112.2848818	4	669	879
1750063117.2980552	4	684	893
1750063122.3187168	4	693	906
1750063127.3324091	4	701	922
1750063132.346571	4	712	940
1750063137.3609457	5	720	950
1750063142.3755908	5	727	962
1750063147.3886378	5	741	976
1750063152.4046662	6	745	984
1750063157.4210985	6	758	989
1750063162.4343433	6	774	999
1750063167.4490829	6	784	1017
1750063172.4607534	6	792	1031
1750063177.474686	6	802	1037
1750063182.4883006	6	815	1050
1750063187.5032957	6	832	1063
1750063192.525989	6	838	1075
1750063197.5503428	6	851	1087
1750063202.5657005	6	860	1095
1750063207.587117	6	868	1109
1750063212.6040854	6	877	1125
1750063217.6181595	6	888	1134
1750063222.6307147	6	895	1153
1750063227.6442912	6	904	1166
1750063232.6573365	6	920	1179
1750063237.6709168	6	923	1185
1750063242.6854959	6	930	1195
1750063247.7004519	6	939	1203
1750063252.7252066	6	951	1215
1750063257.7376468	7	962	1228
1750063262.7537692	7	970	1244
1750063267.768476	7	976	1257
1750063272.7856853	8	985	1270
1750063277.8007977	9	992	1280
1750063282.8238242	9	1005	1291
1750063287.8448243	9	1016	1301
1750063292.8596933	9	1022	1319
1750063297.8727534	9	1035	1334
1750063302.8854735	9	1044	1348
1750063307.9001284	9	1051	1360
1750063312.9143	9	1067	1375
1750063317.938691	9	1074	1388
1750063322.958663	9	1085	1398
1750063327.9725273	9	1095	1411
1750063332.9857132	9	1101	1426
1750063338.0003514	10	1108	1443
1750063343.0158257	10	1116	1454
1750063348.0314643	10	1125	1469
1750063353.0459728	10	1131	1479
1750063358.0609906	10	1149	1493
1750063363.0754428	12	1161	1507
1750063368.0902958	12	1168	1524
1750063373.1050048	13	1176	1538
1750063378.1196935	13	1186	1547
1750063383.1351192	13	1190	1560
1750063388.1499019	13	1198	1579
1750063393.1638458	13	1206	1591
1750063398.179105	13	1221	1603
1750063403.1942377	13	1234	1617
1750063408.208823	13	1245	1630
1750063413.2246945	14	1250	1651
1750063418.2392228	14	1260	1671
1750063423.2545435	14	1269	1681
1750063428.2697327	15	1282	1694
1750063433.2843108	15	1293	1715
1750063438.299498	15	1304	1722
1750063443.3218648	16	1321	1736
1750063448.3356602	16	1333	1742
1750063453.3503108	16	1344	1757
1750063458.3710928	16	1356	1765
1750063463.386143	16	1369	1778
1750063468.4010692	16	1382	1791
1750063473.4160936	16	1389	1802
1750063478.4305844	16	1399	1813
1750063483.4444005	18	1409	1839
1750063488.459168	18	1415	1854
1750063493.4747846	18	1421	1870
1750063498.489359	18	1435	1890
1750063503.5052497	18	1447	1905
1750063508.521468	18	1460	1911
1750063513.5356433	18	1465	1921
1750063518.5508173	18	1474	1937
1750063523.5657153	18	1493	1944
1750063528.5807476	18	1503	1954
1750063533.5954897	18	1510	1966
1750063538.621124	18	1521	1989
1750063543.634503	18	1529	2006
1750063548.6481884	18	1534	2018
1750063553.6628618	18	1546	2030
1750063558.678012	19	1554	2048
1750063563.6937683	19	1559	2057
1750063568.7081633	19	1570	2070
1750063573.7207127	20	1585	2082
1750063578.7353196	20	1589	2098
1750063583.7505007	21	1598	2114
1750063588.767456	21	1613	2132
1750063593.7834563	21	1626	2146
1750063598.7986157	21	1634	2153
1750063603.8121834	21	1642	2165
1750063608.8277369	21	1649	2180
1750063613.843036	22	1658	2197
1750063618.8588738	23	1666	2217
1750063623.881072	23	1676	2226
1750063628.8955963	23	1690	2239
1750063633.9110782	23	1702	2252
1750063638.9257975	23	1714	2257
1750063643.941363	23	1726	2268
1750063648.9543805	23	1738	2274
1750063653.968108	23	1749	2288
1750063658.9828155	23	1755	2298
1750063663.9961388	23	1764	2311
1750063669.0121567	23	1776	2326
1750063674.0297887	23	1792	2335
1750063679.055005	24	1803	2351
1750063684.0698025	24	1811	2358
1750063689.0851295	24	1819	2368
1750063694.0990036	24	1829	2382
1750063699.114433	24	1840	2394
1750063704.1319664	24	1850	2403
1750063709.146949	24	1857	2412
1750063714.1611342	24	1869	2433
1750063719.1757298	24	1881	2455
1750063724.191151	24	1890	2472
1750063729.2085297	24	1901	2487
1750063734.2231658	25	1915	2497
1750063739.2374775	26	1922	2516
1750063744.2523406	26	1937	2527
1750063749.2673116	26	1952	2539
1750063754.2833564	26	1962	2557
1750063759.2984467	26	1972	2573
1750063764.3139427	26	1982	2583
1750063769.3281617	26	1992	2591
1750063774.3425994	26	2004	2604
1750063779.3573568	26	2018	2618
1750063784.3727608	26	2025	2631
1750063789.3882637	26	2038	2645
1750063794.4023063	26	2049	2653
1750063799.4160268	26	2062	2664
1750063804.4307592	26	2069	2676
1750063809.4465992	26	2081	2691
1750063814.47044	26	2090	2708
1750063819.4883783	26	2101	2722
1750063824.5034685	27	2115	2738
1750063829.5182815	27	2120	2752
1750063834.5327265	27	2123	2769
1750063839.548334	27	2131	2779
1750063844.5632007	27	2141	2794
1750063849.5780177	27	2149	2810
1750063854.592729	28	2156	2825
1750063859.606001	28	2168	2836
1750063864.619711	29	2183	2851
1750063869.6365187	29	2190	2862
1750063874.6514902	29	2198	2875
1750063879.6666167	29	2207	2892
1750063884.6809807	29	2213	2902
1750063889.6946182	30	2219	2914
1750063894.7098148	30	2232	2926
1750063899.7225199	30	2237	2938
1750063904.7379038	30	2245	2952
1750063909.7532985	30	2255	2965
1750063914.7683263	30	2265	2980
1750063919.7855103	30	2275	2992
1750063924.800686	30	2287	3000
1750063929.8149886	30	2296	3012
1750063934.8310406	30	2301	3027
1750063939.8460639	31	2314	3036
1750063944.8632247	31	2323	3048
1750063949.8772218	31	2331	3062
1750063954.8931491	31	2337	3075
1750063959.9086413	31	2355	3087
1750063964.9236674	32	2370	3103
1750063969.9449012	32	2381	3115
1750063974.9607303	32	2389	3127
1750063979.9740155	32	2400	3147
1750063984.9884272	32	2405	3162
1750063990.0025866	32	2415	3179
1750063995.0260756	32	2430	3190
1750064000.042022	33	2437	3203
1750064005.056451	33	2447	3216
1750064010.069735	33	2452	3227
1750064015.083544	33	2460	3233
1750064020.099959	33	2470	3247
1750064025.1142478	33	2480	3261
1750064030.127741	34	2495	3276
1750064035.142812	34	2503	3287
1750064040.1572058	34	2518	3298
1750064045.175303	34	2529	3312
1750064050.188134	34	2536	3322
1750064055.2023392	34	2554	3331
1750064060.216903	35	2561	3345
1750064065.2318468	35	2572	3357
1750064070.251232	36	2590	3371
1750064075.2665465	36	2604	3383
1750064080.2808602	36	2609	3394
1750064085.2953146	36	2620	3410
1750064090.3086817	36	2630	3420
1750064095.3272245	36	2641	3430
1750064100.3414817	37	2650	3439
1750064105.3553748	37	2662	3452
1750064110.3687663	37	2676	3460
1750064115.3818223	37	2684	3477
1750064120.4015763	37	2694	3489
1750064125.415239	37	2709	3498
1750064130.429924	38	2717	3522
1750064135.444875	38	2731	3535
1750064140.459036	38	2738	3556
1750064145.4789574	38	2746	3572
1750064150.4939306	38	2764	3581
1750064155.5097358	38	2773	3595
1750064160.522865	39	2785	3608
1750064165.5372474	39	2793	3624
1750064170.5565326	39	2804	3632
1750064175.5712292	39	2816	3650
1750064180.5849023	39	2828	3659
1750064185.5996509	39	2841	3674
1750064190.6149476	39	2853	3685
1750064195.633195	39	2865	3700
1750064200.648216	39	2875	3711
1750064205.6630018	39	2886	3717
1750064210.6771598	39	2898	3728
1750064215.6898642	39	2907	3741
1750064220.712673	39	2916	3754
1750064225.7273123	39	2926	3767
1750064230.7417421	39	2933	3776
1750064235.7561524	39	2940	3786
1750064240.7700064	39	2950	3802
1750064245.7903802	39	2956	3816
1750064250.8051455	39	2963	3826
1750064255.8208842	39	2973	3837
1750064260.8351872	39	2988	3848
1750064265.8509321	39	2996	3864
1750064270.870745	40	3007	3877
1750064275.8862011	40	3018	3890
1750064280.900867	40	3030	3904
1750064285.9164321	40	3037	3916
1750064290.929112	40	3045	3937
1750064295.9496262	40	3054	3947
1750064300.9647105	40	3063	3960
1750064305.9797413	40	3066	3972
1750064310.9951127	40	3072	3983
1750064316.0075128	40	3081	3997
1750064321.0259418	40	3090	4008
1750064326.0410929	40	3095	4025
1750064331.0544732	40	3110	4043
1750064336.067827	40	3119	4057
1750064341.0837018	40	3124	4064
1750064346.0998485	40	3129	4080
1750064351.1140668	40	3133	4089
1750064356.1286674	41	3146	4108
1750064361.1437833	41	3153	4128
1750064366.1576564	41	3164	4148
1750064371.17726	41	3176	4157
1750064376.1941311	41	3182	4170
1750064381.2078128	41	3190	4183
1750064386.2224212	41	3201	4194
1750064391.237606	41	3210	4203
1750064396.2527506	41	3223	4222
1750064401.269249	42	3227	4237
1750064406.2839537	42	3237	4248
1750064411.2983673	42	3245	4260
1750064416.3119414	42	3261	4277
1750064421.326382	42	3274	4294
1750064426.3419552	42	3283	4301
1750064431.3570442	42	3292	4312
1750064436.3721282	42	3304	4321
1750064441.384602	42	3311	4329
1750064446.3976996	42	3320	4343
1750064451.41689	42	3329	4356
1750064456.4319847	42	3339	4367
1750064461.44658	42	3347	4375
1750064466.4608154	42	3354	4384
1750064471.4732764	42	3367	4392
1750064476.4913623	42	3382	4413
1750064481.5038538	42	3389	4427
1750064486.5157115	42	3402	4442
1750064491.5281837	42	3410	4459
1750064496.5473778	42	3421	4469
1750064501.5695028	42	3428	4481
1750064506.5852091	42	3433	4489
1750064511.6001198	42	3443	4497
1750064516.613555	42	3449	4509
1750064521.6295536	43	3457	4527
1750064526.6441176	43	3467	4539
1750064531.658514	43	3479	4552
1750064536.6713204	44	3493	4562
1750064541.6835163	44	3504	4575
1750064546.6992705	44	3511	4589
1750064551.721829	44	3520	4606
1750064556.7338796	45	3538	4625
1750064561.7457974	45	3552	4647
1750064566.7604277	46	3562	4657
1750064571.776763	46	3567	4670
1750064576.800274	46	3575	4678
1750064581.8158562	47	3583	4687
1750064586.828518	47	3596	4700
1750064591.8432918	47	3608	4714
1750064596.85826	47	3617	4725
1750064601.8773162	47	3625	4734
1750064606.8898396	47	3640	4745
1750064611.9021003	47	3656	4761
1750064616.9142861	47	3662	4771
1750064621.9297733	47	3670	4783
1750064626.9417443	47	3675	4799
1750064631.956	47	3684	4808
1750064636.9719954	47	3694	4824
1750064641.986572	48	3705	4842
1750064647.0047896	48	3714	4853
1750064652.0291445	48	3721	4870
1750064657.0440898	48	3728	4879
1750064662.057604	48	3736	4894
1750064667.0696654	48	3745	4906
1750064672.0817766	48	3755	4919
1750064677.101506	48	3763	4932
1750064682.1139274	49	3781	4945
1750064687.1270518	50	3794	4959
1750064692.1417341	50	3803	4976
1750064697.1569934	50	3806	4985
1750064702.1808608	50	3815	4995
1750064707.195541	50	3825	5007
1750064712.2115924	50	3834	5015
1750064717.2264078	50	3847	5037
1750064722.2398696	50	3866	5051
1750064727.2570455	51	3875	5067
1750064732.2691753	51	3887	5076
1750064737.28118	53	3896	5084
1750064742.29331	53	3908	5102
1750064747.308461	53	3919	5109
1750064752.3224335	53	3928	5128
1750064757.3353975	53	3937	5142
1750064762.3497605	53	3951	5153
1750064767.3653774	53	3960	5167
1750064772.3831978	53	3978	5177
1750064777.3984833	53	3989	5194
1750064782.4113762	53	3994	5208
1750064787.423445	53	4008	5214
1750064792.4357421	53	4027	5223
1750064797.4547455	53	4033	5239
1750064802.4669135	53	4048	5252
1750064807.48209	53	4059	5260
1750064812.4942594	54	4075	5276
1750064817.5064216	54	4080	5288
1750064822.5263147	54	4096	5307
1750064827.5385647	54	4105	5322
1750064832.555185	54	4117	5334
1750064837.5672388	55	4128	5349
1750064842.5797613	55	4142	5360
1750064847.6014981	55	4148	5379
1750064852.6143322	56	4160	5394
1750064857.6303644	56	4173	5406
1750064862.6460674	56	4182	5420
1750064867.6588628	56	4193	5435
1750064872.676136	57	4204	5444
1750064877.7021992	57	4213	5465
1750064882.7163715	57	4223	5476
1750064887.7298121	57	4230	5486
1750064892.7422647	57	4238	5499
1750064897.7566833	57	4247	5514
1750064902.7739213	57	4255	5532
1750064907.7886226	57	4265	5544
1750064912.8039467	57	4276	5554
1750064917.8172348	57	4282	5568
1750064922.8314753	58	4291	5576
1750064927.8520534	58	4300	5597
1750064932.8674188	58	4306	5610
1750064937.8814108	58	4315	5622
1750064942.8961327	58	4331	5635
1750064947.9105892	58	4342	5644
1750064952.925374	58	4352	5659
1750064957.940801	58	4358	5670
1750064962.9556043	58	4367	5684
1750064967.9708076	58	4377	5697
1750064972.9854174	58	4386	5715
1750064978.002767	58	4394	5724
1750064983.01719	58	4407	5742
1750064988.0313938	58	4419	5763
1750064993.045509	59	4431	5775
1750064998.061504	60	4449	5793
1750065003.0770078	60	4462	5803
1750065008.0937572	60	4470	5817
1750065013.1095343	60	4475	5837
1750065018.1226163	60	4484	5854
1750065023.1375382	60	4494	5864
1750065028.1526635	60	4501	5882
1750065033.1682096	60	4517	5893
1750065038.1832156	60	4528	5904
1750065043.1985335	61	4535	5920
1750065048.2137136	61	4545	5930
1750065053.2286003	61	4556	5945
1750065058.246958	61	4566	5962
1750065063.2612672	61	4573	5974
1750065068.2748	61	4584	5989
1750065073.2900417	61	4596	6005
1750065078.3082166	61	4601	6017
1750065083.3275092	61	4612	6030
1750065088.3417692	62	4621	6041
1750065093.3568277	62	4625	6054
1750065098.371867	62	4635	6067
1750065103.3886354	62	4645	6077
1750065108.410298	63	4654	6090
1750065113.425185	63	4666	6103
1750065118.4397495	63	4678	6116
1750065123.4547539	63	4687	6131
1750065128.470901	63	4696	6141
1750065133.4913483	63	4707	6155
1750065138.506521	63	4712	6169
1750065143.5201662	63	4722	6184
1750065148.5347629	63	4732	6198
1750065153.5496843	63	4741	6210
1750065158.5728889	63	4757	6221
1750065163.5898125	63	4766	6230
1750065168.6030295	64	4776	6244
1750065173.6177077	64	4784	6260
1750065178.6336653	64	4797	6279
1750065183.6540878	64	4806	6286
1750065188.6696205	64	4814	6299
1750065193.6837912	64	4822	6313
1750065198.698823	64	4834	6319
1750065203.7130306	64	4841	6333
1750065208.7348871	64	4849	6343
1750065213.7503803	65	4862	6360
1750065218.7632146	65	4867	6374
1750065223.776401	65	4877	6385
1750065228.7944317	65	4885	6405
1750065233.8160183	66	4891	6428
1750065238.830719	66	4901	6439
1750065243.8432734	66	4910	6449
1750065248.858685	67	4925	6463
1750065253.8748877	67	4932	6477
1750065258.890814	67	4944	6493
1750065263.9061127	67	4959	6507
1750065268.9193199	67	4969	6523
1750065273.9332874	67	4981	6534
1750065278.9483545	67	4987	6542
1750065283.9670706	68	5003	6556
1750065288.9825916	68	5011	6570
1750065293.9957592	68	5023	6589
1750065299.0102942	68	5032	6604
1750065304.0257223	69	5041	6619
1750065309.0456784	70	5052	6631
1750065314.0610054	70	5061	6642
1750065319.07529	71	5068	6658
1750065324.0880818	72	5081	6673
1750065329.1029449	72	5099	6689
1750065334.1239347	73	5109	6706
1750065339.1393416	73	5120	6724
1750065344.1542723	73	5132	6738
1750065349.1693454	73	5141	6747
1750065354.1831465	73	5157	6765
1750065359.1994076	73	5161	6774
1750065364.2144923	73	5170	6788
1750065369.2282398	73	5180	6796
1750065374.24329	73	5191	6809
1750065379.2582521	73	5197	6818
1750065384.2750037	73	5209	6833
1750065389.2896628	73	5222	6841
1750065394.3043945	75	5237	6856
1750065399.3193245	76	5249	6865
1750065404.332885	76	5256	6881
1750065409.3501418	76	5265	6896
1750065414.3643734	76	5276	6911
1750065419.3793018	76	5288	6922
1750065424.3931208	76	5294	6941
1750065429.4067261	76	5312	6948
1750065434.4292865	76	5327	6962
1750065439.4445262	76	5335	6981
1750065444.4587243	77	5345	7000
1750065449.4740486	77	5351	7015
1750065454.4902406	77	5360	7029
1750065459.506895	77	5366	7044
1750065464.5215132	77	5375	7061
1750065469.536868	77	5386	7072
1750065474.5517495	77	5398	7076
1750065479.5663035	77	5407	7088
1750065484.5862813	77	5413	7100
1750065489.601505	77	5419	7109
1750065494.616331	77	5425	7128
1750065499.6315112	77	5437	7147
1750065504.646721	77	5448	7168
1750065509.6624873	77	5458	7178
1750065514.6769285	78	5468	7188
1750065519.6914735	78	5480	7197
1750065524.7067835	78	5492	7212
1750065529.7217877	78	5498	7223
1750065534.7392118	78	5510	7243
1750065539.7549837	78	5517	7255
1750065544.7702208	78	5530	7272
1750065549.7843418	78	5541	7281
1750065554.7988324	78	5551	7293
1750065559.815843	78	5563	7308
1750065564.8306994	78	5571	7319
1750065569.8459904	78	5581	7329
1750065574.860463	78	5590	7344
1750065579.8750415	78	5601	7358
1750065584.8955543	78	5612	7375
1750065589.9098742	78	5621	7387
1750065594.922988	78	5627	7403
1750065599.9367888	79	5635	7418
1750065604.9509246	79	5653	7426
1750065609.9729872	79	5665	7437
1750065614.9877822	79	5676	7455
1750065620.0007868	79	5687	7462
1750065625.0152946	79	5701	7480
1750065630.03066	79	5712	7501
1750065635.0497565	79	5725	7513
1750065640.064739	79	5733	7518
1750065645.0801444	79	5737	7527
1750065650.0948582	79	5745	7536
1750065655.110531	79	5755	7546
1750065660.1307716	79	5769	7556
1750065665.147965	79	5776	7571
1750065670.1628	80	5789	7583
1750065675.1781478	80	5796	7599
1750065680.19281	80	5810	7620
1750065685.210363	80	5821	7634
1750065690.2285192	81	5830	7642
1750065695.2436547	81	5837	7658
1750065700.2580168	81	5847	7671
1750065705.2722404	81	5859	7687
1750065710.2882192	81	5870	7696
1750065715.3063676	81	5882	7709
1750065720.3204772	81	5892	7721
1750065725.3344886	81	5905	7735
1750065730.3493385	81	5918	7748
1750065735.36446	81	5927	7767
1750065740.3831778	82	5938	7776
1750065745.397426	82	5951	7791
1750065750.4104328	82	5966	7807
1750065755.424891	82	5975	7820
1750065760.442503	82	5983	7837
1750065765.4625933	82	5991	7849
1750065770.4755745	82	6005	7862
1750065775.490539	82	6015	7880
1750065780.5058744	82	6029	7891
1750065785.521179	82	6042	7900
1750065790.542449	83	6059	7914
1750065795.555515	83	6076	7926
1750065800.5686016	83	6089	7931
1750065805.5836625	83	6101	7945
1750065810.6014955	83	6109	7957
1750065815.623947	83	6117	7970
1750065820.6376832	83	6127	7986
1750065825.6528444	83	6136	7999
1750065830.6678476	84	6148	8009
1750065835.680899	84	6166	8023
1750065840.699496	84	6177	8035
1750065845.7138739	84	6189	8046
1750065850.7289639	84	6198	8054
1750065855.743726	84	6204	8065
1750065860.7576144	84	6212	8076
1750065865.7791197	84	6220	8083
1750065870.7929037	84	6226	8096
1750065875.8079014	84	6237	8112
1750065880.8227894	84	6249	8120
1750065885.8382034	85	6261	8132
1750065890.855819	85	6275	8145
1750065895.869775	85	6289	8153
1750065900.884775	85	6299	8169
1750065905.8988712	85	6314	8178
1750065910.914839	85	6331	8184
1750065915.9343588	86	6341	8199
1750065920.948943	86	6351	8207
1750065925.9619002	86	6363	8224
1750065930.9771926	86	6373	8238
1750065935.991894	86	6384	8249
1750065941.0146976	86	6396	8258
1750065946.0295382	86	6404	8274
1750065951.0450392	86	6416	8281
1750065956.0579407	86	6434	8297
1750065961.0728307	86	6442	8312
1750065966.0883305	86	6451	8322
1750065971.1024563	86	6463	8334
1750065976.1180875	86	6468	8355
1750065981.133004	86	6476	8369
1750065986.1485384	86	6482	8389
1750065991.1634612	86	6496	8403
1750065996.1874118	86	6510	8415
1750066001.206104	86	6517	8426
1750066006.2219038	86	6523	8437
1750066011.2371154	86	6531	8444
1750066016.2524555	86	6548	8456
1750066021.2676544	86	6561	8470
1750066026.2836044	86	6570	8481
1750066031.2983265	86	6581	8495
1750066036.3132236	86	6590	8509
1750066041.3270965	87	6606	8525
1750066046.3416846	87	6615	8536
1750066051.3575253	87	6624	8554
1750066056.371999	87	6636	8571
1750066061.3867211	87	6644	8582
1750066066.4009635	87	6654	8592
1750066071.415848	87	6660	8608
1750066076.4314628	87	6668	8624
1750066081.4459608	87	6679	8636
1750066086.4609203	87	6684	8647
1750066091.4768033	87	6695	8662
1750066096.4911819	87	6705	8672
1750066101.5066838	88	6714	8686
1750066106.5207171	88	6728	8696
1750066111.535025	89	6738	8704
1750066116.550007	89	6748	8722
1750066121.565012	89	6755	8735
1750066126.580519	89	6763	8746
1750066131.597017	90	6775	8757
1750066136.6121156	91	6785	8779
1750066141.6257875	91	6790	8791
1750066146.6391635	91	6799	8802
1750066151.6533961	91	6811	8815
1750066156.6738796	91	6820	8831
1750066161.6885867	92	6831	8839
1750066166.7024977	93	6841	8844
1750066171.716214	94	6855	8852
1750066176.7315614	94	6865	8865
1750066181.748815	94	6873	8878
1750066186.7643332	94	6880	8896
1750066191.7782242	94	6886	8916
1750066196.7906094	94	6898	8927
1750066201.8048754	97	6909	8942
1750066206.823722	97	6918	8954
1750066211.8385894	97	6931	8964
1750066216.8529456	98	6946	8975
1750066221.866371	98	6959	8985
1750066226.8796628	98	6965	8998
1750066231.8988209	98	6972	9012
1750066236.9133968	98	6981	9029
1750066241.9279437	98	6994	9043
1750066246.942397	98	7010	9054
1750066251.9572406	98	7023	9069
1750066256.9765604	98	7034	9090
1750066261.991352	98	7040	9108
1750066267.0078783	98	7047	9118
1750066272.022544	98	7055	9127
1750066277.0362082	98	7064	9137
1750066282.0548556	98	7082	9146
1750066287.0698195	98	7097	9156
1750066292.0841932	98	7102	9171
1750066297.0994377	98	7113	9187
1750066302.1142452	98	7120	9200
1750066307.1322973	98	7129	9213
1750066312.1464458	98	7144	9219
1750066317.1610787	98	7154	9232
1750066322.1768427	100	7175	9249
1750066327.192354	100	7189	9260
1750066332.2168753	100	7200	9270
1750066337.2331254	100	7208	9286
1750066342.2474906	100	7215	9296
1750066347.2632906	100	7225	9310
1750066352.279049	100	7239	9325
1750066357.3004735	101	7249	9337
1750066362.3163054	102	7260	9347
1750066367.3300958	102	7268	9359
1750066372.345796	102	7280	9366
1750066377.3597515	102	7293	9380
1750066382.3752306	102	7302	9397
1750066387.3899105	102	7314	9401
1750066392.4048626	103	7323	9415
1750066397.4210813	103	7331	9427
1750066402.4460323	103	7339	9435
1750066407.4620404	103	7349	9450
1750066412.4776447	103	7366	9464
1750066417.494322	103	7372	9474
1750066422.5102465	104	7383	9486
1750066427.5333798	104	7396	9502
1750066432.5476952	104	7404	9513
1750066437.5690417	104	7422	9527
1750066442.5850294	104	7435	9540
1750066447.6006763	104	7444	9554
1750066452.6233742	104	7454	9563
1750066457.639681	104	7467	9577
1750066462.6566556	104	7480	9590
1750066467.6729631	104	7487	9601
1750066472.6871881	104	7496	9615
1750066477.710822	104	7504	9632
1750066482.7274928	104	7511	9644
1750066487.7462213	104	7520	9658
1750066492.7600236	105	7528	9672
1750066497.7752495	105	7537	9683
1750066502.7962973	105	7546	9696
1750066507.810083	106	7556	9710
1750066512.830599	106	7568	9730
1750066517.8447454	106	7586	9742
1750066522.858902	107	7596	9756
1750066527.8829482	107	7607	9768
1750066532.907076	107	7613	9780
1750066537.9233031	107	7620	9789
1750066542.9371989	107	7632	9800
1750066547.9525251	107	7641	9807
1750066552.9674833	107	7659	9820
1750066557.9931042	108	7674	9831
1750066563.0087569	108	7686	9850
1750066568.0239506	108	7695	9858
1750066573.038808	108	7705	9877
1750066578.0535567	108	7715	9890
1750066583.072618	109	7729	9912
1750066588.08881	109	7739	9932
1750066593.1035655	109	7748	9946
1750066598.119371	109	7760	9961
1750066603.1349494	109	7776	9973
1750066608.1562126	109	7790	9984
1750066613.17135	109	7803	9994
1750066618.1867616	109	7814	10011
1750066623.2016275	109	7827	10037
1750066628.2200012	109	7836	10049
1750066633.2426105	109	7846	10062
1750066638.2603414	109	7863	10075
1750066643.274356	109	7871	10082
1750066648.289948	110	7886	10098
1750066653.3092318	110	7895	10110
1750066658.3317041	110	7905	10123
1750066663.3518724	110	7917	10137
1750066668.3666043	111	7929	10149
1750066673.3828588	111	7941	10159
1750066678.3992062	111	7954	10179
1750066683.4252665	112	7963	10190
1750066688.444797	113	7970	10215
1750066693.4592168	113	7987	10230
1750066698.475653	113	8000	10243
1750066703.4913025	113	8009	10251
1750066708.511446	113	8020	10264
1750066713.5323708	113	8030	10272
1750066718.5467267	113	8040	10284
1750066723.562818	114	8054	10299
1750066728.578792	114	8069	10309
1750066733.5944881	115	8083	10323
1750066738.6146615	115	8089	10330
1750066743.62919	115	8102	10337
1750066748.645571	115	8111	10353
1750066753.6620865	115	8120	10359
1750066758.6799548	115	8127	10375
1750066763.702636	115	8138	10388
1750066768.717122	115	8148	10408
1750066773.731656	115	8165	10424
1750066778.7472756	115	8172	10439
1750066783.7652085	115	8186	10449
1750066788.787204	115	8198	10460
1750066793.801771	115	8209	10469
1750066798.817305	115	8225	10487
1750066803.833289	115	8237	10499
1750066808.8500063	115	8252	10509
1750066813.8723607	115	8262	10520
1750066818.8870416	115	8274	10533
1750066823.9023745	115	8286	10543
1750066828.9188147	116	8299	10554
1750066833.934509	116	8308	10563
1750066838.9576142	116	8322	10579
1750066843.9717488	117	8337	10597
1750066848.987238	117	8352	10609
1750066854.0034335	117	8359	10622
1750066859.018667	117	8373	10631
1750066864.0440402	118	8381	10645
1750066869.0595818	118	8390	10656
1750066874.0752344	118	8395	10670
1750066879.091782	118	8403	10679
1750066884.1093106	118	8411	10694
1750066889.1290004	118	8418	10706
1750066894.1427364	118	8425	10718
1750066899.1586442	118	8432	10729
1750066904.174253	118	8440	10747
1750066909.1914744	118	8447	10757
1750066914.2177262	118	8466	10766
1750066919.2323327	118	8477	10784
1750066924.2490041	118	8484	10800
1750066929.2659006	118	8491	10814
1750066934.2825449	118	8502	10829
1750066939.301803	119	8509	10844
1750066944.3160203	119	8519	10856
1750066949.3317523	119	8528	10868
1750066954.346743	119	8540	10884
1750066959.3633957	119	8554	10895
1750066964.387416	119	8565	10913
1750066969.403257	119	8572	10932
1750066974.4186728	120	8581	10941
1750066979.4359136	120	8589	10958
1750066984.4526432	120	8598	10976
1750066989.4770722	120	8612	10988
1750066994.4933958	121	8624	11008
1750066999.5105739	121	8633	11027
1750067004.5279286	121	8645	11037
1750067009.5434747	121	8658	11052
1750067014.5652096	121	8665	11068
1750067019.5816503	121	8671	11084
1750067024.5978127	122	8683	11099
1750067029.6141665	122	8690	11113
1750067034.6288426	122	8703	11128
1750067039.6548193	122	8712	11145
1750067044.6700714	122	8724	11162
1750067049.685801	122	8740	11177
1750067054.7015734	122	8757	11191
1750067059.7178295	122	8768	11205
1750067064.7448301	123	8782	11221
1750067069.758984	123	8793	11234
1750067074.7743812	124	8799	11249
1750067079.7918198	124	8808	11266
1750067084.8081584	124	8822	11287
1750067089.8328993	124	8838	11297
1750067094.848389	124	8847	11309
1750067099.8643365	124	8855	11321
1750067104.881335	124	8860	11334
1750067109.897253	124	8870	11351
1750067114.9211545	124	8882	11367
1750067119.9378254	124	8888	11379
1750067124.955027	124	8902	11392
1750067129.970838	125	8916	11410
1750067134.9872963	125	8921	11425
1750067140.0100918	125	8931	11443
1750067145.0254526	126	8946	11462
1750067150.039746	127	8955	11471
1750067155.0536146	128	8974	11482
1750067160.0711663	129	8987	11494
1750067165.0873954	129	8999	11506
1750067170.1084595	129	9008	11521
1750067175.1247923	129	9023	11535
1750067180.1396089	129	9031	11550
1750067185.159365	130	9041	11570
1750067190.1751142	130	9049	11587
1750067195.195798	130	9058	11600
1750067200.2118528	130	9064	11614
1750067205.2287433	130	9074	11627
1750067210.2475703	130	9080	11642
1750067215.2731204	130	9090	11671
1750067220.287999	130	9099	11684
1750067225.3033352	130	9112	11701
1750067230.3195672	130	9122	11706
1750067235.335789	130	9134	11719
1750067240.3614316	130	9140	11737
1750067245.3765044	130	9154	11755
1750067250.3931935	131	9169	11772
1750067255.4099073	131	9177	11783
1750067260.4272778	131	9186	11795
1750067265.4524374	131	9197	11814
1750067270.4682312	132	9204	11824
1750067275.4843776	132	9213	11835
1750067280.5007055	132	9225	11852
1750067285.5190773	132	9240	11862
1750067290.5425975	134	9251	11876
1750067295.5600257	134	9260	11893
1750067300.5759625	134	9268	11909
1750067305.5927913	134	9284	11919
1750067310.6080549	134	9295	11931
1750067315.6324959	134	9311	11946
1750067320.6520958	134	9325	11959
1750067325.669243	134	9333	11970
1750067330.6859505	134	9345	11980
1750067335.7017193	134	9359	11995
1750067340.7239566	134	9369	12012
1750067345.7433472	134	9377	12029
1750067350.759752	135	9387	12046
1750067355.7742918	135	9400	12061
1750067360.790441	135	9410	12073
1750067365.8133786	135	9417	12084
1750067370.8345008	135	9428	12094
1750067375.8505025	135	9443	12112
1750067380.867199	135	9452	12120
1750067385.883255	135	9460	12139
1750067390.905341	137	9473	12153
1750067395.9273236	138	9484	12166
1750067400.9432397	138	9496	12177
1750067405.9603777	139	9507	12196
1750067410.9768188	139	9521	12210
1750067415.996132	139	9532	12223
1750067421.0186803	140	9543	12232
1750067426.0350714	140	9555	12246
1750067431.0508285	140	9563	12255
1750067436.0679736	140	9570	12266
1750067441.088952	140	9580	12277
1750067446.114492	140	9592	12288
1750067451.1307817	140	9598	12299
1750067456.1462188	140	9616	12311
1750067461.1630611	140	9631	12325
1750067466.1802194	141	9641	12340
1750067471.2035165	141	9652	12352
1750067476.2200289	141	9658	12365
1750067481.234089	141	9669	12376
1750067486.2493913	142	9680	12391
1750067491.2660348	142	9685	12411
1750067496.2918005	142	9693	12422
1750067501.306729	142	9708	12435
1750067506.3209128	142	9718	12454
1750067511.335807	143	9735	12469
1750067516.3554459	143	9753	12484
1750067521.3801863	143	9761	12502
1750067526.3957727	143	9771	12513
1750067531.4111705	143	9783	12532
1750067536.426785	143	9798	12544
1750067541.4466066	143	9810	12547
1750067546.4713948	143	9819	12554
1750067551.4880939	143	9837	12564
1750067556.5027993	143	9842	12573
1750067561.5185227	143	9856	12587
1750067566.5366287	143	9869	12598
1750067571.5524454	143	9879	12611
1750067576.5688403	143	9892	12623
1750067581.5848541	143	9902	12638
1750067586.600502	143	9912	12653
1750067591.6166394	143	9921	12666
1750067596.6322038	144	9933	12681
1750067601.6471043	144	9940	12694
1750067606.6665792	144	9950	12707
1750067611.6845026	144	9958	12719
1750067616.7009292	144	9973	12732
1750067621.7160013	144	9982	12746
1750067626.7361405	144	9986	12759
1750067631.7602549	144	9996	12772
1750067636.7809815	144	10005	12787
1750067641.7984037	145	10013	12799
1750067646.8154376	145	10024	12809
1750067651.831741	145	10033	12824
1750067656.8542538	145	10041	12834
1750067661.8726747	145	10053	12845
1750067666.888531	146	10068	12857
1750067671.9056628	146	10075	12868
1750067676.9226196	147	10089	12883
1750067681.941962	147	10096	12896
1750067686.963226	147	10109	12910
1750067691.9793973	147	10114	12926
1750067696.993981	147	10119	12943
1750067702.0107613	147	10124	12950
1750067707.0333796	147	10133	12965
1750067712.0560138	147	10138	12979
1750067717.071603	147	10140	12994
1750067722.0884407	147	10146	13005
1750067727.1062784	147	10159	13016
1750067732.125153	147	10165	13024
1750067737.1495717	147	10172	13038
1750067742.1668093	147	10183	13042
1750067747.1840293	147	10193	13059
1750067752.2005343	147	10208	13074
1750067757.2192976	147	10220	13089
1750067762.2443137	147	10233	13092
1750067767.2599895	147	10241	13103
1750067772.2770433	148	10255	13117
1750067777.2940722	148	10266	13132
1750067782.3090386	148	10273	13141
1750067787.3334417	148	10288	13151
1750067792.350817	148	10297	13164
1750067797.3680103	148	10303	13174
1750067802.384483	148	10315	13186
1750067807.401079	148	10323	13198
1750067812.4256415	148	10338	13215
1750067817.4419572	148	10345	13230
1750067822.4579566	149	10353	13245
1750067827.475494	149	10362	13258
1750067832.4910672	149	10369	13273
1750067837.517205	149	10377	13285
1750067842.5333464	149	10387	13290
1750067847.5496662	149	10392	13306
1750067852.56672	149	10404	13315
1750067857.5825381	149	10412	13323
1750067862.597948	149	10426	13335
1750067867.6146038	151	10436	13353
1750067872.6303563	151	10448	13369
1750067877.6459243	151	10457	13384
1750067882.6610823	151	10467	13400
1750067887.6770604	151	10480	13411
1750067892.6941972	151	10491	13421
1750067897.7135425	151	10502	13437
1750067902.7300513	151	10516	13457
1750067907.746007	151	10527	13468
1750067912.7627497	151	10538	13480
1750067917.7807562	151	10550	13491
1750067922.8051326	151	10562	13496
1750067927.8218741	151	10570	13504
1750067932.836827	152	10585	13520
1750067937.8521495	152	10594	13532
1750067942.8711734	153	10602	13551
1750067947.8955235	153	10616	13557
1750067952.9131186	153	10628	13568
1750067957.9296784	153	10636	13584
1750067962.9471684	153	10645	13593
1750067967.9655576	153	10662	13603
1750067972.9875734	153	10670	13616
1750067978.0063083	153	10686	13626
1750067983.0219395	154	10695	13641
1750067988.037773	155	10710	13663
1750067993.056971	155	10727	13672
1750067998.0791268	155	10738	13684
1750068003.0989838	155	10744	13698
1750068008.1142075	155	10753	13706
1750068013.1307185	155	10766	13721
1750068018.1451705	156	10781	13731
1750068023.1619127	156	10789	13741
1750068028.1791518	157	10802	13752
1750068033.1964333	157	10815	13770
1750068038.2147343	157	10823	13778
1750068043.2295015	157	10835	13795
1750068048.2450652	157	10844	13808
1750068053.2618117	157	10849	13823
1750068058.2792313	157	10856	13838
1750068063.296683	157	10875	13847
1750068068.3154013	157	10883	13857
1750068073.3322852	157	10896	13861
1750068078.3496215	157	10910	13875
1750068083.3729866	157	10923	13891
1750068088.3901796	157	10941	13896
1750068093.4104176	158	10953	13908
1750068098.4279995	158	10962	13922
1750068103.4436667	158	10972	13933
1750068108.468413	158	10981	13946
1750068113.4859395	158	10989	13953
1750068118.5058048	158	11002	13973
1750068123.5221314	158	11015	13978
1750068128.5381038	158	11029	13987
1750068133.5540836	158	11041	14000
1750068138.5692875	158	11056	14018
1750068143.585653	159	11065	14031
1750068148.6019168	160	11071	14047
1750068153.6265495	160	11086	14063
1750068158.6433053	160	11099	14073
1750068163.6592834	160	11109	14086
1750068168.6762729	160	11119	14097
1750068173.693827	160	11132	14111
1750068178.7185347	160	11142	14118
1750068183.7349458	160	11153	14131
1750068188.7505977	160	11162	14153
1750068193.7659607	160	11173	14164
1750068198.7873955	160	11188	14177
1750068203.8134038	161	11200	14186
1750068208.8313506	161	11215	14196
1750068213.8481255	162	11224	14211
1750068218.8644505	162	11238	14235
1750068223.8812149	162	11244	14246
1750068228.9039032	163	11254	14256
1750068233.920198	163	11264	14264
1750068238.936733	163	11277	14275
1750068243.9536893	163	11285	14284
1750068248.9707484	163	11296	14296
1750068253.9973297	163	11306	14313
1750068259.0132763	163	11317	14325
1750068264.0277407	163	11324	14341
1750068269.0440528	163	11336	14352
1750068274.0664926	163	11350	14358
1750068279.0837836	163	11364	14367
1750068284.1014001	163	11383	14380
1750068289.1190445	163	11397	14397
1750068294.1350656	163	11410	14405
1750068299.1603284	163	11416	14417
1750068304.176326	163	11430	14424
1750068309.1924021	163	11435	14436
1750068314.2092874	163	11448	14444
1750068319.2248685	163	11458	14455
1750068324.2515526	163	11467	14465
1750068329.2688906	163	11477	14474
1750068334.2872314	164	11493	14485
1750068339.3049603	164	11507	14504
1750068344.319407	164	11523	14528
1750068349.3451586	164	11530	14533
1750068354.3617249	164	11538	14546
1750068359.378062	164	11548	14558
1750068364.3941352	164	11556	14571
1750068369.4103446	164	11568	14578
1750068374.435477	164	11578	14591
1750068379.4518354	164	11599	14602
1750068384.4691386	164	11609	14618
1750068389.485629	164	11621	14641
1750068394.5009823	164	11632	14658
1750068399.5250852	164	11642	14678
1750068404.5424447	164	11651	14689
1750068409.559386	164	11667	14704
1750068414.5764325	164	11680	14717
1750068419.5915143	164	11691	14734
1750068424.616244	164	11701	14749
1750068429.632878	164	11714	14765
1750068434.6494827	164	11730	14776
1750068439.6652045	164	11739	14793
1750068444.6801307	164	11752	14806
1750068449.6964123	164	11761	14824
1750068454.7144647	164	11770	14838
1750068459.7297041	164	11783	14849
1750068464.7443337	164	11793	14860
1750068469.7644916	164	11805	14879
1750068474.7808094	165	11814	14889
1750068479.7980766	165	11822	14907
1750068484.814195	165	11840	14920
1750068489.834044	165	11847	14934
1750068494.8587952	165	11854	14943
1750068499.8749783	165	11864	14962
1750068504.8916056	165	11871	14976
1750068509.9086087	165	11877	14985
1750068514.9292462	165	11885	14995
1750068519.9532714	165	11897	15004
1750068524.9694064	165	11906	15013
1750068529.9865344	167	11917	15038
1750068535.0033014	167	11924	15057
1750068540.0260005	167	11934	15067
1750068545.0513291	167	11944	15081
1750068550.0683062	167	11949	15096
1750068555.085123	167	11960	15108
1750068560.1023767	167	11971	15123
1750068565.12309	167	11986	15137
1750068570.139192	167	12001	15148
1750068575.1563215	167	12008	15163
1750068580.173082	167	12016	15177
1750068585.1909738	168	12030	15197
1750068590.207464	169	12042	15209
1750068595.2233083	169	12055	15220
1750068600.239621	169	12068	15226
1750068605.2595584	169	12086	15243
1750068610.2763355	169	12099	15260
1750068615.293265	169	12108	15269
1750068620.3100638	169	12119	15276
1750068625.3287914	170	12131	15286
1750068630.355275	170	12142	15301
1750068635.3729548	170	12155	15312
1750068640.3905957	170	12161	15333
1750068645.4079802	170	12167	15346
1750068650.4276907	170	12177	15360
1750068655.4518623	170	12189	15376
1750068660.4697137	170	12203	15384
1750068665.4867218	170	12217	15397
1750068670.5026135	170	12228	15415
1750068675.5213792	170	12242	15424
1750068680.54608	171	12251	15436
1750068685.5644693	172	12259	15451
1750068690.5815716	172	12272	15471
1750068695.5982587	172	12286	15487
1750068700.6167948	172	12297	15497
1750068705.6406763	172	12311	15508
1750068710.6589816	172	12324	15529
1750068715.6760013	172	12336	15538
1750068720.6925538	172	12347	15550
1750068725.7092228	172	12353	15571
1750068730.7362268	172	12362	15585
1750068735.7575154	172	12373	15598
1750068740.7740657	172	12384	15611
1750068745.7907062	172	12397	15624
1750068750.8067234	173	12404	15637
1750068755.8318706	174	12414	15646
1750068760.8552117	174	12427	15669
1750068765.8726866	174	12438	15678
1750068770.890518	174	12446	15693
1750068775.906378	174	12456	15703
1750068780.9326007	174	12466	15716
1750068785.9552777	174	12470	15733
1750068790.971851	174	12482	15743
1750068795.9886208	174	12501	15758
1750068801.0046268	174	12510	15771
1750068806.0288444	174	12517	15780
1750068811.054026	174	12522	15795
1750068816.070394	174	12534	15803
1750068821.087293	174	12548	15812
1750068826.1042361	175	12555	15827
1750068831.1293855	175	12566	15834
1750068836.1465178	175	12574	15847
1750068841.162871	176	12583	15862
1750068846.1789799	176	12592	15875
1750068851.1950028	176	12604	15894
1750068856.2099102	176	12614	15917
1750068861.226588	176	12617	15928
1750068866.2465873	176	12626	15945
1750068871.263584	178	12640	15960
1750068876.2885303	178	12647	15974
1750068881.3033729	178	12661	15989
1750068886.319285	178	12670	16003
1750068891.3358288	178	12680	16016
1750068896.3523104	179	12685	16038
1750068901.36779	179	12699	16053
1750068906.3826125	180	12704	16069
1750068911.4092033	180	12713	16079
1750068916.4267445	180	12728	16085
1750068921.4427857	181	12743	16099
1750068926.4600372	181	12758	16114
1750068931.477471	182	12767	16134
1750068936.4921927	182	12783	16144
1750068941.5086	182	12792	16163
1750068946.5250025	182	12806	16171
1750068951.5420706	182	12823	16181
1750068956.5578997	182	12832	16195
1750068961.5741558	182	12845	16202
1750068966.591072	182	12854	16221
1750068971.60804	183	12864	16230
1750068976.6258411	183	12869	16245
1750068981.641255	183	12880	16262
1750068986.6578822	183	12884	16272
1750068991.6741655	183	12894	16280
1750068996.6910212	183	12903	16296
1750069001.7082636	183	12914	16306
1750069006.7243874	183	12922	16320
1750069011.740601	183	12931	16332
1750069016.758131	183	12941	16341
1750069021.7790644	183	12947	16348
1750069026.7966347	184	12956	16360
1750069031.8121302	184	12966	16370
1750069036.8285604	184	12978	16383
1750069041.845384	184	12993	16396
1750069046.8697665	184	13008	16407
1750069051.8859205	184	13018	16421
1750069056.9014957	184	13028	16438
1750069061.9172318	184	13041	16453
1750069066.9374409	184	13050	16470
1750069071.959417	184	13060	16489
1750069076.978636	184	13064	16499
1750069081.9945312	184	13075	16518
1750069087.0103428	184	13082	16529
1750069092.0262005	184	13098	16539
1750069097.0534487	184	13107	16545
1750069102.0744083	186	13117	16559
1750069107.0912986	186	13126	16572
1750069112.108842	186	13133	16584
1750069117.125668	186	13141	16595
1750069122.149413	186	13149	16608
1750069127.171205	186	13162	16627
1750069132.1881564	188	13174	16642
1750069137.2055988	188	13189	16656
1750069142.222426	188	13198	16666
1750069147.24434	188	13207	16676
1750069152.266635	188	13214	16696
1750069157.2827845	188	13227	16715
1750069162.2996676	188	13237	16732
1750069167.314934	188	13248	16746
1750069172.3384163	188	13257	16757
1750069177.3619292	188	13266	16768
1750069182.3782794	189	13277	16787
1750069187.3958302	189	13293	16801
1750069192.4126	190	13303	16812
1750069197.433277	190	13312	16827
1750069202.4615731	190	13325	16838
1750069207.4764955	190	13338	16846
1750069212.4932694	190	13343	16858
1750069217.5111184	190	13347	16873
1750069222.528387	190	13354	16889
1750069227.5537753	190	13361	16908
1750069232.5702255	190	13378	16927
1750069237.5871599	190	13386	16934
1750069242.6039658	190	13397	16947
1750069247.6259878	190	13410	16968
1750069252.6513693	190	13421	16980
1750069257.6675355	190	13430	16991
1750069262.6848853	190	13440	17008
1750069267.6997893	191	13449	17028
1750069272.71977	191	13460	17042
1750069277.747994	191	13474	17052
1750069282.7649846	191	13487	17062
1750069287.7801902	191	13494	17076
1750069292.794513	191	13502	17087
1750069297.8152642	191	13512	17102
1750069302.8310318	191	13525	17111
1750069307.8476586	191	13531	17126
1750069312.863206	191	13544	17133
1750069317.8800247	191	13551	17142
1750069322.896702	191	13562	17157
1750069327.9131923	191	13567	17171
1750069332.9309185	191	13577	17189
1750069337.9555159	191	13585	17199
1750069342.9722853	191	13594	17213
1750069347.9892933	191	13606	17222
1750069353.0055182	191	13617	17235
1750069358.025151	192	13627	17244
1750069363.0511813	192	13640	17253
1750069368.0690048	192	13653	17273
1750069373.0860279	192	13663	17291
1750069378.1028657	192	13672	17306
1750069383.1199448	192	13682	17320
1750069388.145892	192	13696	17331
1750069393.163811	192	13705	17343
1750069398.1809657	193	13717	17359
1750069403.1971374	194	13726	17374
1750069408.2167783	194	13733	17390
1750069413.2439668	194	13746	17401
1750069418.2608192	194	13758	17417
1750069423.2769437	194	13767	17424
1750069428.2937624	194	13778	17441
1750069433.3102746	194	13792	17452
1750069438.334948	194	13804	17468
1750069443.3560581	195	13816	17477
1750069448.3710022	195	13829	17489
1750069453.3876157	196	13837	17503
1750069458.403371	196	13847	17518
1750069463.4205005	196	13853	17534
1750069468.4360096	196	13868	17552
1750069473.4535108	196	13872	17569
1750069478.4790843	196	13883	17581
1750069483.4948545	196	13888	17588
1750069488.5121474	196	13896	17603
1750069493.5293372	196	13906	17620
1750069498.5461266	196	13920	17627
1750069503.563195	196	13931	17637
1750069508.5826056	196	13941	17647
1750069513.5987997	197	13949	17659
1750069518.6156027	197	13960	17670
1750069523.6421392	198	13967	17689
1750069528.6598096	199	13979	17706
1750069533.6808207	199	13995	17720
1750069538.6967964	199	14003	17727
1750069543.7117245	199	14015	17743
1750069548.727824	200	14024	17757
1750069553.7462823	200	14042	17770
1750069558.763181	200	14052	17787
1750069563.7790523	201	14060	17796
1750069568.8005693	201	14069	17811
1750069573.8163624	201	14076	17825
1750069578.8331263	201	14089	17837
1750069583.849668	201	14098	17856
1750069588.869764	201	14108	17869
1750069593.8950133	201	14115	17880
1750069598.9118662	201	14133	17891
1750069603.928876	201	14139	17908
1750069608.9454813	201	14155	17920
1750069613.9661186	201	14162	17946
1750069618.9916897	201	14171	17959
1750069624.0092652	201	14175	17969
1750069629.025393	201	14182	17983
1750069634.0412202	202	14194	17992
1750069639.0580957	202	14205	18009
1750069644.083726	202	14219	18021
1750069649.1001768	203	14231	18035
1750069654.1170785	203	14240	18049
1750069659.1343267	203	14243	18057
1750069664.1517463	203	14260	18069
1750069669.176485	203	14277	18082
1750069674.193814	203	14283	18099
1750069679.2111402	203	14297	18111
1750069684.2283442	203	14308	18124
1750069689.2461216	203	14314	18138
1750069694.271811	205	14323	18154
1750069699.288388	205	14333	18171
1750069704.304911	205	14341	18177
1750069709.3208628	205	14348	18187
1750069714.3403594	205	14362	18200
1750069719.3573215	206	14372	18220
1750069724.3743918	206	14378	18232
1750069729.3901916	206	14395	18241
1750069734.4067128	207	14408	18251
1750069739.4336662	207	14419	18260
1750069744.4505134	207	14433	18281
1750069749.4655519	207	14444	18291
1750069754.4802804	207	14455	18300
1750069759.4971185	207	14466	18306
1750069764.513254	207	14478	18317
1750069769.5294971	207	14485	18337
1750069774.5463436	207	14501	18346
1750069779.5612397	207	14517	18364
1750069784.5815473	207	14532	18374
1750069789.5980506	207	14550	18382
1750069794.6141548	207	14558	18397
1750069799.630899	207	14574	18410
1750069804.6557877	207	14587	18423
1750069809.677678	207	14600	18439
1750069814.6924584	208	14617	18450
1750069819.7096643	210	14626	18472
1750069824.7251043	210	14640	18485
1750069829.7513518	210	14652	18503
1750069834.7727392	211	14664	18518
1750069839.7896984	212	14674	18530
1750069844.807602	212	14689	18540
1750069849.8244078	212	14697	18551
1750069854.846755	213	14707	18562
1750069859.8717334	214	14716	18576
1750069864.8878946	215	14726	18592
1750069869.904215	216	14737	18603
1750069874.920442	216	14752	18613
1750069879.9444757	216	14762	18628
1750069884.9706762	216	14775	18643
1750069889.9867413	216	14792	18654
1750069895.0030072	216	14802	18665
1750069900.0194268	216	14815	18675
1750069905.0408618	216	14823	18689
1750069910.0676534	216	14831	18702
1750069915.083832	216	14843	18716
1750069920.0990295	216	14852	18726
1750069925.1160371	216	14865	18736
1750069930.1383574	216	14876	18751
1750069935.1650834	216	14887	18763
1750069940.1814036	216	14901	18780
1750069945.1977127	216	14911	18791
1750069950.21439	216	14924	18800
1750069955.237944	216	14933	18806
1750069960.2546318	216	14942	18819
1750069965.2721534	216	14951	18829
1750069970.2888668	216	14962	18841
1750069975.3051803	216	14971	18858
1750069980.3209684	216	14982	18866
1750069985.3384392	216	14990	18881
1750069990.355829	216	15007	18890
1750069995.3793206	216	15011	18908
1750070000.3989542	217	15020	18922
1750070005.4144812	217	15037	18930
1750070010.431542	217	15045	18942
1750070015.451391	217	15052	18963
1750070020.4679139	218	15061	18975
1750070025.4937556	218	15070	18987
1750070030.5110815	218	15081	19004
1750070035.527754	218	15086	19022
1750070040.552392	218	15095	19038
1750070045.5692399	218	15105	19052
1750070050.5858867	218	15116	19069
1750070055.6030934	218	15126	19085
1750070060.6220086	218	15138	19096
1750070065.6377425	218	15154	19108
1750070070.6536388	221	15168	19125
1750070075.6695995	221	15182	19140
1750070080.6977758	222	15190	19156
1750070085.7133813	222	15198	19170
1750070090.7288296	222	15207	19181
1750070095.74619	222	15210	19191
1750070100.763254	222	15217	19209
1750070105.7792368	222	15227	19222
1750070110.7965353	222	15237	19238
1750070115.813489	222	15247	19256
1750070120.8393335	222	15254	19271
1750070125.8581076	222	15269	19288
1750070130.874218	222	15283	19300
1750070135.891392	222	15287	19315
1750070140.9125376	222	15299	19334
1750070145.939049	222	15301	19347
1750070150.9596977	222	15311	19356
1750070155.9755921	222	15325	19368
1750070160.992431	222	15340	19386
1750070166.0078442	222	15350	19398
1750070171.0246272	222	15365	19413
1750070176.0417864	222	15378	19427
1750070181.058073	222	15389	19436
1750070186.0829499	222	15398	19452
1750070191.098677	222	15404	19467
1750070196.1158097	222	15414	19487
1750070201.1315358	222	15423	19499
1750070206.1509552	222	15430	19513
1750070211.1682012	222	15444	19529
1750070216.187751	222	15455	19541
1750070221.2053707	222	15471	19556
1750070226.2214143	222	15479	19567
1750070231.2477388	222	15491	19580
1750070236.2642355	222	15498	19594
1750070241.2868042	222	15510	19604
1750070246.3034265	222	15514	19617
1750070251.3201454	223	15520	19624
1750070256.346233	223	15530	19635
1750070261.36277	223	15544	19650
1750070266.38349	223	15554	19660
1750070271.3991113	223	15565	19669
1750070276.4159467	223	15571	19677
1750070281.4326024	223	15581	19689
1750070286.4482865	223	15588	19699
1750070291.4637866	223	15602	19711
1750070296.4826593	223	15609	19719
1750070301.5082283	224	15621	19732
1750070306.5253017	224	15637	19741
1750070311.5414555	224	15644	19753
1750070316.5564277	225	15649	19769
1750070321.5808449	225	15663	19785
1750070326.608541	225	15680	19803
1750070331.6243877	225	15691	19814
1750070336.6413796	225	15702	19823
1750070341.65653	225	15710	19836
1750070346.6809554	225	15724	19852
1750070351.70753	225	15737	19864
1750070356.7241445	225	15752	19878
1750070361.740088	225	15758	19892
1750070366.7549005	225	15766	19902
1750070371.780808	225	15775	19921
1750070376.8076513	225	15781	19943
1750070381.8231318	225	15790	19955
1750070386.839462	225	15806	19962
1750070391.8551033	225	15818	19975
1750070396.8694987	225	15829	19985
1750070401.8855314	225	15838	19997
1750070406.9024	225	15844	20012
1750070411.9257402	225	15851	20026
1750070416.9428027	225	15863	20039
1750070421.9600549	225	15874	20051
1750070426.9752815	226	15884	20065
1750070431.9976146	226	15901	20072
1750070437.0265095	226	15912	20080
1750070442.042205	226	15925	20088
1750070447.0588918	227	15933	20101
1750070452.0751097	227	15946	20112
1750070457.100625	228	15958	20123
1750070462.1276233	228	15970	20144
1750070467.1451504	228	15983	20153
1750070472.1616166	230	15996	20164
1750070477.1772413	230	16007	20175
1750070482.199141	230	16021	20187
1750070487.2233744	230	16030	20202
1750070492.240973	230	16041	20212
1750070497.2581842	230	16050	20225
1750070502.2751057	230	16064	20236
1750070507.2928758	230	16073	20247
1750070512.317675	230	16081	20266
1750070517.335608	230	16093	20286
1750070522.3523822	231	16103	20300
1750070527.3698852	231	16115	20312
1750070532.3864033	231	16123	20325
1750070537.4118094	232	16130	20341
1750070542.4338846	232	16141	20353
1750070547.450418	232	16153	20369
1750070552.4675264	232	16167	20384
1750070557.4838572	233	16183	20400
1750070562.5095906	234	16196	20414
1750070567.5315056	235	16211	20431
1750070572.5478733	235	16226	20449
1750070577.5629048	235	16234	20461
1750070582.5797951	235	16248	20476
1750070587.6058009	235	16260	20486
1750070592.6278307	235	16279	20503
1750070597.643385	235	16290	20524
1750070602.6588144	235	16306	20539
1750070607.6754775	235	16320	20551
1750070612.699511	236	16333	20573
1750070617.7232869	236	16343	20584
1750070622.7390149	237	16355	20601
1750070627.7541122	237	16362	20609
1750070632.7709777	237	16368	20623
1750070637.7932248	237	16380	20633
1750070642.8200784	237	16386	20643
1750070647.8361166	237	16398	20656
1750070652.8538063	237	16412	20670
1750070657.868787	237	16421	20679
1750070662.8885107	237	16428	20693
1750070667.9165387	237	16435	20701
1750070672.9334702	237	16445	20715
1750070677.9489934	237	16461	20732
1750070682.9654107	237	16479	20751
1750070687.986173	237	16491	20764
1750070693.0126617	237	16503	20781
1750070698.0294378	237	16519	20787
1750070703.0454144	237	16530	20804
1750070708.0624988	237	16543	20815
1750070713.0813854	237	16556	20828
1750070718.1080182	237	16568	20845
1750070723.1254387	237	16580	20853
1750070728.1413202	237	16588	20868
1750070733.159373	237	16601	20880
1750070738.1768312	238	16617	20893
1750070743.2013347	238	16624	20901
1750070748.2181134	238	16635	20917
1750070753.2345128	238	16652	20928
1750070758.2489164	238	16661	20940
1750070763.2683713	239	16674	20955
1750070768.2841115	239	16683	20965
1750070773.3015268	239	16690	20979
1750070778.318236	239	16701	20987
1750070783.3347867	240	16721	21006
1750070788.3595374	240	16731	21019
1750070793.3760695	240	16739	21028
1750070798.3929834	241	16749	21044
1750070803.4099228	241	16763	21056
1750070808.4257064	241	16771	21070
1750070813.4402328	241	16784	21087
1750070818.4568412	241	16798	21102
1750070823.4747863	241	16810	21113
1750070828.492445	241	16819	21121
1750070833.508825	241	16830	21133
1750070838.5262206	241	16841	21145
1750070843.5434012	241	16852	21155
1750070848.5585353	243	16861	21167
1750070853.5815804	243	16875	21175
1750070858.6007214	244	16886	21191
1750070863.616573	244	16893	21201
1750070868.6329732	244	16902	21216
1750070873.6486173	244	16911	21228
1750070878.6719015	244	16921	21240
1750070883.6930997	245	16931	21247
1750070888.707939	245	16941	21258
1750070893.7243133	245	16948	21269
1750070898.741774	245	16957	21276
1750070903.7650542	245	16965	21293
1750070908.7861338	245	16981	21312
1750070913.802022	245	16991	21320
1750070918.8187149	245	17003	21329
1750070923.835869	245	17012	21337
1750070928.857627	245	17022	21348
1750070933.881152	245	17028	21360
1750070938.8973615	245	17037	21372
1750070943.9142225	245	17049	21383
1750070948.9313617	245	17055	21395
1750070953.9519684	245	17063	21404
1750070958.9761088	245	17069	21420
1750070963.99189	245	17075	21428
1750070969.007387	245	17084	21440
1750070974.0243208	245	17097	21450
1750070979.047112	245	17106	21466
1750070984.073553	245	17114	21484
1750070989.0892205	245	17119	21500
1750070994.1059732	245	17128	21515
1750070999.1230621	245	17135	21531
1750071004.14391	245	17143	21540
1750071009.1723459	246	17158	21551
1750071014.18951	246	17166	21563
1750071019.205149	246	17180	21576
1750071024.2217243	246	17185	21591
1750071029.2457762	247	17197	21600
1750071034.2716987	247	17211	21609
1750071039.2872086	248	17221	21623
1750071044.302631	248	17233	21640
1750071049.3191638	248	17244	21655
1750071054.343444	248	17257	21665
1750071059.3605413	248	17267	21677
1750071064.3768065	248	17276	21691
1750071069.393152	248	17283	21704
1750071074.410211	248	17299	21709
1750071079.4266353	248	17315	21724
1750071084.4432702	248	17327	21737
1750071089.4597294	248	17340	21745
1750071094.4831276	248	17350	21756
1750071099.4988384	248	17359	21765
1750071104.5143213	248	17369	21777
1750071109.530875	249	17376	21788
1750071114.5511668	249	17381	21799
1750071119.5766258	249	17395	21820
1750071124.5940382	249	17399	21835
1750071129.6112862	250	17408	21853
1750071134.626849	250	17416	21871
1750071139.6453106	250	17431	21880
1750071144.6717968	250	17440	21896
1750071149.6899657	250	17450	21912
1750071154.7071536	250	17458	21923
1750071159.7234857	251	17466	21939
1750071164.7478013	252	17479	21950
1750071169.774081	252	17489	21959
1750071174.7931812	252	17496	21972
1750071179.809644	252	17511	21979
1750071184.826115	252	17524	21994
1750071189.8487437	253	17538	22001
1750071194.8735669	253	17547	22011
1750071199.894398	253	17553	22020
1750071204.9116905	253	17565	22034
1750071209.9284508	253	17577	22047
1750071214.9452393	253	17587	22060
1750071219.9601054	253	17596	22077
1750071224.9755876	253	17606	22088
1750071229.9922	255	17615	22103
1750071235.0134754	255	17626	22112
1750071240.028736	255	17640	22123
1750071245.0455804	255	17651	22136
1750071250.0607307	255	17661	22153
1750071255.0813813	255	17668	22165
1750071260.0977407	255	17677	22175
1750071265.1172261	255	17689	22186
1750071270.1342275	255	17701	22195
1750071275.1508653	256	17712	22206
1750071280.1678832	256	17721	22218
1750071285.1835773	256	17733	22225
1750071290.2002065	256	17747	22238
1750071295.2194521	256	17758	22253
1750071300.2426147	256	17769	22266
1750071305.2599332	257	17780	22285
1750071310.2766902	257	17789	22295
1750071315.2927825	257	17798	22301
1750071320.3201008	257	17812	22311
1750071325.342137	257	17826	22327
1750071330.3590772	257	17841	22341
1750071335.377774	257	17850	22349
1750071340.393046	257	17860	22366
1750071345.409221	257	17871	22381
1750071350.4245782	258	17882	22394
1750071355.4409878	258	17890	22403
1750071360.4584286	258	17900	22413
1750071365.4774113	258	17913	22426
1750071370.494514	258	17920	22430
1750071375.5109756	258	17929	22440
1750071380.535447	259	17940	22451
1750071385.5536087	259	17949	22463
1750071390.5734763	259	17958	22481
1750071395.5894668	259	17969	22496
1750071400.6045074	259	17980	22514
1750071405.630872	259	17995	22527
1750071410.6474648	259	18013	22543
1750071415.6696694	259	18020	22559
1750071420.6853938	259	18028	22573
1750071425.701047	259	18035	22577
1750071430.7242675	259	18048	22591
1750071435.740603	259	18061	22609
1750071440.766331	259	18068	22625
1750071445.7826276	259	18078	22637
1750071450.799568	259	18085	22642
1750071455.8221102	259	18098	22658
1750071460.8379889	260	18111	22674
1750071465.8637002	260	18122	22687
1750071470.88053	260	18130	22702
1750071475.897267	260	18143	22713
1750071480.9219966	260	18150	22724
1750071485.9490063	260	18166	22729
1750071490.9657989	261	18175	22746
1750071495.982091	261	18183	22758
1750071500.9988022	261	18193	22767
1750071506.022311	261	18205	22781
1750071511.0486577	261	18218	22798
1750071516.0666568	261	18231	22810
1750071521.083071	261	18243	22818
1750071526.0992522	261	18254	22824
1750071531.1199775	261	18265	22837
1750071536.1449234	261	18273	22851
1750071541.1646667	261	18283	22863
1750071546.1830354	261	18297	22877
1750071551.198682	261	18310	22888
1750071556.220839	261	18319	22896
1750071561.2450907	261	18332	22911
1750071566.264224	261	18347	22926
1750071571.2813623	261	18356	22938
1750071576.2962804	261	18369	22958
1750071581.3130105	261	18379	22966
1750071586.328991	261	18389	22979
1750071591.344448	261	18400	22991
1750071596.361675	261	18407	23002
1750071601.3874962	261	18417	23013
1750071606.4036422	261	18431	23023
1750071611.420102	262	18445	23037
1750071616.4366348	263	18464	23051
1750071621.455598	263	18469	23060
1750071626.4713326	263	18473	23080
1750071631.4920309	264	18483	23094
1750071636.5088596	264	18492	23108
1750071641.5234368	265	18503	23118
1750071646.5378358	265	18508	23131
1750071651.5545042	265	18523	23144
1750071656.5709496	266	18536	23156
1750071661.5908387	267	18545	23167
1750071666.6170156	267	18557	23170
1750071671.6316485	268	18567	23186
1750071676.647138	268	18580	23195
1750071681.662377	268	18595	23206
1750071686.6771116	268	18607	23219
1750071691.6923115	268	18614	23230
1750071696.7083275	268	18626	23242
1750071701.733849	268	18630	23254
1750071706.7488315	269	18640	23271
1750071711.764958	269	18649	23286
1750071716.7816982	269	18661	23307
1750071721.7988672	269	18673	23316
1750071726.815819	269	18685	23330
1750071731.838935	270	18700	23339
1750071736.8550518	270	18716	23352
1750071741.8714201	270	18724	23360
1750071746.8877532	270	18736	23368
1750071751.904423	272	18753	23385
1750071756.92229	272	18766	23402
1750071761.9402614	272	18771	23413
1750071766.9680312	272	18785	23430
1750071771.985486	272	18794	23443
1750071777.0021093	272	18799	23459
1750071782.0192323	272	18811	23475
1750071787.0418088	272	18823	23487
1750071792.0584013	272	18837	23506
1750071797.076007	272	18850	23520
1750071802.092853	272	18864	23530
1750071807.1109133	272	18877	23541
1750071812.1276264	273	18890	23557
1750071817.14473	274	18898	23572
1750071822.161604	274	18916	23583
1750071827.1782212	274	18923	23595
1750071832.2068365	275	18933	23603
1750071837.222924	276	18945	23622
1750071842.2380466	277	18950	23642
1750071847.2552593	277	18960	23657
1750071852.270697	277	18971	23674
1750071857.287528	277	18980	23691
1750071862.3067734	277	18990	23705
1750071867.3240945	277	18997	23717
1750071872.3388405	277	19013	23734
1750071877.355001	277	19021	23745
1750071882.371981	277	19031	23761
1750071887.3882678	277	19042	23774
1750071892.404751	277	19055	23785
1750071897.4305985	277	19062	23802
1750071902.4468708	277	19073	23812
1750071907.4619505	277	19085	23829
1750071912.4797385	277	19090	23837
1750071917.5044906	277	19099	23845
1750071922.519867	277	19108	23858
1750071927.536447	278	19119	23870
1750071932.5512886	278	19124	23883
1750071937.5680869	278	19134	23890
1750071942.5828652	278	19144	23908
1750071947.5986962	278	19160	23920
1750071952.6150274	278	19173	23932
1750071957.6318078	279	19180	23949
1750071962.6472178	279	19186	23965
1750071967.6623597	279	19194	23978
1750071972.6771567	279	19209	23989
1750071977.6933105	279	19217	23994
1750071982.7104397	279	19226	24001
1750071987.7276764	279	19235	24019
1750071992.742527	279	19245	24033
1750071997.7608087	279	19256	24047
1750072002.7873342	279	19265	24060
1750072007.8050897	280	19275	24075
1750072012.821309	280	19288	24092
1750072017.838653	280	19300	24108
1750072022.8580244	280	19315	24121
1750072027.8844266	280	19322	24135
1750072032.9036498	280	19330	24151
1750072037.9203625	280	19337	24168
1750072042.936695	280	19341	24179
1750072047.9531431	280	19353	24186
1750072052.9704428	280	19359	24198
1750072057.9874825	280	19368	24209
1750072063.0038548	280	19378	24222
1750072068.0245621	280	19385	24237
1750072073.0395799	280	19403	24247
1750072078.0554066	281	19417	24265
1750072083.0723755	281	19425	24274
1750072088.0932405	281	19430	24294
1750072093.1094666	281	19445	24310
1750072098.130646	282	19455	24325
1750072103.1466398	283	19469	24334
1750072108.1638288	283	19484	24348
1750072113.181272	283	19491	24359
1750072118.1991818	283	19505	24366
1750072123.2161088	283	19511	24378
1750072128.2357106	283	19515	24393
1750072133.2602909	283	19524	24399
1750072138.277237	283	19529	24410
1750072143.2939603	284	19538	24420
1750072148.3097522	284	19549	24428
1750072153.335371	284	19553	24446
1750072158.3608618	284	19561	24453
1750072163.3779955	284	19566	24471
1750072168.3936698	284	19578	24486
1750072173.4090145	284	19590	24503
1750072178.4342752	285	19598	24515
1750072183.461281	285	19608	24528
1750072188.4777272	285	19616	24539
1750072193.4945292	285	19624	24547
1750072198.5095675	285	19637	24567
1750072203.5345	285	19646	24576
1750072208.5619445	285	19659	24586
1750072213.578975	285	19667	24599
1750072218.5959656	285	19678	24615
1750072223.6111305	285	19686	24622
1750072228.6360822	285	19687	24633
1750072233.6529975	285	19698	24644
1750072238.6709075	286	19709	24660
1750072243.6863363	287	19720	24676
1750072248.7015238	287	19725	24691
1750072253.7187178	287	19737	24709
1750072258.7349067	287	19750	24724
1750072263.7573347	288	19761	24737
1750072268.773777	288	19771	24748
1750072273.7892573	288	19783	24761
1750072278.8064594	288	19791	24770
1750072283.8277695	288	19805	24778
1750072288.8441198	288	19815	24785
1750072293.8616219	288	19821	24796
1750072298.8777666	289	19828	24807
1750072303.8941798	289	19846	24818
1750072308.9110117	289	19854	24828
1750072313.928001	289	19864	24836
1750072318.9493756	289	19872	24848
1750072323.96542	289	19879	24860
1750072328.9815836	289	19887	24876
1750072333.9989893	289	19896	24888
1750072339.0254045	289	19907	24900
1750072344.04325	289	19921	24908
1750072349.070892	289	19934	24917
1750072354.0872395	289	19949	24931
1750072359.1038377	289	19960	24941
1750072364.131194	289	19970	24952
1750072369.158914	289	19980	24962
1750072374.175142	289	19988	24978
1750072379.1917753	289	19993	24985
1750072384.209567	289	20003	24995
1750072389.232264	289	20013	25011
1750072394.2597458	289	20019	25021
1750072399.277445	289	20031	25032
1750072404.2936745	289	20043	25039
1750072409.308843	289	20053	25051
1750072414.335595	289	20064	25064
1750072419.3598742	289	20081	25085
1750072424.3816476	289	20088	25092
1750072429.39814	289	20096	25104
1750072434.4139757	289	20109	25117
1750072439.4293668	289	20119	25131
1750072444.4447763	289	20127	25137
1750072449.4616818	290	20137	25151
1750072454.4795728	290	20149	25169
1750072459.4965894	290	20157	25180
1750072464.5189779	291	20170	25191
1750072469.5361629	291	20181	25200
1750072474.552989	291	20196	25215
1750072479.5697691	291	20210	25234
1750072484.5861344	291	20224	25251
1750072489.6036034	291	20232	25265
1750072494.6186042	291	20240	25285
1750072499.6373575	292	20257	25300
1750072504.654453	293	20265	25318
1750072509.678949	293	20279	25333
1750072514.6955602	293	20294	25346
1750072519.711328	293	20302	25363
1750072524.7281513	293	20313	25378
1750072529.754846	293	20321	25387
1750072534.7697399	293	20331	25396
1750072539.7970107	293	20337	25411
1750072544.8145719	293	20349	25428
1750072549.8311882	293	20362	25443
1750072554.8479629	293	20371	25461
1750072559.8635263	293	20381	25472
1750072564.879311	293	20388	25488
1750072569.894113	293	20395	25502
1750072574.9100223	293	20404	25515
1750072579.9299464	293	20413	25529
1750072584.9446616	293	20424	25537
1750072589.9726262	293	20433	25546
1750072594.9908211	293	20440	25562
1750072600.0073469	293	20455	25570
1750072605.0245256	293	20464	25588
1750072610.0412881	294	20477	25605
1750072615.0576115	295	20490	25624
1750072620.0731726	295	20500	25639
1750072625.0982702	295	20514	25651
1750072630.116408	295	20525	25663
1750072635.1318944	296	20540	25676
1750072640.148628	296	20548	25693
1750072645.1688337	296	20557	25703
1750072650.193333	296	20570	25712
1750072655.2107382	296	20582	25732
1750072660.2273865	296	20593	25749
1750072665.242765	296	20602	25759
1750072670.2645233	296	20610	25771
1750072675.288199	296	20623	25788
1750072680.3032742	296	20628	25802
1750072685.3212044	296	20638	25811
1750072690.336416	296	20656	25824
1750072695.3580444	296	20664	25834
1750072700.3838243	296	20669	25849
1750072705.40097	296	20680	25857
1750072710.4167585	296	20686	25868
1750072715.4340825	296	20693	25880
1750072720.452633	296	20698	25896
1750072725.469755	297	20719	25906
1750072730.486767	297	20732	25919
1750072735.5024176	297	20744	25932
1750072740.517181	297	20749	25944
1750072745.5334032	297	20760	25954
1750072750.5500085	299	20772	25969
1750072755.5660532	299	20785	25989
1750072760.5914605	299	20801	25998
1750072765.6081772	300	20807	26014
1750072770.6248446	300	20815	26026
1750072775.6416183	300	20825	26040
1750072780.6604784	300	20832	26045
1750072785.684325	300	20838	26050
1750072790.7009366	300	20848	26069
1750072795.7156825	301	20862	26080
1750072800.734268	301	20875	26092
1750072805.7546885	301	20889	26108
1750072810.7785263	301	20896	26123
1750072815.7989712	301	20904	26133
1750072820.8160725	301	20912	26150
1750072825.8338578	301	20924	26156
1750072830.8542109	301	20934	26166
1750072835.876431	301	20940	26175
1750072840.8981407	301	20950	26182
1750072845.9158483	301	20962	26189
1750072850.932529	302	20974	26200
1750072855.949386	302	20986	26218
1750072860.9766347	303	20999	26232
1750072865.9987829	304	21005	26242
1750072871.0161316	304	21015	26257
1750072876.0325568	304	21028	26274
1750072881.051559	304	21041	26286
1750072886.0739474	306	21053	26301
1750072891.0960367	308	21066	26318
1750072896.111187	308	21077	26334
1750072901.128265	308	21084	26349
1750072906.1450064	308	21096	26360
1750072911.1613994	308	21106	26373
1750072916.1768765	308	21114	26385
1750072921.1918678	308	21127	26398
1750072926.208458	308	21137	26406
1750072931.227218	311	21146	26423
1750072936.244547	311	21156	26430
1750072941.2605278	311	21164	26442
1750072946.275163	311	21172	26457
1750072951.2911766	311	21178	26471
1750072956.3075206	311	21193	26483
1750072961.3281035	311	21200	26494
1750072966.3519154	311	21210	26508
1750072971.368095	311	21226	26522
1750072976.3832297	312	21238	26537
1750072981.3991158	313	21247	26547
1750072986.4156342	313	21262	26558
1750072991.4324794	314	21274	26565
1750072996.4478602	314	21282	26585
1750073001.4732442	314	21296	26597
1750073006.4900844	314	21303	26606
1750073011.506229	314	21315	26620
1750073016.5235124	315	21331	26639
1750073021.5411499	315	21339	26648
1750073026.5576587	315	21356	26662
1750073031.5842197	316	21365	26673
1750073036.6010544	316	21376	26679
1750073041.6186886	316	21389	26691
1750073046.6454074	316	21400	26703
1750073051.6631305	316	21409	26720
1750073056.686959	316	21416	26732
1750073061.703204	316	21426	26744
1750073066.7201245	316	21435	26759
1750073071.7368047	317	21448	26772
1750073076.754101	317	21460	26781
1750073081.7716331	318	21472	26795
1750073086.7908454	318	21487	26811
1750073091.819689	319	21495	26828
1750073096.834145	319	21505	26841
1750073101.8512409	319	21517	26852
1750073106.86847	319	21526	26874
1750073111.8937035	320	21537	26889
1750073116.9111083	320	21548	26899
1750073121.9287462	320	21556	26911
1750073126.9450586	320	21569	26920
1750073131.9622438	321	21583	26936
1750073136.97834	321	21586	26952
1750073141.9930158	321	21601	26967
1750073147.0091782	321	21613	26976
1750073152.0296254	321	21624	26989
1750073157.0463505	321	21631	27003
1750073162.0619886	321	21641	27017
1750073167.0785894	321	21653	27032
1750073172.1018069	321	21665	27047
1750073177.1268575	321	21674	27054
1750073182.1465867	321	21683	27062
1750073187.1622849	321	21705	27079
1750073192.179459	321	21707	27093
1750073197.2027066	321	21719	27111
1750073202.2257638	322	21731	27123
1750073207.245384	322	21742	27134
1750073212.2594638	322	21757	27152
