1750062445.8599157	2	4	4
1750062450.8721561	2	14	20
1750062455.890939	2	32	30
1750062460.9043782	2	49	51
1750062465.9168928	2	63	66
1750062470.929223	2	72	78
1750062475.9392288	4	84	93
1750062480.9532769	4	101	106
1750062485.9669406	4	118	118
1750062490.9804	4	131	133
1750062495.9939747	4	147	148
1750062501.005603	4	160	159
1750062506.0194087	4	182	174
1750062511.030961	5	192	187
1750062516.0433414	5	207	203
1750062521.0568228	5	216	219
1750062526.0693817	7	229	232
1750062531.08357	7	241	252
1750062536.1030202	7	257	264
1750062541.1166697	7	273	281
1750062546.1313367	7	291	302
1750062551.1442397	7	308	318
1750062556.157964	7	316	340
1750062561.176885	7	331	354
1750062566.1902332	7	340	368
1750062571.2036555	8	351	380
1750062576.2169197	8	362	398
1750062581.2286198	8	371	423
1750062586.2409875	8	388	431
1750062591.2535496	8	402	447
1750062596.2737775	8	415	455
1750062601.284817	8	421	472
1750062606.2979808	8	434	487
1750062611.308601	8	446	506
1750062616.321717	9	468	519
1750062621.3386543	9	480	539
1750062626.3529387	9	493	557
1750062631.3730664	10	510	572
1750062636.3864584	10	520	593
1750062641.3998728	10	531	607
1750062646.4115334	10	539	620
1750062651.4245136	10	549	632
1750062656.4364214	11	561	645
1750062661.447583	12	574	663
1750062666.460084	12	586	680
1750062671.475058	12	602	692
1750062676.4919498	12	618	710
1750062681.503146	13	637	729
1750062686.5155675	13	652	741
1750062691.5301163	13	666	756
1750062696.544665	13	679	769
1750062701.565456	13	696	790
1750062706.5793436	13	708	799
1750062711.5990996	13	731	809
1750062716.610735	13	742	833
1750062721.6237175	13	752	848
1750062726.636833	15	764	868
1750062731.6510358	16	776	883
1750062736.6650953	16	791	899
1750062741.6792452	17	807	914
1750062746.6923964	18	816	932
1750062751.7040544	18	835	947
1750062756.7171412	18	849	961
1750062761.7286377	18	862	977
1750062766.7398815	20	874	997
1750062771.752752	21	886	1010
1750062776.7658012	21	892	1025
1750062781.7796023	22	905	1038
1750062786.8013139	22	924	1054
1750062791.8161492	22	941	1067
1750062796.8290586	22	956	1082
1750062801.8436975	23	970	1101
1750062806.8561835	23	978	1118
1750062811.8702605	23	990	1141
1750062816.8843405	23	1008	1159
1750062821.897699	23	1017	1173
1750062826.9127643	23	1031	1184
1750062831.9279838	23	1044	1195
1750062836.9427128	23	1056	1215
1750062841.9618187	23	1069	1227
1750062846.9842236	23	1074	1242
1750062851.9983895	23	1092	1259
1750062857.0188162	23	1100	1275
1750062862.033673	23	1114	1286
1750062867.0488267	23	1125	1298
1750062872.0627701	23	1130	1313
1750062877.0768466	23	1141	1328
1750062882.0913942	23	1152	1343
1750062887.1057193	23	1164	1357
1750062892.120079	24	1186	1371
1750062897.134617	24	1206	1387
1750062902.1559875	24	1219	1397
1750062907.1706731	25	1231	1415
1750062912.1857455	25	1238	1430
1750062917.2008133	25	1254	1437
1750062922.2149646	25	1266	1453
1750062927.2291424	25	1279	1469
1750062932.242678	27	1290	1487
1750062937.256811	27	1301	1505
1750062942.271332	27	1315	1524
1750062947.285413	29	1331	1546
1750062952.3008842	29	1346	1563
1750062957.3206089	30	1360	1580
1750062962.334792	31	1376	1594
1750062967.3487773	31	1386	1602
1750062972.363483	31	1408	1618
1750062977.37808	31	1425	1628
1750062982.3921034	31	1439	1644
1750062987.407658	31	1457	1655
1750062992.4240136	31	1477	1666
1750062997.438428	32	1499	1682
1750063002.4576678	32	1518	1694
1750063007.471715	32	1542	1711
1750063012.4869885	33	1558	1726
1750063017.4999447	33	1577	1748
1750063022.514187	33	1587	1762
1750063027.529732	33	1599	1776
1750063032.5424912	34	1612	1791
1750063037.5567124	34	1630	1803
1750063042.5723548	34	1646	1812
1750063047.5909514	34	1661	1830
1750063052.604934	34	1677	1839
1750063057.617895	34	1691	1852
1750063062.6327538	34	1705	1868
1750063067.6476107	35	1722	1877
1750063072.661108	35	1741	1898
1750063077.674922	35	1752	1920
1750063082.6879704	35	1756	1937
1750063087.701341	35	1768	1953
1750063092.7159712	35	1781	1964
1750063097.7304802	36	1805	1979
1750063102.7446911	36	1815	1991
1750063107.759534	36	1828	2003
1750063112.7786276	38	1838	2021
1750063117.7921746	38	1849	2033
1750063122.806759	38	1864	2049
1750063127.822003	38	1872	2066
1750063132.8362505	39	1889	2078
1750063137.8508692	39	1903	2095
1750063142.8651862	39	1914	2113
1750063147.880221	39	1928	2126
1750063152.895959	40	1941	2143
1750063157.910189	40	1950	2158
1750063162.9246564	40	1967	2173
1750063167.943043	40	1977	2192
1750063172.9589183	41	1985	2211
1750063177.97331	41	1998	2229
1750063182.987796	42	2012	2249
1750063188.002575	42	2023	2267
1750063193.0168488	42	2030	2289
1750063198.0319946	44	2048	2308
1750063203.0453062	44	2060	2330
1750063208.0581272	44	2073	2349
1750063213.0782194	44	2084	2370
1750063218.0906885	44	2098	2386
1750063223.107337	44	2113	2398
1750063228.1216207	44	2121	2411
1750063233.136624	44	2141	2430
1750063238.1515207	44	2154	2440
1750063243.1639514	44	2165	2452
1750063248.1780005	45	2178	2471
1750063253.192554	45	2189	2486
1750063258.2099283	46	2213	2495
1750063263.2259047	46	2221	2512
1750063268.23882	46	2239	2527
1750063273.2532496	46	2248	2540
1750063278.2692592	46	2261	2548
1750063283.2888997	46	2277	2565
1750063288.303654	46	2295	2583
1750063293.3173077	46	2310	2599
1750063298.3311296	46	2320	2611
1750063303.3475535	46	2334	2622
1750063308.3612683	46	2352	2643
1750063313.3757951	47	2358	2663
1750063318.3883035	47	2367	2682
1750063323.401925	47	2375	2693
1750063328.4154294	48	2385	2709
1750063333.4301531	48	2402	2722
1750063338.4435987	48	2415	2739
1750063343.4562457	48	2436	2755
1750063348.4696662	48	2446	2772
1750063353.4837787	48	2459	2785
1750063358.4996033	48	2470	2800
1750063363.5144298	48	2481	2816
1750063368.5286465	48	2496	2827
1750063373.542474	48	2512	2837
1750063378.556298	48	2523	2849
1750063383.570854	49	2536	2861
1750063388.585046	49	2548	2880
1750063393.6002023	50	2566	2899
1750063398.614764	51	2579	2914
1750063403.6352932	51	2597	2932
1750063408.6488438	51	2609	2953
1750063413.6625497	51	2624	2968
1750063418.677369	51	2639	2980
1750063423.6907475	51	2648	2994
1750063428.70468	51	2662	3012
1750063433.717941	51	2673	3029
1750063438.7314477	51	2691	3050
1750063443.7442787	51	2710	3066
1750063448.7579198	51	2724	3082
1750063453.7721355	51	2739	3103
1750063458.7867055	51	2750	3118
1750063463.8007154	51	2760	3127
1750063468.815315	52	2779	3141
1750063473.8303173	52	2792	3158
1750063478.8431022	52	2808	3171
1750063483.8560255	52	2819	3182
1750063488.879206	53	2834	3199
1750063493.894234	53	2846	3216
1750063498.9087427	54	2862	3234
1750063503.9233952	54	2874	3245
1750063508.9381084	55	2892	3262
1750063513.9510043	55	2914	3271
1750063518.96483	56	2929	3287
1750063523.9857762	56	2946	3304
1750063529.0030353	57	2959	3320
1750063534.017678	57	2975	3338
1750063539.0327883	57	2984	3350
1750063544.0466263	58	3009	3369
1750063549.0609634	58	3023	3381
1750063554.076205	59	3043	3401
1750063559.0922163	59	3057	3420
1750063564.1071906	59	3065	3439
1750063569.128201	59	3079	3459
1750063574.143764	59	3091	3473
1750063579.1586359	59	3103	3484
1750063584.1725016	59	3117	3506
1750063589.1871288	59	3131	3520
1750063594.2016456	59	3143	3530
1750063599.2167706	60	3152	3543
1750063604.2311168	60	3171	3554
1750063609.2437217	61	3185	3577
1750063614.2570822	61	3204	3591
1750063619.2715344	63	3226	3612
1750063624.2862766	63	3235	3634
1750063629.30196	63	3247	3645
1750063634.3199403	63	3260	3659
1750063639.3349204	63	3277	3680
1750063644.3502395	63	3294	3693
1750063649.3646238	63	3309	3703
1750063654.3787181	63	3322	3713
1750063659.3926327	63	3338	3731
1750063664.407094	63	3353	3752
1750063669.4218867	63	3359	3773
1750063674.435971	63	3371	3780
1750063679.4557405	63	3392	3795
1750063684.470251	63	3406	3807
1750063689.4854844	63	3423	3822
1750063694.5004017	63	3440	3835
1750063699.5188603	63	3453	3848
1750063704.5334496	63	3470	3864
1750063709.5471754	63	3484	3874
1750063714.5615938	63	3500	3888
1750063719.5754228	63	3518	3912
1750063724.5884361	64	3532	3928
1750063729.6024005	64	3545	3947
1750063734.6171975	65	3562	3961
1750063739.6317697	66	3580	3974
1750063744.6466281	66	3596	3984
1750063749.661746	66	3609	3997
1750063754.6756918	66	3629	4012
1750063759.6901631	66	3639	4028
1750063764.711706	66	3656	4045
1750063769.725939	67	3668	4065
1750063774.740242	67	3684	4075
1750063779.7545466	67	3695	4092
1750063784.7697403	67	3713	4106
1750063789.7841096	67	3723	4121
1750063794.7987592	68	3740	4138
1750063799.8206735	69	3753	4162
1750063804.8351119	70	3767	4181
1750063809.8498342	70	3781	4193
1750063814.8643527	70	3797	4212
1750063819.8802347	70	3803	4234
1750063824.8942711	70	3815	4251
1750063829.9076486	71	3833	4260
1750063834.9265943	71	3848	4267
1750063839.94084	71	3862	4287
1750063844.9547591	71	3877	4304
1750063849.9686966	71	3889	4321
1750063854.9826243	71	3901	4341
1750063859.9964013	71	3910	4354
1750063865.0102875	72	3918	4374
1750063870.0242746	72	3935	4387
1750063875.0388815	72	3952	4402
1750063880.0536454	72	3965	4422
1750063885.068712	72	3988	4435
1750063890.083503	72	4005	4451
1750063895.097946	72	4021	4466
1750063900.1128006	72	4039	4480
1750063905.1274838	72	4054	4490
1750063910.1417418	72	4072	4506
1750063915.1557202	72	4083	4514
1750063920.1748054	72	4091	4528
1750063925.1881447	72	4108	4538
1750063930.2017548	72	4122	4552
1750063935.2162716	72	4135	4562
1750063940.231446	73	4159	4582
1750063945.2467453	73	4174	4602
1750063950.2611127	73	4184	4620
1750063955.2758656	73	4201	4630
1750063960.2911353	73	4217	4642
1750063965.3059695	73	4225	4662
1750063970.3190172	73	4232	4675
1750063975.3319602	73	4252	4686
1750063980.3456976	73	4265	4699
1750063985.3687496	73	4279	4718
1750063990.3831081	73	4293	4728
1750063995.3975854	73	4302	4748
1750064000.410702	73	4314	4762
1750064005.4246836	73	4327	4776
1750064010.4395182	73	4338	4790
1750064015.4556115	73	4351	4802
1750064020.470584	73	4366	4816
1750064025.483729	73	4384	4829
1750064030.4970403	73	4402	4852
1750064035.5116158	73	4423	4867
1750064040.5261111	73	4435	4887
1750064045.5408087	73	4454	4903
1750064050.5532858	73	4474	4924
1750064055.5678473	73	4494	4941
1750064060.5870006	73	4509	4964
1750064065.6016715	75	4526	4977
1750064070.6196337	75	4538	4988
1750064075.6342316	75	4551	5005
1750064080.648969	75	4562	5026
1750064085.6636999	75	4572	5038
1750064090.6787114	75	4590	5047
1750064095.6920328	75	4603	5072
1750064100.704559	75	4623	5086
1750064105.7194846	75	4640	5104
1750064110.7327058	75	4655	5118
1750064115.7470465	75	4666	5133
1750064120.7610676	75	4674	5151
1750064125.7738183	75	4688	5168
1750064130.7879298	76	4697	5184
1750064135.8031483	76	4707	5197
1750064140.818646	77	4728	5219
1750064145.8368342	77	4740	5244
1750064150.8507078	77	4758	5258
1750064155.8641846	78	4770	5269
1750064160.876805	79	4786	5282
1750064165.890363	80	4803	5297
1750064170.9052331	80	4820	5310
1750064175.9180162	80	4831	5327
1750064180.9323516	82	4853	5346
1750064185.947077	82	4861	5359
1750064190.9624639	82	4876	5377
1750064195.976643	82	4891	5389
1750064200.9953718	82	4905	5397
1750064206.0096295	82	4916	5414
1750064211.024994	82	4929	5432
1750064216.0394206	82	4942	5453
1750064221.054087	83	4957	5473
1750064226.06784	83	4966	5493
1750064231.0825636	83	4978	5515
1750064236.102347	84	4986	5524
1750064241.1181436	84	4999	5548
1750064246.1321585	84	5010	5558
1750064251.1465635	84	5027	5576
1750064256.1615179	84	5042	5589
1750064261.176107	84	5058	5605
1750064266.1912282	84	5076	5624
1750064271.2063086	84	5095	5638
1750064276.2218153	85	5112	5653
1750064281.2374012	85	5130	5672
1750064286.2518396	85	5144	5686
1750064291.265911	85	5152	5697
1750064296.2799902	85	5161	5709
1750064301.2952468	85	5172	5729
1750064306.3097162	85	5192	5749
1750064311.3246253	85	5205	5764
1750064316.3472736	85	5219	5781
1750064321.366289	85	5236	5797
1750064326.3795803	85	5253	5812
1750064331.3930712	85	5271	5826
1750064336.4059625	85	5288	5837
1750064341.42032	86	5301	5852
1750064346.435296	87	5313	5867
1750064351.4504442	89	5326	5883
1750064356.464721	89	5335	5900
1750064361.478529	89	5346	5913
1750064366.4920833	89	5362	5935
1750064371.5077577	89	5382	5956
1750064376.5208483	90	5396	5968
1750064381.5350895	90	5407	5983
1750064386.5484586	90	5417	6000
1750064391.5633776	90	5428	6023
1750064396.5772812	90	5441	6040
1750064401.5904486	91	5457	6056
1750064406.604969	91	5475	6066
1750064411.620321	91	5497	6080
1750064416.636794	91	5509	6096
1750064421.6491969	91	5523	6115
1750064426.6616461	91	5540	6135
1750064431.6763008	92	5553	6154
1750064436.6996803	92	5569	6168
1750064441.7120638	92	5584	6184
1750064446.7263374	92	5594	6194
1750064451.739556	92	5615	6216
1750064456.7542863	93	5626	6233
1750064461.768259	93	5639	6248
1750064466.7822962	93	5668	6268
1750064471.7948918	93	5683	6284
1750064476.80705	93	5699	6298
1750064481.8193774	94	5722	6316
1750064486.8316753	94	5740	6335
1750064491.8440828	95	5751	6350
1750064496.8578439	95	5766	6367
1750064501.8719177	96	5782	6381
1750064506.884979	96	5793	6392
1750064511.9019504	97	5803	6411
1750064516.916846	97	5816	6424
1750064521.9324296	97	5833	6445
1750064526.9470234	97	5844	6460
1750064531.9612286	97	5856	6477
1750064536.9741278	98	5878	6493
1750064541.987257	98	5895	6509
1750064547.0065093	99	5915	6531
1750064552.0197246	100	5932	6548
1750064557.032623	100	5949	6560
1750064562.045648	101	5968	6575
1750064567.0606337	101	5978	6597
1750064572.0755043	101	5993	6608
1750064577.0917356	103	6005	6624
1750064582.1069477	103	6022	6632
1750064587.1228945	103	6037	6648
1750064592.1391876	104	6051	6660
1750064597.1547308	104	6073	6680
1750064602.1707375	104	6095	6698
1750064607.1885676	104	6111	6712
1750064612.207699	104	6129	6726
1750064617.2207916	104	6137	6737
1750064622.233951	104	6146	6757
1750064627.2469063	104	6166	6772
1750064632.262593	104	6175	6783
1750064637.2782972	106	6195	6797
1750064642.2936087	106	6204	6808
1750064647.308646	106	6218	6821
1750064652.3243148	106	6232	6837
1750064657.3402884	107	6249	6849
1750064662.3548324	107	6255	6863
1750064667.3687267	107	6270	6877
1750064672.3896728	107	6284	6893
1750064677.4076643	107	6304	6911
1750064682.420562	107	6320	6926
1750064687.4352522	107	6337	6939
1750064692.4495893	107	6354	6952
1750064697.4649837	107	6371	6966
1750064702.4799905	108	6386	6984
1750064707.4933317	108	6397	6993
1750064712.5089216	108	6411	7003
1750064717.5248256	108	6424	7020
1750064722.5393262	108	6435	7038
1750064727.5526044	108	6446	7055
1750064732.565426	108	6456	7064
1750064737.5785637	108	6474	7080
1750064742.5917578	109	6490	7093
1750064747.6047175	109	6503	7104
1750064752.6191213	109	6519	7115
1750064757.6364758	109	6533	7131
1750064762.651417	109	6547	7146
1750064767.6661673	109	6557	7158
1750064772.6821039	109	6571	7174
1750064777.6970124	109	6582	7183
1750064782.7106717	109	6601	7203
1750064787.7315702	110	6623	7214
1750064792.7445405	110	6639	7225
1750064797.7580566	111	6659	7240
1750064802.7709558	112	6669	7253
1750064807.7841716	112	6682	7270
1750064812.7972934	112	6693	7282
1750064817.8101816	112	6706	7296
1750064822.8231115	112	6726	7308
1750064827.8359928	113	6745	7327
1750064832.853802	114	6764	7349
1750064837.8732653	114	6780	7364
1750064842.8878767	114	6788	7375
1750064847.9032502	114	6803	7391
1750064852.9177272	114	6813	7407
1750064857.9325612	115	6833	7424
1750064862.9478605	115	6847	7434
1750064867.9704638	115	6868	7453
1750064872.9861443	115	6887	7467
1750064878.0030375	115	6903	7485
1750064883.0182285	116	6912	7503
1750064888.0324528	117	6922	7522
1750064893.047225	117	6944	7541
1750064898.0621512	117	6962	7554
1750064903.0812943	117	6969	7576
1750064908.0973544	117	6986	7591
1750064913.11369	117	7003	7600
1750064918.1280682	117	7014	7610
1750064923.1427402	117	7023	7623
1750064928.1570187	117	7035	7643
1750064933.176385	118	7047	7655
1750064938.193523	118	7060	7673
1750064943.2105832	118	7071	7689
1750064948.2263577	118	7086	7708
1750064953.2416878	118	7096	7717
1750064958.257529	118	7115	7739
1750064963.2735732	118	7128	7751
1750064968.2885213	119	7142	7761
1750064973.3045588	119	7151	7780
1750064978.3189404	119	7164	7792
1750064983.3327594	119	7175	7803
1750064988.3476965	121	7188	7821
1750064993.3639643	121	7201	7828
1750064998.38028	121	7209	7843
1750065003.3945658	121	7223	7853
1750065008.4165661	121	7238	7863
1750065013.432443	121	7250	7882
1750065018.447858	123	7270	7898
1750065023.463481	124	7293	7912
1750065028.4776506	124	7308	7926
1750065033.4941351	125	7325	7942
1750065038.5109046	125	7339	7951
1750065043.5270724	125	7355	7970
1750065048.5419345	125	7366	7983
1750065053.5622208	125	7383	7999
1750065058.5767705	126	7397	8010
1750065063.5915306	127	7416	8030
1750065068.6060538	127	7434	8045
1750065073.620471	127	7453	8066
1750065078.6355636	128	7465	8079
1750065083.6511931	129	7476	8092
1750065088.6659386	129	7495	8111
1750065093.68117	129	7510	8130
1750065098.696637	129	7522	8142
1750065103.71178	129	7539	8153
1750065108.734467	129	7554	8166
1750065113.753883	129	7562	8174
1750065118.769377	129	7574	8180
1750065123.7852783	130	7589	8193
1750065128.7991142	130	7602	8210
1750065133.8126283	130	7614	8226
1750065138.8281024	130	7625	8243
1750065143.8513293	130	7633	8257
1750065148.866199	130	7646	8268
1750065153.8856418	130	7657	8280
1750065158.9014606	131	7673	8298
1750065163.9162276	132	7686	8314
1750065168.9317794	133	7697	8327
1750065173.9457443	133	7706	8341
1750065178.9614685	133	7716	8350
1750065183.9756143	133	7730	8364
1750065188.99022	133	7744	8381
1750065194.004681	133	7760	8397
1750065199.0203643	134	7780	8415
1750065204.0347826	135	7796	8427
1750065209.0575752	135	7806	8434
1750065214.071945	135	7817	8452
1750065219.0955641	135	7836	8469
1750065224.1119072	135	7853	8484
1750065229.1271865	135	7870	8497
1750065234.1433733	135	7891	8512
1750065239.159454	135	7905	8529
1750065244.1752145	135	7919	8548
1750065249.1910844	135	7926	8560
1750065254.2051096	135	7947	8569
1750065259.2196267	135	7957	8584
1750065264.241256	135	7966	8602
1750065269.2552104	135	7982	8618
1750065274.2704859	135	7991	8628
1750065279.2852764	136	8015	8636
1750065284.3018217	136	8033	8658
1750065289.317556	136	8050	8672
1750065294.3332026	136	8064	8681
1750065299.3498652	137	8081	8700
1750065304.364971	137	8092	8711
1750065309.3808017	137	8106	8728
1750065314.3961618	137	8114	8735
1750065319.4107068	137	8128	8745
1750065324.427084	138	8140	8770
1750065329.4507105	138	8154	8783
1750065334.466676	138	8169	8795
1750065339.482307	138	8184	8810
1750065344.496762	138	8194	8819
1750065349.5124	138	8207	8842
1750065354.533633	139	8225	8862
1750065359.549473	139	8244	8884
1750065364.5727897	139	8258	8889
1750065369.588778	139	8275	8904
1750065374.604598	139	8292	8919
1750065379.6189284	139	8300	8931
1750065384.634485	140	8314	8947
1750065389.6505468	140	8327	8960
1750065394.666935	140	8341	8980
1750065399.6829214	141	8355	8999
1750065404.6992986	141	8369	9010
1750065409.7188206	141	8386	9032
1750065414.7334216	141	8398	9042
1750065419.747576	141	8407	9065
1750065424.7626464	141	8423	9080
1750065429.7773225	141	8434	9090
1750065434.793081	141	8446	9100
1750065439.8097305	141	8468	9119
1750065444.8257725	142	8479	9132
1750065449.8412848	142	8496	9152
1750065454.8575811	142	8506	9174
1750065459.873597	142	8519	9185
1750065464.8939304	142	8539	9205
1750065469.9119673	142	8555	9217
1750065474.9276228	142	8571	9230
1750065479.942683	142	8586	9247
1750065484.957422	142	8603	9262
1750065489.981161	143	8618	9281
1750065494.9971669	145	8636	9301
1750065500.0125673	145	8646	9318
1750065505.0274482	146	8662	9338
1750065510.0420427	146	8672	9357
1750065515.0580914	146	8687	9367
1750065520.0740695	146	8704	9376
1750065525.0936213	146	8721	9384
1750065530.1082807	146	8737	9398
1750065535.1240273	146	8752	9415
1750065540.1380267	147	8767	9431
1750065545.1535275	147	8777	9442
1750065550.1730764	147	8788	9456
1750065555.1873782	148	8801	9466
1750065560.202864	148	8823	9479
1750065565.217418	148	8835	9496
1750065570.2328024	148	8844	9513
1750065575.2488046	148	8854	9525
1750065580.2679296	148	8866	9546
1750065585.2818778	148	8878	9564
1750065590.2989898	148	8893	9581
1750065595.3135293	148	8908	9596
1750065600.327761	149	8920	9609
1750065605.341158	149	8933	9620
1750065610.3570113	150	8950	9629
1750065615.374957	150	8969	9645
1750065620.3897293	150	8983	9657
1750065625.4052343	150	8994	9674
1750065630.4211156	150	9003	9690
1750065635.444336	151	9011	9711
1750065640.4611962	151	9020	9736
1750065645.4754398	151	9038	9751
1750065650.4910789	152	9053	9764
1750065655.5068576	152	9064	9779
1750065660.52283	152	9077	9799
1750065665.5381207	153	9092	9816
1750065670.5535495	153	9106	9833
1750065675.5692403	153	9114	9847
1750065680.5850112	154	9130	9878
1750065685.6022804	154	9144	9891
1750065690.6172712	154	9162	9899
1750065695.6320941	154	9178	9915
1750065700.65151	154	9197	9927
1750065705.6683717	155	9216	9943
1750065710.683299	156	9229	9962
1750065715.6978421	156	9244	9971
1750065720.7125165	157	9262	9992
1750065725.7286108	158	9277	10012
1750065730.7438316	160	9287	10031
1750065735.7593904	160	9302	10042
1750065740.7754412	160	9315	10058
1750065745.7911246	160	9330	10076
1750065750.8057425	160	9349	10088
1750065755.82198	160	9370	10097
1750065760.8377783	160	9393	10117
1750065765.852711	160	9406	10130
1750065770.8677156	161	9430	10145
1750065775.884217	161	9445	10159
1750065780.900831	161	9458	10180
1750065785.9187944	161	9469	10195
1750065790.9355083	161	9481	10206
1750065795.9527345	162	9495	10224
1750065800.9682512	162	9519	10240
1750065805.981971	163	9537	10251
1750065810.9977455	163	9544	10266
1750065816.0134404	163	9570	10282
1750065821.0369291	164	9587	10303
1750065826.0571163	165	9600	10331
1750065831.0723202	165	9614	10345
1750065836.0883853	165	9625	10363
1750065841.1043615	165	9636	10375
1750065846.1197088	166	9649	10384
1750065851.1359565	169	9667	10405
1750065856.1505885	169	9679	10419
1750065861.1676173	169	9692	10434
1750065866.1861625	171	9702	10459
1750065871.2018058	171	9714	10475
1750065876.2189567	171	9732	10489
1750065881.234124	172	9750	10508
1750065886.2493284	173	9762	10524
1750065891.2657213	173	9776	10538
1750065896.282179	173	9787	10554
1750065901.2979684	173	9799	10577
1750065906.3138783	173	9818	10595
1750065911.3297276	174	9828	10607
1750065916.345294	174	9842	10626
1750065921.3612237	175	9855	10640
1750065926.376927	175	9874	10659
1750065931.3967779	175	9890	10665
1750065936.413495	175	9901	10676
1750065941.427964	175	9912	10693
1750065946.4436362	175	9930	10700
1750065951.4587934	175	9945	10710
1750065956.474049	175	9962	10725
1750065961.489251	175	9974	10733
1750065966.506347	175	9981	10761
1750065971.5230002	175	9994	10780
1750065976.5471234	175	10009	10791
1750065981.5630085	176	10022	10802
1750065986.5785856	176	10037	10813
1750065991.5950792	176	10053	10828
1750065996.6118748	176	10072	10837
1750066001.6366684	176	10087	10850
1750066006.6523695	177	10102	10868
1750066011.669487	177	10110	10886
1750066016.6843529	177	10117	10914
1750066021.701507	177	10134	10925
1750066026.7177618	177	10150	10943
1750066031.7346308	177	10162	10958
1750066036.751592	177	10170	10967
1750066041.7675443	177	10181	10986
1750066046.7839682	177	10194	11000
1750066051.8000598	177	10205	11012
1750066056.82501	177	10215	11024
1750066061.841548	177	10222	11037
1750066066.8586109	177	10232	11048
1750066071.8760595	177	10240	11068
1750066076.892762	177	10250	11080
1750066081.9078708	177	10270	11093
1750066086.9241204	177	10287	11111
1750066091.9401097	177	10306	11125
1750066096.9569283	177	10320	11142
1750066101.973481	178	10338	11154
1750066106.9904573	178	10346	11170
1750066112.0072868	178	10363	11187
1750066117.0245216	178	10381	11203
1750066122.0417886	178	10399	11214
1750066127.0576744	178	10414	11236
1750066132.0744662	178	10428	11250
1750066137.0908263	178	10442	11269
1750066142.1073349	178	10457	11282
1750066147.1313636	180	10478	11300
1750066152.148659	180	10488	11313
1750066157.164809	180	10502	11328
1750066162.1808143	181	10525	11347
1750066167.1979115	181	10537	11367
1750066172.214861	181	10546	11383
1750066177.2316778	181	10562	11404
1750066182.2476277	181	10575	11414
1750066187.264904	182	10591	11433
1750066192.2795482	182	10609	11448
1750066197.2961226	182	10622	11461
1750066202.3132732	182	10632	11477
1750066207.3306878	182	10641	11488
1750066212.3473854	182	10652	11503
1750066217.3635478	182	10665	11522
1750066222.3799074	182	10679	11533
1750066227.3960116	183	10698	11552
1750066232.413948	183	10716	11566
1750066237.4306366	184	10726	11584
1750066242.4473355	184	10739	11597
1750066247.463884	184	10756	11613
1750066252.4789138	185	10781	11623
1750066257.4945116	185	10790	11637
1750066262.5104942	186	10801	11656
1750066267.525936	186	10816	11671
1750066272.5405304	186	10827	11689
1750066277.5582178	187	10846	11701
1750066282.5752919	187	10863	11723
1750066287.5985796	187	10882	11739
1750066292.6135852	187	10901	11753
1750066297.629154	187	10917	11767
1750066302.6459372	187	10928	11784
1750066307.663067	187	10942	11801
1750066312.6786587	187	10954	11815
1750066317.6940663	187	10963	11830
1750066322.7090924	187	10976	11857
1750066327.7256649	188	10992	11870
1750066332.7421877	188	11006	11886
1750066337.7593484	188	11018	11911
1750066342.7764087	188	11034	11930
1750066347.793085	188	11050	11941
1750066352.8147225	188	11063	11956
1750066357.830461	188	11076	11969
1750066362.8453832	188	11094	11992
1750066367.8623226	188	11106	12000
1750066372.8793137	189	11118	12020
1750066377.8948507	189	11127	12033
1750066382.9102604	190	11142	12053
1750066387.9267268	191	11151	12069
1750066392.9437406	191	11166	12078
1750066397.960067	191	11176	12094
1750066402.97462	192	11197	12110
1750066407.9911878	192	11213	12132
1750066413.0072718	192	11225	12138
1750066418.0234756	192	11240	12148
1750066423.0397992	192	11258	12160
1750066428.055975	192	11269	12176
1750066433.0729918	192	11283	12184
1750066438.0894737	193	11300	12190
1750066443.1060674	193	11314	12209
1750066448.1225555	193	11336	12227
1750066453.138088	193	11345	12241
1750066458.152785	193	11356	12254
1750066463.1694653	193	11369	12266
1750066468.185115	193	11384	12284
1750066473.2053168	193	11399	12301
1750066478.2201967	193	11413	12318
1750066483.2368057	193	11426	12325
1750066488.252518	193	11440	12341
1750066493.2676818	194	11450	12354
1750066498.2845833	194	11469	12371
1750066503.302633	195	11482	12389
1750066508.3188972	195	11499	12407
1750066513.3393257	195	11509	12421
1750066518.3561478	195	11520	12438
1750066523.3730683	195	11535	12455
1750066528.3897228	195	11550	12470
1750066533.4043026	195	11560	12488
1750066538.4205887	196	11567	12500
1750066543.4379957	196	11576	12509
1750066548.4544122	196	11593	12525
1750066553.4704251	197	11608	12541
1750066558.4928577	197	11623	12565
1750066563.5102692	197	11632	12583
1750066568.5263553	197	11645	12598
1750066573.5432289	198	11660	12613
1750066578.5584023	198	11667	12629
1750066583.5748787	198	11674	12642
1750066588.591462	198	11688	12654
1750066593.606969	198	11698	12674
1750066598.6234534	199	11717	12694
1750066603.6387358	199	11732	12709
1750066608.6545513	199	11752	12722
1750066613.6715503	199	11768	12739
1750066618.6882885	199	11785	12748
1750066623.7074742	199	11798	12766
1750066628.7221231	199	11813	12786
1750066633.7380881	199	11828	12801
1750066638.7543576	199	11844	12824
1750066643.770253	199	11857	12832
1750066648.7946892	199	11865	12853
1750066653.8104715	199	11879	12871
1750066658.830452	199	11898	12882
1750066663.8473732	199	11908	12901
1750066668.8621624	200	11933	12918
1750066673.8783853	200	11941	12932
1750066678.8956683	201	11964	12942
1750066683.9139724	201	11980	12961
1750066688.9307182	201	12006	12972
1750066693.947632	201	12018	12980
1750066698.9642258	201	12029	12995
1750066703.9787989	201	12041	13012
1750066708.9942982	202	12051	13029
1750066714.0125642	202	12060	13045
1750066719.0286267	202	12068	13061
1750066724.0503428	202	12080	13074
1750066729.0658698	202	12094	13095
1750066734.0845888	202	12106	13112
1750066739.1015923	202	12119	13130
1750066744.1172612	204	12135	13142
1750066749.1339076	204	12155	13156
1750066754.1484106	204	12168	13168
1750066759.163541	204	12179	13179
1750066764.1793787	204	12198	13190
1750066769.2027209	204	12212	13207
1750066774.219215	204	12226	13222
1750066779.2346566	204	12236	13236
1750066784.2517512	205	12251	13258
1750066789.2684731	205	12271	13266
1750066794.284353	205	12287	13283
1750066799.3012054	205	12301	13299
1750066804.3159585	205	12317	13318
1750066809.3320632	205	12328	13335
1750066814.3490329	205	12343	13349
1750066819.3650196	205	12360	13363
1750066824.3815758	205	12371	13373
1750066829.3974667	205	12385	13383
1750066834.419813	205	12399	13402
1750066839.436521	205	12418	13413
1750066844.4523766	205	12435	13420
1750066849.4687722	205	12445	13437
1750066854.4835615	205	12465	13449
1750066859.5083869	205	12477	13467
1750066864.5253756	205	12495	13489
1750066869.5449207	206	12506	13511
1750066874.5618162	206	12520	13523
1750066879.579148	206	12533	13535
1750066884.5960426	206	12541	13549
1750066889.612764	206	12553	13559
1750066894.629622	206	12566	13573
1750066899.6465652	206	12581	13589
1750066904.6619637	206	12592	13605
1750066909.6789842	206	12605	13624
1750066914.701878	206	12625	13639
1750066919.7190642	206	12644	13650
1750066924.7363486	207	12658	13667
1750066929.7539024	207	12674	13678
1750066934.7713265	207	12684	13688
1750066939.7952218	207	12692	13708
1750066944.8117163	207	12707	13721
1750066949.8283553	207	12724	13740
1750066954.8438725	207	12744	13755
1750066959.8601797	207	12758	13771
1750066964.8771474	207	12773	13785
1750066969.8938928	207	12797	13806
1750066974.9133122	207	12817	13824
1750066979.9279313	207	12832	13837
1750066984.9439404	207	12848	13849
1750066989.9603763	208	12858	13871
1750066994.9780746	208	12875	13880
1750066999.9944632	208	12881	13891
1750067005.014811	208	12894	13901
1750067010.0313632	208	12903	13919
1750067015.048641	208	12915	13932
1750067020.0648804	208	12922	13956
1750067025.0804117	210	12938	13974
1750067030.096686	210	12954	13991
1750067035.1138911	210	12969	14002
1750067040.1291287	210	12978	14018
1750067045.1446717	210	12992	14029
1750067050.1600254	210	13005	14050
1750067055.1756237	210	13020	14061
1750067060.1925905	211	13037	14081
1750067065.209122	212	13049	14098
1750067070.2288558	212	13070	14114
1750067075.2459779	212	13084	14125
1750067080.2631147	212	13101	14140
1750067085.2795854	212	13110	14156
1750067090.2995813	212	13121	14168
1750067095.3166058	212	13142	14183
1750067100.331782	212	13150	14197
1750067105.3471146	212	13161	14217
1750067110.363784	212	13179	14232
1750067115.380658	212	13193	14246
1750067120.397423	212	13205	14256
1750067125.4141037	212	13214	14271
1750067130.4288335	212	13227	14279
1750067135.4478254	213	13241	14296
1750067140.4627979	215	13258	14318
1750067145.4850066	215	13275	14331
1750067150.5013754	215	13286	14348
1750067155.5160668	216	13299	14371
1750067160.531394	217	13312	14386
1750067165.546392	218	13332	14410
1750067170.5626354	218	13350	14426
1750067175.5801966	218	13368	14434
1750067180.598456	218	13389	14456
1750067185.6146343	218	13404	14473
1750067190.6295595	219	13426	14485
1750067195.6455917	219	13442	14498
1750067200.6621814	219	13455	14514
1750067205.679325	219	13476	14528
1750067210.6949642	219	13491	14538
1750067215.711813	219	13511	14553
1750067220.7355003	219	13524	14560
1750067225.7525876	219	13541	14575
1750067230.7681134	219	13556	14590
1750067235.7844925	219	13572	14604
1750067240.8013752	219	13583	14618
1750067245.8181958	219	13597	14634
1750067250.8350859	219	13608	14652
1750067255.8516653	220	13622	14677
1750067260.8683724	220	13634	14696
1750067265.8851955	220	13646	14711
1750067270.902191	220	13661	14721
1750067275.9188697	220	13671	14734
1750067280.9351926	220	13691	14754
1750067285.9585884	220	13704	14775
1750067290.9759424	220	13712	14785
1750067295.993167	220	13721	14799
1750067301.00769	220	13740	14811
1750067306.0233052	220	13759	14831
1750067311.0386186	220	13769	14846
1750067316.0548384	220	13789	14864
1750067321.0716643	222	13808	14889
1750067326.0891404	222	13825	14898
1750067331.1068501	222	13835	14914
1750067336.1248436	222	13846	14928
1750067341.1479483	222	13864	14947
1750067346.1717908	222	13875	14962
1750067351.1887028	222	13885	14975
1750067356.2044804	222	13902	14993
1750067361.2221801	222	13915	15017
1750067366.2441716	222	13933	15031
1750067371.261007	223	13945	15045
1750067376.277953	223	13960	15059
1750067381.2929487	223	13981	15069
1750067386.3093681	223	13995	15086
1750067391.3261437	223	14011	15099
1750067396.343345	223	14025	15109
1750067401.3601904	223	14035	15125
1750067406.375767	223	14052	15143
1750067411.3918808	224	14071	15158
1750067416.408523	224	14086	15170
1750067421.433021	225	14097	15192
1750067426.4496925	226	14110	15208
1750067431.4656725	226	14127	15223
1750067436.4822721	226	14144	15229
1750067441.499816	226	14158	15244
1750067446.515988	227	14175	15256
1750067451.5326269	227	14191	15272
1750067456.548067	227	14206	15292
1750067461.564001	227	14221	15304
1750067466.579865	227	14235	15319
1750067471.596911	227	14242	15333
1750067476.6131892	227	14252	15345
1750067481.6304214	228	14271	15358
1750067486.647371	228	14282	15372
1750067491.6634822	228	14297	15384
1750067496.6796107	228	14309	15402
1750067501.696412	229	14323	15414
1750067506.7165613	230	14334	15431
1750067511.7338996	232	14350	15451
1750067516.7547119	232	14364	15457
1750067521.7707403	232	14379	15471
1750067526.7878869	234	14401	15489
1750067531.8049767	234	14412	15500
1750067536.822185	234	14430	15520
1750067541.8416388	234	14442	15534
1750067546.858051	234	14461	15544
1750067551.8752732	234	14475	15559
1750067556.8915753	234	14485	15566
1750067561.9064426	234	14499	15581
1750067566.9222019	234	14510	15593
1750067571.9469163	234	14522	15614
1750067576.9636078	234	14537	15621
1750067581.983487	234	14556	15638
1750067587.0002155	234	14571	15650
1750067592.0166888	234	14581	15667
1750067597.0334773	234	14591	15686
1750067602.04922	234	14604	15702
1750067607.0660284	234	14620	15715
1750067612.0823352	234	14632	15729
1750067617.0983393	235	14647	15743
1750067622.1148713	236	14674	15758
1750067627.1319377	236	14688	15770
1750067632.1487474	237	14698	15780
1750067637.167723	237	14719	15795
1750067642.1829283	237	14728	15806
1750067647.2065418	237	14745	15819
1750067652.2233317	237	14757	15831
1750067657.2404556	238	14775	15844
1750067662.2567077	238	14785	15862
1750067667.2720447	238	14793	15881
1750067672.2893212	238	14809	15895
1750067677.3067253	238	14822	15907
1750067682.3228498	238	14837	15928
1750067687.3378973	239	14853	15948
1750067692.3540714	239	14871	15962
1750067697.3703372	239	14889	15978
1750067702.3872547	240	14901	15994
1750067707.4033742	240	14910	16006
1750067712.4206645	240	14922	16019
1750067717.4355128	240	14930	16040
1750067722.4510922	240	14946	16056
1750067727.4679985	241	14964	16071
1750067732.4850738	242	14977	16081
1750067737.5014174	242	14995	16089
1750067742.5167046	242	15013	16109
1750067747.5315697	244	15033	16122
1750067752.5473807	244	15046	16145
1750067757.5630863	244	15062	16158
1750067762.5813	244	15071	16171
1750067767.6042116	246	15081	16194
1750067772.6212492	246	15095	16204
1750067777.6370776	246	15107	16218
1750067782.6522255	246	15119	16241
1750067787.6679103	246	15127	16259
1750067792.6842377	246	15145	16277
1750067797.7037263	246	15159	16289
1750067802.7209232	246	15178	16306
1750067807.7380917	247	15202	16329
1750067812.753915	247	15220	16342
1750067817.7697766	248	15241	16358
1750067822.7855065	249	15255	16364
1750067827.801831	249	15267	16381
1750067832.820755	249	15284	16401
1750067837.8378782	249	15301	16414
1750067842.85335	250	15312	16428
1750067847.8705251	251	15328	16435
1750067852.88668	251	15337	16446
1750067857.9033237	252	15361	16465
1750067862.9255745	252	15376	16482
1750067867.9418497	252	15389	16497
1750067872.9624605	253	15404	16513
1750067877.978894	254	15418	16536
1750067882.9970539	254	15431	16552
1750067888.014864	255	15444	16571
1750067893.0298166	256	15462	16593
1750067898.0458455	256	15475	16610
1750067903.0611548	256	15492	16629
1750067908.0765522	256	15508	16641
1750067913.0934906	257	15522	16652
1750067918.1090267	257	15546	16663
1750067923.1245906	257	15558	16683
1750067928.1474462	257	15577	16702
1750067933.1622012	257	15585	16718
1750067938.1849542	258	15597	16733
1750067943.2016416	258	15609	16755
1750067948.216531	258	15623	16774
1750067953.2326384	258	15641	16787
1750067958.2493215	258	15653	16798
1750067963.2660203	258	15663	16809
1750067968.2811725	258	15674	16825
1750067973.297735	258	15682	16836
1750067978.3139484	258	15695	16853
1750067983.3306317	258	15712	16871
1750067988.3472881	259	15733	16885
1750067993.3625648	259	15753	16899
1750067998.3786845	259	15764	16913
1750068003.4030237	259	15782	16925
1750068008.4203253	259	15795	16940
1750068013.4374766	259	15810	16958
1750068018.4523258	259	15827	16978
1750068023.4694586	260	15837	16992
1750068028.484853	261	15851	17010
1750068033.5025983	261	15865	17025
1750068038.5197837	261	15878	17037
1750068043.5343337	261	15897	17050
1750068048.5502093	261	15904	17066
1750068053.56768	261	15911	17079
1750068058.5862389	261	15922	17097
1750068063.6029701	261	15936	17112
1750068068.6202104	261	15956	17126
1750068073.6375167	262	15968	17140
1750068078.6580284	263	15990	17150
1750068083.6748042	263	16001	17162
1750068088.6919806	264	16014	17176
1750068093.709826	264	16032	17195
1750068098.725878	266	16044	17210
1750068103.7421818	266	16056	17218
1750068108.7593517	266	16070	17235
1750068113.780906	266	16080	17251
1750068118.7974658	266	16094	17266
1750068123.8145802	267	16109	17285
1750068128.8311212	267	16121	17300
1750068133.8475766	267	16136	17312
1750068138.8707757	267	16153	17336
1750068143.8873823	267	16164	17348
1750068148.9101257	267	16177	17366
1750068153.9256208	267	16187	17380
1750068158.9438214	267	16205	17392
1750068163.960192	267	16218	17408
1750068168.976987	267	16228	17429
1750068173.9940314	267	16248	17435
1750068179.0091379	267	16257	17448
1750068184.0262828	267	16267	17467
1750068189.0436301	267	16292	17479
1750068194.0595453	267	16315	17496
1750068199.076559	267	16329	17513
1750068204.091762	267	16336	17530
1750068209.1089256	267	16349	17542
1750068214.1330318	267	16362	17555
1750068219.1475985	268	16382	17569
1750068224.163864	268	16401	17584
1750068229.178561	268	16416	17595
1750068234.1951637	268	16434	17613
1750068239.2126536	268	16449	17622
1750068244.2289689	268	16461	17640
1750068249.24642	268	16474	17657
1750068254.2614052	268	16489	17670
1750068259.2759492	268	16504	17686
1750068264.2912934	268	16520	17699
1750068269.3083808	268	16537	17720
1750068274.325226	268	16550	17736
1750068279.3408604	268	16560	17750
1750068284.3577132	268	16577	17760
1750068289.3748531	268	16594	17769
1750068294.3906684	268	16606	17787
1750068299.4077556	268	16622	17798
1750068304.4230547	268	16644	17817
1750068309.4419172	268	16658	17836
1750068314.4588518	270	16671	17857
1750068319.4744012	270	16683	17881
1750068324.4913013	271	16702	17895
1750068329.5082357	271	16715	17910
1750068334.529957	271	16726	17930
1750068339.5470808	271	16738	17943
1750068344.5613718	271	16752	17956
1750068349.577738	271	16761	17978
1750068354.593645	272	16779	17995
1750068359.6093163	272	16795	18014
1750068364.6327295	272	16810	18025
1750068369.6495757	272	16823	18044
1750068374.669087	274	16842	18060
1750068379.6842532	274	16862	18079
1750068384.7020416	274	16871	18088
1750068389.718323	274	16892	18107
1750068394.7346082	275	16906	18115
1750068399.7514162	275	16921	18127
1750068404.7675734	275	16937	18139
1750068409.7830784	275	16949	18156
1750068414.7993076	275	16969	18170
1750068419.8160348	275	16980	18179
1750068424.8329525	275	16996	18197
1750068429.8532083	275	17011	18219
1750068434.8699317	275	17026	18237
1750068439.8922865	275	17032	18249
1750068444.9091012	275	17041	18264
1750068449.925586	275	17051	18282
1750068454.9416616	275	17062	18297
1750068459.959151	275	17073	18314
1750068464.9755301	275	17090	18331
1750068469.9920077	275	17108	18338
1750068475.0084963	275	17118	18347
1750068480.0256581	275	17139	18360
1750068485.0433466	275	17154	18376
1750068490.0578964	275	17169	18390
1750068495.075892	275	17181	18406
1750068500.092403	275	17193	18422
1750068505.1158953	275	17210	18442
1750068510.1332464	275	17223	18453
1750068515.1487489	275	17242	18469
1750068520.1650615	275	17250	18487
1750068525.1814368	275	17269	18502
1750068530.1984868	276	17285	18518
1750068535.2152295	277	17297	18529
1750068540.2299926	277	17314	18542
1750068545.2472718	277	17326	18556
1750068550.263302	277	17336	18574
1750068555.279387	277	17347	18584
1750068560.3011866	277	17359	18603
1750068565.3177245	277	17373	18625
1750068570.3337862	278	17395	18648
1750068575.3493166	278	17411	18661
1750068580.3658202	278	17425	18680
1750068585.3829076	278	17436	18701
1750068590.4026327	278	17451	18712
1750068595.418553	278	17462	18723
1750068600.4385982	278	17474	18741
1750068605.454687	278	17481	18760
1750068610.4712436	278	17498	18775
1750068615.4893184	278	17513	18792
1750068620.5052133	278	17529	18814
1750068625.527659	278	17548	18830
1750068630.5442717	278	17563	18848
1750068635.5600574	278	17581	18856
1750068640.5767949	279	17598	18879
1750068645.5931227	279	17617	18896
1750068650.6101406	279	17629	18909
1750068655.627486	279	17649	18922
1750068660.6445324	279	17657	18939
1750068665.6674428	279	17672	18957
1750068670.6842895	279	17685	18974
1750068675.7009602	279	17700	18986
1750068680.7158551	279	17717	19000
1750068685.732803	279	17726	19017
1750068690.753203	280	17741	19037
1750068695.7705638	280	17759	19053
1750068700.7861273	281	17776	19074
1750068705.800979	281	17790	19095
1750068710.8168156	282	17810	19108
1750068715.8344638	282	17824	19118
1750068720.8580694	282	17836	19133
1750068725.8749917	284	17852	19149
1750068730.8946614	284	17873	19167
1750068735.9114912	284	17899	19182
1750068740.9298573	284	17910	19196
1750068745.9472384	284	17925	19212
1750068750.9640386	284	17941	19223
1750068755.97953	284	17958	19240
1750068760.995955	285	17971	19255
1750068766.0128186	285	17985	19269
1750068771.0303905	287	18000	19286
1750068776.0475044	288	18018	19304
1750068781.063374	288	18026	19320
1750068786.0836933	289	18040	19335
1750068791.1000328	290	18051	19350
1750068796.1242232	290	18070	19363
1750068801.1395292	290	18085	19381
1750068806.1574225	290	18095	19398
1750068811.1743896	290	18103	19416
1750068816.191773	290	18121	19432
1750068821.2076962	291	18131	19452
1750068826.223902	291	18140	19464
1750068831.2400453	291	18151	19482
1750068836.2576396	291	18166	19493
1750068841.2740567	291	18178	19501
1750068846.290235	291	18199	19513
1750068851.3097103	291	18214	19522
1750068856.3251095	292	18223	19535
1750068861.3414428	292	18236	19553
1750068866.3580375	292	18250	19564
1750068871.381919	293	18273	19578
1750068876.398449	293	18292	19592
1750068881.4141634	293	18313	19604
1750068886.430351	294	18326	19619
1750068891.4458663	294	18340	19632
1750068896.4621286	294	18354	19651
1750068901.4789503	294	18370	19670
1750068906.4955068	294	18382	19679
1750068911.512117	294	18393	19696
1750068916.5321684	294	18408	19709
1750068921.5497143	296	18426	19725
1750068926.5655665	297	18444	19742
1750068931.58138	299	18456	19755
1750068936.6052265	299	18470	19778
1750068941.621536	299	18483	19794
1750068946.6379921	299	18491	19812
1750068951.65409	299	18513	19835
1750068956.6715	299	18523	19848
1750068961.6969957	299	18535	19862
1750068966.7152865	299	18550	19885
1750068971.7319992	300	18563	19895
1750068976.7483368	300	18578	19907
1750068981.7637236	301	18589	19927
1750068986.7791736	301	18599	19936
1750068991.795301	301	18615	19946
1750068996.8184407	301	18620	19963
1750069001.83416	301	18630	19980
1750069006.8566477	301	18649	19994
1750069011.873706	301	18664	20011
1750069016.8893216	301	18677	20023
1750069021.9055283	301	18689	20041
1750069026.9225256	302	18702	20052
1750069031.937346	302	18718	20060
1750069036.953765	302	18731	20071
1750069041.970432	303	18746	20085
1750069046.9864335	303	18766	20095
1750069052.0033011	303	18781	20109
1750069057.0190704	304	18801	20128
1750069062.038197	304	18812	20141
1750069067.0549476	305	18825	20160
1750069072.0706599	305	18839	20178
1750069077.0868723	305	18852	20194
1750069082.1033063	305	18874	20202
1750069087.1191862	305	18886	20214
1750069092.13896	305	18901	20229
1750069097.1558976	305	18918	20247
1750069102.1749697	305	18932	20265
1750069107.1908705	305	18941	20279
1750069112.2083688	306	18955	20296
1750069117.2244956	306	18962	20308
1750069122.2436392	306	18985	20325
1750069127.2647035	306	18996	20338
1750069132.2809896	307	19004	20350
1750069137.2981875	307	19015	20364
1750069142.3151178	308	19030	20383
1750069147.3316672	308	19042	20394
1750069152.348779	309	19054	20412
1750069157.3665318	309	19081	20427
1750069162.384942	309	19091	20448
1750069167.4045255	309	19108	20462
1750069172.4201226	309	19127	20479
1750069177.4371357	309	19143	20502
1750069182.4538648	309	19152	20522
1750069187.4707975	309	19167	20538
1750069192.4887888	309	19190	20546
1750069197.5045145	309	19206	20563
1750069202.5213995	310	19224	20579
1750069207.5380175	311	19242	20593
1750069212.5555592	311	19260	20602
1750069217.5703945	311	19276	20615
1750069222.5916445	312	19294	20631
1750069227.60693	312	19307	20645
1750069232.6233773	312	19323	20663
1750069237.6387262	313	19341	20675
1750069242.6545818	313	19353	20691
1750069247.6721995	314	19366	20709
1750069252.6895692	314	19389	20720
1750069257.7062378	315	19397	20739
1750069262.730842	315	19411	20758
1750069267.7458265	315	19421	20775
1750069272.7623696	315	19431	20784
1750069277.7782195	315	19442	20799
1750069282.8006966	315	19458	20823
1750069287.8155475	315	19477	20839
1750069292.8303134	315	19489	20857
1750069297.844978	315	19504	20879
1750069302.859678	315	19525	20893
1750069307.8760886	315	19541	20907
1750069312.890716	315	19554	20922
1750069317.9065595	315	19571	20932
1750069322.9240413	315	19586	20950
1750069327.9419823	315	19601	20966
1750069332.959407	315	19616	20984
1750069337.9782612	315	19627	21000
1750069342.993674	317	19639	21020
1750069348.009494	317	19652	21037
1750069353.0256028	317	19662	21055
1750069358.0418763	317	19677	21068
1750069363.0575602	318	19693	21085
1750069368.0808492	318	19707	21098
1750069373.098703	318	19727	21113
1750069378.1223426	318	19736	21125
1750069383.1379254	318	19752	21141
1750069388.1564372	319	19767	21155
1750069393.1726956	320	19783	21173
1750069398.1905005	320	19796	21188
1750069403.207159	320	19810	21201
1750069408.223811	321	19821	21215
1750069413.2440572	321	19833	21227
1750069418.2607434	321	19843	21242
1750069423.2819536	321	19862	21258
1750069428.2987487	321	19876	21269
1750069433.3153014	321	19892	21285
1750069438.3308754	323	19907	21302
1750069443.3456306	323	19919	21317
1750069448.360986	323	19931	21332
1750069453.3773878	323	19939	21353
1750069458.3936405	323	19957	21364
1750069463.4103327	323	19969	21378
1750069468.4252298	323	19981	21393
1750069473.4409082	324	19999	21412
1750069478.4585145	324	20011	21429
1750069483.4741344	324	20022	21447
1750069488.499834	324	20039	21463
1750069493.516945	324	20053	21485
1750069498.5337546	325	20069	21496
1750069503.5508685	325	20080	21515
1750069508.5678818	325	20089	21530
1750069513.5912476	325	20103	21544
1750069518.6085374	325	20116	21560
1750069523.6252487	325	20131	21575
1750069528.6424315	325	20147	21593
1750069533.6605346	325	20162	21608
1750069538.6768115	325	20171	21621
1750069543.6922615	325	20184	21630
1750069548.708321	326	20205	21642
1750069553.7243276	326	20217	21658
1750069558.7406902	326	20238	21670
1750069563.75702	326	20249	21688
1750069568.7812586	326	20264	21710
1750069573.7960842	326	20279	21720
1750069578.812654	326	20290	21732
1750069583.8294477	326	20305	21747
1750069588.84617	326	20322	21769
1750069593.8616238	327	20338	21781
1750069598.8787217	327	20348	21791
1750069603.895153	327	20359	21804
1750069608.911859	327	20377	21813
1750069613.9274514	327	20388	21827
1750069618.9435072	327	20404	21847
1750069623.9611316	328	20424	21859
1750069628.9776883	328	20435	21882
1750069633.9983308	328	20447	21893
1750069639.0142012	328	20462	21906
1750069644.0304973	328	20477	21922
1750069649.0474868	329	20498	21945
1750069654.0639284	329	20517	21953
1750069659.080454	329	20536	21964
1750069664.0973697	329	20547	21979
1750069669.1142457	329	20560	21989
1750069674.131548	329	20570	22003
1750069679.147489	329	20583	22019
1750069684.16455	329	20596	22032
1750069689.1897042	329	20609	22044
1750069694.2091818	329	20621	22059
1750069699.2251084	329	20635	22072
1750069704.2416422	329	20643	22085
1750069709.258569	329	20651	22100
1750069714.2759488	329	20659	22107
1750069719.2920597	329	20671	22122
1750069724.307634	329	20686	22143
1750069729.324541	329	20706	22153
1750069734.3450768	329	20726	22165
1750069739.3622003	329	20739	22183
1750069744.3801715	329	20753	22193
1750069749.3963714	330	20773	22218
1750069754.4127421	330	20787	22234
1750069759.429108	330	20808	22257
1750069764.445193	330	20819	22273
1750069769.4623084	330	20831	22293
1750069774.4791968	330	20846	22308
1750069779.4954166	330	20867	22324
1750069784.5108836	330	20881	22347
1750069789.5275176	330	20889	22368
1750069794.5433636	330	20902	22386
1750069799.5669188	331	20918	22402
1750069804.5832193	331	20927	22416
1750069809.599824	332	20942	22431
1750069814.6148643	332	20963	22451
1750069819.6334977	332	20978	22472
1750069824.6499956	332	20993	22488
1750069829.6671958	332	21007	22509
1750069834.6829238	332	21022	22518
1750069839.6993687	332	21027	22525
1750069844.7248843	332	21052	22540
1750069849.7420228	332	21069	22556
1750069854.7579172	332	21093	22573
1750069859.7734683	332	21106	22596
1750069864.790195	333	21119	22616
1750069869.8058815	333	21135	22632
1750069874.8217285	333	21148	22641
1750069879.8371077	333	21163	22654
1750069884.8535285	333	21175	22667
1750069889.871721	333	21189	22691
1750069894.887539	333	21204	22710
1750069899.9040184	335	21219	22728
1750069904.9206917	335	21236	22739
1750069909.9428031	335	21252	22750
1750069914.9587967	335	21266	22767
1750069919.9759502	336	21291	22785
1750069924.9930286	336	21309	22801
1750069930.0094497	336	21320	22817
1750069935.030977	336	21339	22834
1750069940.0483208	336	21350	22846
1750069945.0688438	336	21356	22862
1750069950.0859182	336	21371	22874
1750069955.1012206	336	21383	22885
1750069960.1191316	336	21394	22900
1750069965.1369097	337	21407	22916
1750069970.1536763	338	21420	22935
1750069975.1707284	339	21431	22950
1750069980.194614	339	21445	22964
1750069985.2168686	339	21463	22976
1750069990.235431	340	21480	22988
1750069995.2516577	340	21498	22996
1750070000.2677462	340	21515	23013
1750070005.289447	341	21534	23027
1750070010.3060284	341	21547	23033
1750070015.323438	341	21561	23048
1750070020.3396308	341	21576	23066
1750070025.3558438	342	21594	23079
1750070030.3709073	342	21604	23090
1750070035.3869097	342	21611	23111
1750070040.4039721	342	21622	23126
1750070045.42051	342	21631	23141
1750070050.4379644	343	21653	23156
1750070055.4526823	343	21666	23169
1750070060.4693098	344	21683	23183
1750070065.4866095	345	21698	23201
1750070070.507638	345	21721	23216
1750070075.5249252	345	21735	23230
1750070080.542364	345	21755	23245
1750070085.559282	345	21776	23260
1750070090.57629	345	21787	23279
1750070095.592016	345	21799	23292
1750070100.6077685	345	21813	23301
1750070105.6313658	345	21825	23316
1750070110.6467845	345	21844	23327
1750070115.6627443	346	21858	23346
1750070120.679796	346	21870	23368
1750070125.6957114	346	21879	23384
1750070130.716911	347	21895	23397
1750070135.7335584	347	21913	23409
1750070140.7490566	347	21927	23422
1750070145.7656894	347	21932	23435
1750070150.7821236	347	21947	23444
1750070155.7985928	347	21962	23456
1750070160.819693	347	21978	23468
1750070165.8353775	348	21995	23480
1750070170.8529065	348	22008	23494
1750070175.8691735	348	22025	23513
1750070180.8853877	348	22040	23521
1750070185.9028523	348	22053	23543
1750070190.9202662	348	22066	23559
1750070195.9364703	348	22080	23574
1750070200.9528034	348	22090	23590
1750070205.9688017	348	22110	23604
1750070210.9860673	348	22124	23616
1750070216.002526	348	22136	23636
1750070221.0188754	348	22148	23651
1750070226.034401	348	22161	23665
1750070231.0500925	348	22171	23680
1750070236.0703382	348	22182	23689
1750070241.0862336	348	22201	23708
1750070246.1026533	348	22214	23726
1750070251.1196392	348	22233	23745
1750070256.1359675	348	22246	23761
1750070261.152683	349	22259	23779
1750070266.1694992	349	22272	23793
1750070271.185877	350	22286	23808
1750070276.2022655	350	22296	23822
1750070281.2176313	350	22314	23844
1750070286.2339604	350	22326	23857
1750070291.2522156	350	22338	23872
1750070296.2682748	350	22355	23886
1750070301.2858412	350	22373	23900
1750070306.3023934	350	22393	23918
1750070311.318593	353	22411	23945
1750070316.3365247	353	22423	23959
1750070321.3529031	353	22440	23968
1750070326.369788	353	22453	23986
1750070331.3863099	353	22462	24008
1750070336.4029884	353	22476	24023
1750070341.421584	354	22493	24034
1750070346.443361	354	22509	24051
1750070351.4608152	354	22517	24060
1750070356.4787161	354	22525	24071
1750070361.494747	354	22543	24083
1750070366.511747	354	22558	24096
1750070371.5284774	354	22573	24114
1750070376.5442	354	22584	24133
1750070381.5606577	355	22597	24145
1750070386.5770545	355	22609	24168
1750070391.593285	355	22623	24183
1750070396.6104515	355	22636	24198
1750070401.6349435	355	22649	24222
1750070406.6544456	355	22656	24228
1750070411.6702955	355	22671	24249
1750070416.685687	355	22681	24260
1750070421.7017298	355	22701	24275
1750070426.717815	355	22718	24298
1750070431.733873	355	22732	24307
1750070436.753669	355	22740	24325
1750070441.769005	355	22755	24337
1750070446.7919977	355	22767	24357
1750070451.8089526	355	22775	24375
1750070456.824977	355	22791	24390
1750070461.8426824	356	22807	24404
1750070466.8595579	356	22821	24417
1750070471.8764453	356	22844	24433
1750070476.8928614	356	22853	24445
1750070481.9093747	356	22866	24461
1750070486.9272826	356	22881	24478
1750070491.949476	356	22894	24495
1750070496.9654555	357	22912	24514
1750070501.982279	357	22931	24529
1750070506.9991114	357	22942	24539
1750070512.0166361	357	22958	24555
1750070517.0317786	357	22969	24574
1750070522.048117	357	22990	24589
1750070527.065048	357	23002	24610
1750070532.0810912	357	23020	24630
1750070537.098661	357	23036	24641
1750070542.113969	357	23047	24657
1750070547.128513	357	23071	24679
1750070552.145546	358	23078	24697
1750070557.1623547	358	23091	24720
1750070562.1778507	358	23102	24738
1750070567.1926155	358	23115	24749
1750070572.2088952	359	23133	24758
1750070577.2255218	359	23145	24770
1750070582.2424252	360	23156	24795
1750070587.2656374	360	23168	24810
1750070592.2827563	360	23189	24829
1750070597.300043	360	23203	24845
1750070602.3178144	360	23218	24855
1750070607.3344874	360	23233	24875
1750070612.351367	360	23248	24886
1750070617.3682723	360	23264	24898
1750070622.392348	360	23282	24911
1750070627.4095376	361	23298	24928
1750070632.426232	362	23316	24944
1750070637.4427829	362	23326	24958
1750070642.4589	362	23329	24971
1750070647.4751692	362	23352	24985
1750070652.491029	362	23364	24997
1750070657.5075018	362	23375	25012
1750070662.525242	362	23385	25037
1750070667.5412788	362	23398	25053
1750070672.5564435	362	23414	25074
1750070677.572446	364	23427	25085
1750070682.5890608	364	23436	25106
1750070687.6063557	364	23448	25126
1750070692.6224012	364	23463	25145
1750070697.6381178	364	23481	25157
1750070702.6532052	364	23499	25174
1750070707.6697915	364	23510	25189
1750070712.6866937	364	23531	25202
1750070717.702269	364	23544	25216
1750070722.7189622	364	23560	25236
1750070727.7381215	366	23577	25253
1750070732.7533321	366	23592	25263
1750070737.7745645	367	23605	25287
1750070742.7892468	367	23622	25300
1750070747.8087287	368	23636	25317
1750070752.825348	368	23650	25335
1750070757.8423498	368	23664	25352
1750070762.859034	368	23680	25367
1750070767.8743002	368	23685	25386
1750070772.8906586	368	23698	25408
1750070777.905835	368	23710	25423
1750070782.9234996	368	23723	25435
1750070787.940911	368	23737	25450
1750070792.9621909	368	23754	25468
1750070797.9784524	368	23767	25484
1750070803.0024474	368	23777	25509
1750070808.0190685	369	23809	25525
1750070813.0367217	369	23825	25536
1750070818.05351	369	23841	25551
1750070823.068932	369	23850	25568
1750070828.0837476	370	23864	25578
1750070833.1010816	372	23883	25591
1750070838.1178708	373	23891	25609
1750070843.1335297	373	23901	25625
1750070848.1489885	374	23912	25638
1750070853.1654644	374	23928	25658
1750070858.1826282	374	23946	25671
1750070863.1995103	374	23959	25677
1750070868.2226713	377	23976	25693
1750070873.2387269	377	23987	25709
1750070878.2543347	377	24002	25725
1750070883.2700922	378	24020	25746
1750070888.2867095	378	24029	25764
1750070893.302954	378	24043	25788
1750070898.3191733	379	24057	25803
1750070903.333921	379	24069	25816
1750070908.3505025	379	24084	25828
1750070913.3674753	379	24101	25844
1750070918.3854063	379	24119	25867
1750070923.4047399	379	24134	25878
1750070928.4207475	379	24150	25892
1750070933.4378738	380	24167	25902
1750070938.4543135	381	24181	25923
1750070943.471958	381	24193	25936
1750070948.4884348	382	24214	25953
1750070953.508124	382	24225	25968
1750070958.525111	383	24238	25983
1750070963.5446062	383	24249	26001
1750070968.560624	384	24260	26016
1750070973.5778255	384	24272	26031
1750070978.5954	384	24289	26044
1750070983.610589	384	24305	26058
1750070988.6298048	385	24325	26070
1750070993.6466851	386	24338	26089
1750070998.6630096	386	24348	26103
1750071003.6788242	386	24361	26116
1750071008.6962419	386	24373	26127
1750071013.7131534	386	24388	26137
1750071018.7318697	386	24399	26159
1750071023.7487626	386	24413	26168
1750071028.7664943	388	24428	26179
1750071033.7834837	390	24447	26202
1750071038.7997367	390	24460	26216
1750071043.8154817	390	24473	26235
1750071048.834698	390	24487	26251
1750071053.8550696	390	24500	26269
1750071058.8712208	391	24512	26288
1750071063.8882186	391	24527	26306
1750071068.9051144	392	24539	26328
1750071073.921561	392	24552	26348
1750071078.936414	393	24570	26363
1750071083.9529254	393	24586	26381
1750071088.969554	393	24599	26392
1750071093.987185	393	24610	26409
1750071099.0036554	393	24628	26425
1750071104.0197217	393	24637	26437
1750071109.0360777	393	24647	26455
1750071114.0538232	393	24666	26476
1750071119.0709782	394	24685	26494
1750071124.0947251	394	24695	26508
1750071129.1105735	394	24711	26524
1750071134.1263344	394	24725	26545
1750071139.143092	395	24739	26563
1750071144.1608958	395	24749	26581
1750071149.1773303	395	24768	26604
1750071154.1951056	395	24782	26623
1750071159.2119234	395	24791	26639
1750071164.228737	396	24808	26657
1750071169.2456622	396	24821	26685
1750071174.2622843	396	24834	26702
1750071179.2783267	396	24851	26710
1750071184.29435	396	24863	26726
1750071189.311258	396	24885	26739
1750071194.327667	396	24895	26752
1750071199.3441513	396	24908	26762
1750071204.3610413	396	24920	26781
1750071209.3775914	397	24943	26798
1750071214.3945644	398	24960	26812
1750071219.416063	398	24975	26829
1750071224.4319417	398	24986	26841
1750071229.4482622	398	24999	26858
1750071234.4639623	398	25013	26868
1750071239.4805014	398	25033	26882
1750071244.4976397	398	25042	26903
1750071249.5143743	398	25055	26920
1750071254.532214	399	25070	26939
1750071259.5494037	400	25085	26955
1750071264.5657103	400	25097	26970
1750071269.5817301	401	25119	26978
1750071274.5977497	401	25134	26989
1750071279.6139686	401	25151	27005
1750071284.6378467	401	25164	27022
1750071289.6538227	401	25178	27049
1750071294.6709104	401	25194	27061
1750071299.6878119	401	25214	27076
1750071304.7037442	401	25229	27087
1750071309.7207954	401	25240	27102
1750071314.7385943	401	25261	27115
1750071319.7551434	401	25269	27126
1750071324.7718167	401	25279	27141
1750071329.787858	401	25288	27157
1750071334.8047764	401	25302	27176
1750071339.8216283	401	25315	27193
1750071344.8386304	401	25332	27215
1750071349.85433	402	25350	27229
1750071354.8702502	403	25366	27239
1750071359.886824	403	25381	27258
1750071364.901957	403	25394	27274
1750071369.9166207	403	25403	27286
1750071374.936703	403	25413	27295
1750071379.9579892	403	25428	27312
1750071384.975123	404	25442	27327
1750071389.992338	405	25461	27341
1750071395.0076454	405	25473	27357
1750071400.023722	405	25486	27368
1750071405.0404766	405	25494	27386
1750071410.0565462	406	25512	27402
1750071415.07302	406	25537	27414
1750071420.0886526	406	25552	27428
1750071425.107994	406	25568	27446
1750071430.1250606	408	25577	27460
1750071435.1424954	408	25593	27480
1750071440.161053	408	25606	27500
1750071445.18586	408	25618	27515
1750071450.2036183	409	25630	27535
1750071455.2192643	409	25642	27547
1750071460.2355745	409	25659	27563
1750071465.2525935	410	25674	27576
1750071470.2684247	410	25686	27589
1750071475.285166	410	25709	27607
1750071480.3006907	410	25725	27629
1750071485.3170943	410	25743	27639
1750071490.3344445	410	25762	27651
1750071495.3519518	410	25783	27662
1750071500.3686402	411	25800	27678
1750071505.3849096	412	25814	27687
1750071510.4069624	412	25826	27704
1750071515.4219117	412	25849	27720
1750071520.437105	412	25866	27737
1750071525.453989	412	25880	27754
1750071530.472064	413	25893	27764
1750071535.4879813	413	25904	27783
1750071540.506894	413	25919	27802
1750071545.5238326	413	25935	27817
1750071550.540826	413	25952	27831
1750071555.5574942	413	25963	27844
1750071560.5743868	413	25971	27862
1750071565.5901651	413	25986	27869
1750071570.6063414	414	25998	27890
1750071575.629597	414	26011	27901
1750071580.6460412	414	26016	27918
1750071585.663159	415	26031	27940
1750071590.6783564	415	26046	27957
1750071595.6955972	416	26066	27971
1750071600.7120302	416	26077	27979
1750071605.7280693	416	26096	27996
1750071610.7440958	416	26111	28009
1750071615.760281	416	26124	28021
1750071620.7752538	416	26131	28035
1750071625.791161	416	26142	28051
1750071630.8079703	417	26155	28075
1750071635.8250446	418	26170	28093
1750071640.8431964	418	26182	28108
1750071645.8576252	418	26197	28121
1750071650.8736763	418	26215	28138
1750071655.891415	418	26227	28152
1750071660.909013	418	26250	28167
1750071665.9244726	418	26264	28185
1750071670.941036	418	26278	28196
1750071675.9576895	418	26295	28208
1750071680.9738326	418	26307	28228
1750071685.9909801	419	26320	28239
1750071691.0078871	419	26336	28259
1750071696.0243232	419	26352	28271
1750071701.0395918	419	26366	28289
1750071706.0631924	419	26375	28298
1750071711.0799193	419	26390	28320
1750071716.096572	419	26405	28332
1750071721.1129975	420	26413	28347
1750071726.1301308	420	26422	28364
1750071731.1468775	420	26440	28380
1750071736.164072	420	26457	28399
1750071741.1808386	420	26473	28413
1750071746.1976893	420	26485	28434
1750071751.2133386	420	26503	28451
1750071756.2303839	420	26514	28464
1750071761.2558584	420	26526	28480
1750071766.2733774	420	26539	28500
1750071771.289946	421	26557	28518
1750071776.3050728	421	26569	28538
1750071781.322031	421	26572	28555
1750071786.3384335	422	26586	28568
1750071791.3553784	423	26604	28585
1750071796.3788047	423	26620	28597
1750071801.3940616	424	26641	28613
1750071806.4185874	425	26653	28633
1750071811.4358435	425	26671	28648
1750071816.4529583	425	26679	28668
1750071821.4696136	425	26690	28682
1750071826.4851835	425	26702	28696
1750071831.502679	425	26717	28707
1750071836.520157	426	26733	28728
1750071841.5364664	426	26752	28742
1750071846.5534885	427	26766	28763
1750071851.5763464	427	26787	28773
1750071856.5921948	428	26800	28787
1750071861.6096199	428	26810	28807
1750071866.6251054	428	26832	28829
1750071871.6416442	428	26841	28834
1750071876.6574237	428	26852	28848
1750071881.6744373	428	26862	28858
1750071886.6930525	428	26867	28872
1750071891.7095585	428	26881	28889
1750071896.726614	428	26897	28906
1750071901.7427897	428	26912	28920
1750071906.759088	428	26920	28933
1750071911.7760053	428	26934	28948
1750071916.7998836	428	26946	28966
1750071921.8166301	428	26961	28987
1750071926.8328886	428	26974	28999
1750071931.8490634	428	26987	29004
1750071936.8661864	428	26995	29022
1750071941.8808272	428	27005	29041
1750071946.8955524	428	27023	29059
1750071951.9112756	428	27045	29070
1750071956.9260824	428	27055	29087
1750071961.9431057	429	27068	29104
1750071966.9577827	430	27077	29116
1750071971.9736235	430	27088	29125
1750071976.98907	430	27110	29144
1750071982.0058217	430	27124	29160
1750071987.0227478	430	27140	29187
1750071992.0397673	430	27152	29198
1750071997.0569048	430	27166	29212
1750072002.073146	430	27187	29229
1750072007.0894616	431	27206	29246
1750072012.1059508	431	27228	29256
1750072017.123083	431	27244	29276
1750072022.1399112	431	27264	29294
1750072027.1575656	431	27279	29304
1750072032.1743917	431	27286	29321
1750072037.1903987	432	27305	29343
1750072042.208868	432	27321	29357
1750072047.2253535	432	27340	29369
1750072052.2427866	433	27356	29383
1750072057.2591553	433	27371	29396
1750072062.2760413	433	27385	29403
1750072067.2928681	434	27399	29426
1750072072.3094616	434	27411	29440
1750072077.33433	434	27429	29450
1750072082.3517838	434	27436	29466
1750072087.3685706	435	27449	29481
1750072092.3850367	435	27465	29501
1750072097.402147	435	27471	29511
1750072102.4170308	436	27486	29522
1750072107.4348834	436	27495	29537
1750072112.4506276	436	27505	29555
1750072117.4659522	436	27523	29584
1750072122.4826314	437	27532	29597
1750072127.4983003	437	27548	29618
1750072132.5159836	439	27563	29634
1750072137.532316	439	27579	29658
1750072142.5494678	439	27596	29680
1750072147.566592	439	27611	29696
1750072152.5813837	439	27627	29712
1750072157.5997474	439	27645	29726
1750072162.6210077	439	27663	29742
1750072167.6376245	439	27678	29759
1750072172.65428	439	27688	29771
1750072177.6703625	439	27703	29793
1750072182.6873617	439	27712	29806
1750072187.7041156	439	27726	29826
1750072192.720477	439	27734	29840
1750072197.737556	439	27752	29858
1750072202.753881	439	27763	29876
1750072207.770828	439	27783	29892
1750072212.787114	439	27793	29904
1750072217.8041062	440	27809	29915
1750072222.8220234	440	27826	29934
1750072227.844773	440	27832	29949
1750072232.8597898	440	27846	29960
1750072237.8775957	440	27864	29969
1750072242.894355	440	27876	29974
1750072247.9115198	440	27887	29993
1750072252.9272108	440	27901	30006
1750072257.9436762	440	27919	30021
1750072262.9600115	440	27934	30029
1750072267.9760957	441	27952	30042
1750072272.992109	441	27962	30057
1750072278.008436	441	27983	30067
1750072283.0256248	441	27992	30092
1750072288.0410457	441	28007	30109
1750072293.0570219	442	28019	30129
1750072298.0737133	442	28035	30141
1750072303.089811	442	28047	30160
1750072308.1056354	442	28061	30176
1750072313.1269941	442	28071	30187
1750072318.1430953	442	28081	30199
1750072323.1630805	443	28099	30213
1750072328.1785078	443	28108	30229
1750072333.194607	443	28126	30243
1750072338.210332	443	28144	30257
1750072343.2287598	443	28160	30280
1750072348.2502353	443	28173	30299
1750072353.2676053	443	28185	30311
1750072358.2847412	445	28204	30333
1750072363.3020573	445	28218	30352
1750072368.318397	445	28229	30368
1750072373.3356745	445	28239	30383
1750072378.3556938	445	28253	30394
1750072383.372778	445	28266	30402
1750072388.395372	445	28279	30424
1750072393.4120758	445	28291	30440
1750072398.4303982	445	28297	30455
1750072403.4476535	445	28309	30469
1750072408.4667335	446	28323	30488
1750072413.483101	446	28343	30505
1750072418.4998431	446	28353	30526
1750072423.5161715	446	28360	30538
1750072428.5328858	446	28378	30551
1750072433.5567236	447	28391	30565
1750072438.5723977	447	28403	30576
1750072443.5890832	447	28418	30589
1750072448.6064098	447	28430	30606
1750072453.6240978	448	28443	30624
1750072458.647382	448	28463	30642
1750072463.66207	448	28489	30661
1750072468.6838825	448	28501	30674
1750072473.7012618	448	28513	30689
1750072478.7186801	448	28532	30710
1750072483.7343447	448	28549	30726
1750072488.7500744	448	28562	30739
1750072493.7689846	448	28579	30763
1750072498.7865424	448	28591	30780
1750072503.8033514	448	28603	30791
1750072508.82038	448	28616	30806
1750072513.835172	448	28627	30815
1750072518.8514626	448	28640	30828
1750072523.8700407	448	28657	30839
1750072528.886987	448	28669	30854
1750072533.9050527	449	28682	30869
1750072538.9209912	450	28695	30885
1750072543.937813	450	28707	30900
1750072548.955735	452	28721	30924
1750072553.9723072	452	28734	30935
1750072558.988766	452	28752	30953
1750072564.0046628	452	28760	30965
1750072569.021024	452	28775	30977
1750072574.0372627	453	28793	30996
1750072579.0535603	453	28804	31007
1750072584.0699866	453	28821	31026
1750072589.091762	453	28835	31046
1750072594.1082065	454	28851	31062
1750072599.1316085	455	28869	31079
1750072604.1480312	455	28883	31103
1750072609.1658957	455	28897	31120
1750072614.1816056	455	28925	31134
1750072619.1984808	456	28940	31151
1750072624.216147	456	28953	31168
1750072629.2328799	456	28973	31185
1750072634.2497377	456	28984	31201
1750072639.265155	456	28995	31217
1750072644.2815955	456	29004	31225
1750072649.2985876	456	29011	31234
1750072654.3197806	457	29026	31251
1750072659.3368201	458	29039	31270
1750072664.3613052	459	29053	31297
1750072669.378075	459	29071	31316
1750072674.3946989	460	29082	31336
1750072679.4120092	461	29103	31346
1750072684.4300451	461	29118	31366
1750072689.4467545	461	29131	31387
1750072694.4638922	461	29142	31406
1750072699.4808223	462	29156	31418
1750072704.4982135	462	29170	31435
1750072709.5164654	463	29188	31446
1750072714.5325093	463	29202	31471
1750072719.5489626	463	29216	31491
1750072724.565655	463	29232	31513
1750072729.5817502	464	29249	31531
1750072734.5985143	464	29266	31546
1750072739.6138895	465	29276	31564
1750072744.6288812	465	29292	31580
1750072749.6449668	465	29309	31596
1750072754.6606596	466	29322	31616
1750072759.6765642	466	29336	31636
1750072764.6908987	467	29348	31653
1750072769.705819	467	29372	31665
1750072774.7233095	468	29386	31679
1750072779.7406652	468	29394	31699
1750072784.7573142	469	29412	31716
1750072789.7734377	470	29426	31737
1750072794.7896757	470	29443	31751
1750072799.816141	470	29457	31764
1750072804.832515	472	29475	31778
1750072809.856442	472	29485	31787
1750072814.8732004	472	29497	31803
1750072819.8901446	472	29511	31821
1750072824.9075918	472	29522	31834
1750072829.9239495	472	29534	31848
1750072834.940591	472	29551	31866
1750072839.9567857	472	29567	31879
1750072844.97389	472	29572	31892
1750072849.9902873	472	29589	31904
1750072855.007977	472	29602	31916
1750072860.0264697	472	29620	31927
1750072865.0442715	472	29632	31944
1750072870.061345	472	29658	31964
1750072875.0866132	472	29676	31981
1750072880.103827	472	29694	31995
1750072885.1193295	473	29710	32025
1750072890.136024	473	29725	32040
1750072895.1517868	474	29744	32065
1750072900.1687627	476	29756	32081
1750072905.186086	476	29768	32099
1750072910.203434	476	29782	32120
1750072915.2198894	476	29799	32132
1750072920.2432256	476	29813	32148
1750072925.259505	476	29830	32165
1750072930.2772324	477	29847	32184
1750072935.2943406	477	29861	32196
1750072940.3092911	477	29879	32214
1750072945.3335595	477	29892	32226
1750072950.3507292	477	29900	32237
1750072955.3739488	477	29910	32252
1750072960.3903005	478	29924	32267
1750072965.4065797	478	29938	32286
1750072970.4228852	478	29953	32307
1750072975.4382958	478	29971	32327
1750072980.4552574	478	29988	32343
1750072985.472339	478	30008	32360
1750072990.4878757	478	30021	32367
1750072995.504711	478	30041	32388
1750073000.5202575	478	30051	32403
1750073005.5363922	478	30065	32418
1750073010.5547755	479	30090	32431
1750073015.5716562	479	30105	32449
1750073020.5880265	479	30115	32456
1750073025.604086	479	30133	32477
1750073030.626357	479	30148	32491
1750073035.6437252	479	30166	32506
1750073040.6604342	479	30181	32522
1750073045.6774516	480	30194	32537
1750073050.6942759	480	30207	32556
1750073055.7102509	481	30215	32578
1750073060.7271395	481	30230	32592
1750073065.7437108	481	30247	32611
1750073070.760631	481	30261	32621
1750073075.7755973	481	30278	32632
1750073080.7910037	481	30292	32647
1750073085.8166163	481	30310	32658
1750073090.8401585	482	30320	32673
1750073095.856885	483	30338	32695
1750073100.8782213	484	30356	32706
1750073105.8948188	484	30369	32722
1750073110.9113984	484	30381	32743
1750073115.9264772	485	30394	32758
1750073120.9428205	486	30409	32781
1750073125.9580414	487	30427	32791
1750073130.9735	488	30441	32812
1750073135.9900386	488	30458	32824
1750073141.0070858	488	30474	32835
1750073146.0229604	489	30498	32852
1750073151.0397725	489	30507	32863
1750073156.0582209	490	30518	32881
1750073161.0748467	490	30536	32895
1750073166.0987606	490	30550	32911
1750073171.1149106	490	30565	32928
1750073176.1308806	490	30582	32947
1750073181.1488028	490	30589	32959
1750073186.1660728	490	30609	32969
1750073191.1819854	490	30623	32992
1750073196.1984224	490	30640	33006
1750073201.2143323	490	30649	33017
