1750390651.5085716	0	77	44
1750390656.520843	0	95	47
1750390661.531268	1	110	58
1750390666.5521157	1	131	69
1750390671.5634735	1	141	78
1750390676.574728	1	153	92
1750390681.595695	1	174	101
1750390686.6070807	1	194	110
1750390691.619869	1	204	115
1750390696.6420844	1	222	119
1750390701.6528027	1	237	123
1750390706.6665547	1	250	133
1750390711.6896532	1	274	140
1750390716.7033532	1	284	149
1750390721.717509	1	298	159
1750390726.7361164	1	318	163
1750390731.750181	1	336	177
1750390736.765288	1	344	180
1750390741.7840571	1	350	184
1750390746.7982657	1	363	190
1750390751.813692	1	373	196
1750390756.8280878	1	391	205
1750390761.84203	1	405	214
1750390766.8562217	1	414	228
1750390771.8702383	1	433	232
1750390776.883676	1	445	242
1750390781.8979778	1	456	253
1750390786.9129922	1	472	261
1750390791.9275303	1	490	269
1750390796.9417713	1	506	277
1750390801.9633193	1	522	284
1750390806.9776673	1	537	298
1750390811.9926126	1	546	309
1750390817.0069945	1	566	316
1750390822.0280473	1	589	325
1750390827.0428307	1	603	330
1750390832.0643296	1	615	337
1750390837.080241	1	631	352
1750390842.0943563	1	649	356
1750390847.1104436	1	665	362
1750390852.1324604	1	680	380
1750390857.1460166	1	688	391
1750390862.1573205	1	704	400
1750390867.1704118	1	723	407
1750390872.1847386	1	739	415
1750390877.2017467	1	762	425
1750390882.2154627	1	777	435
1750390887.2291355	1	798	441
1750390892.249866	1	808	447
1750390897.260944	1	826	462
1750390902.274812	1	845	467
1750390907.2970564	1	859	475
1750390912.3099935	1	875	486
1750390917.3230495	1	896	498
1750390922.3368623	1	906	508
1750390927.350926	1	927	518
1750390932.3648536	1	937	525
1750390937.3787656	1	955	538
1750390942.390416	1	980	548
1750390947.4020665	1	993	555
1750390952.4171903	1	1003	564
1750390957.4328153	1	1023	574
1750390962.446782	1	1044	585
1750390967.4612956	1	1063	596
1750390972.4767582	1	1088	603
1750390977.4918091	1	1107	609
1750390982.5043104	1	1127	614
1750390987.520208	1	1147	621
1750390992.5329006	1	1158	627
1750390997.5465631	1	1176	631
1750391002.568936	1	1185	639
1750391007.583532	1	1193	643
1750391012.5983744	1	1209	656
1750391017.6129513	1	1219	660
1750391022.6269717	1	1237	662
1750391027.6417694	1	1251	675
1750391032.6566157	1	1267	687
1750391037.6694963	1	1280	692
1750391042.6863604	1	1298	700
1750391047.7045476	1	1317	709
1750391052.7191663	1	1331	718
1750391057.7343354	1	1344	724
1750391062.7573338	1	1362	732
1750391067.7717621	1	1376	743
1750391072.786612	1	1390	750
1750391077.8081028	1	1403	758
1750391082.8222446	1	1426	763
1750391087.8364215	1	1450	771
1750391092.8575273	1	1470	784
1750391097.8729966	1	1485	788
1750391102.8878052	1	1503	791
1750391107.907892	1	1523	801
1750391112.9273663	1	1537	812
1750391117.9435859	1	1554	816
1750391122.9576182	1	1569	827
1750391127.978703	1	1588	838
1750391132.9934573	1	1605	851
1750391138.009348	1	1623	860
1750391143.0304089	1	1634	870
1750391148.0447702	1	1646	881
1750391153.060153	2	1664	887
1750391158.0814888	2	1677	898
1750391163.095613	2	1690	902
1750391168.1104712	2	1698	913
1750391173.1325855	2	1711	925
1750391178.152931	2	1726	936
1750391183.1672916	2	1744	945
1750391188.1812131	2	1762	957
1750391193.1963322	2	1772	972
1750391198.2107363	2	1791	982
1750391203.2262194	2	1802	987
1750391208.2390869	2	1812	995
1750391213.2519422	2	1832	1001
1750391218.2652493	2	1849	1012
1750391223.2802753	2	1860	1020
1750391228.2916882	2	1874	1024
1750391233.3053067	2	1895	1030
1750391238.3257298	2	1904	1041
1750391243.3454113	2	1912	1050
1750391248.3599567	2	1926	1057
1750391253.3748507	2	1947	1061
1750391258.3891377	2	1967	1064
1750391263.4032712	2	1986	1068
1750391268.4179068	2	1998	1075
1750391273.4319372	2	2015	1085
1750391278.4472082	2	2026	1094
1750391283.4611876	2	2043	1108
1750391288.4719265	2	2058	1116
1750391293.4857204	2	2074	1127
1750391298.5003052	2	2091	1132
1750391303.5144806	2	2107	1140
1750391308.5277925	2	2119	1147
1750391313.5445695	2	2134	1156
1750391318.5589132	2	2148	1163
1750391323.5732024	2	2159	1172
1750391328.5869942	2	2178	1178
1750391333.600744	2	2192	1184
1750391338.614807	2	2206	1196
1750391343.6287336	2	2220	1205
1750391348.6423597	2	2238	1218
1750391353.6560416	2	2256	1225
1750391358.669859	3	2276	1233
1750391363.6884654	3	2287	1246
1750391368.7040625	3	2299	1265
1750391373.7179751	3	2309	1273
1750391378.7310998	3	2325	1285
1750391383.744967	3	2342	1291
1750391388.7580254	3	2356	1299
1750391393.7713065	3	2374	1308
1750391398.784131	3	2393	1324
1750391403.7948537	3	2407	1333
1750391408.8075588	3	2422	1347
1750391413.8187547	3	2440	1357
1750391418.829902	3	2451	1363
1750391423.8411708	3	2459	1371
1750391428.8518631	3	2473	1377
1750391433.8627672	3	2493	1389
1750391438.8734415	3	2511	1407
1750391443.88465	3	2531	1414
1750391448.8963594	3	2543	1419
1750391453.9091394	3	2557	1427
1750391458.9203079	3	2564	1433
1750391463.9418418	3	2586	1442
1750391468.9562938	3	2598	1449
1750391473.9702985	3	2612	1454
1750391478.9835632	3	2626	1459
1750391483.997917	3	2642	1470
1750391489.0117238	3	2654	1479
1750391494.0253868	3	2678	1488
1750391499.0393317	3	2694	1493
1750391504.0525014	3	2714	1499
1750391509.0669422	3	2736	1508
1750391514.0805678	3	2754	1517
1750391519.0928965	3	2765	1529
1750391524.1106322	3	2782	1539
1750391529.1246116	3	2789	1543
1750391534.1395628	3	2794	1546
1750391539.1532676	3	2810	1557
1750391544.1675544	3	2825	1560
1750391549.1837142	3	2841	1570
1750391554.197958	3	2857	1578
1750391559.2118974	3	2871	1587
1750391564.22551	3	2887	1595
1750391569.2385435	3	2895	1604
1750391574.2574546	3	2907	1613
1750391579.2722268	3	2921	1615
1750391584.2865336	3	2934	1619
1750391589.3004172	3	2947	1626
1750391594.3145554	3	2960	1638
1750391599.3281155	3	2976	1645
1750391604.340939	3	2996	1648
1750391609.354297	3	3010	1655
1750391614.3680906	3	3023	1662
1750391619.3823955	3	3032	1666
1750391624.4045155	3	3044	1674
1750391629.4183125	3	3056	1684
1750391634.4323635	3	3069	1691
1750391639.4462535	3	3085	1702
1750391644.4570682	3	3104	1711
1750391649.4707935	3	3122	1717
1750391654.4838047	3	3142	1730
1750391659.4994657	3	3154	1743
1750391664.5202742	3	3163	1752
1750391669.5320947	3	3174	1757
1750391674.5479038	3	3189	1762
1750391679.5614557	3	3200	1770
1750391684.5749042	3	3212	1779
1750391689.594527	3	3232	1789
1750391694.6087747	3	3243	1800
1750391699.623013	3	3254	1808
1750391704.6368313	3	3275	1817
1750391709.6477945	3	3290	1823
1750391714.6609082	3	3305	1827
1750391719.674849	3	3319	1836
1750391724.6905346	3	3332	1844
1750391729.708593	3	3347	1853
1750391734.7214212	3	3363	1858
1750391739.7388363	3	3378	1866
1750391744.7539303	3	3393	1876
1750391749.7681966	3	3413	1885
1750391754.787469	3	3425	1892
1750391759.8000078	3	3454	1901
1750391764.8142092	3	3473	1911
1750391769.82895	3	3484	1917
1750391774.8428836	3	3502	1923
1750391779.857741	3	3520	1935
1750391784.8697007	3	3537	1949
1750391789.8830674	3	3551	1960
1750391794.893991	3	3566	1964
1750391799.9072301	3	3580	1973
1750391804.92804	3	3594	1983
1750391809.9413538	3	3608	1994
1750391814.9545755	3	3627	2000
1750391819.9679568	3	3641	2010
1750391824.9822884	3	3656	2017
1750391830.0022836	3	3679	2028
1750391835.015672	3	3700	2036
1750391840.0298915	3	3714	2040
1750391845.0434558	3	3739	2050
1750391850.057022	3	3752	2056
1750391855.0710897	3	3771	2061
1750391860.0847015	3	3784	2067
1750391865.0995638	3	3798	2071
1750391870.1190672	3	3814	2079
1750391875.1407247	3	3830	2085
1750391880.1543715	3	3847	2091
1750391885.1659813	3	3861	2098
1750391890.1784334	3	3874	2107
1750391895.192729	3	3892	2113
1750391900.2068114	3	3903	2118
1750391905.2208738	3	3921	2123
1750391910.235446	3	3929	2131
1750391915.249441	3	3949	2139
1750391920.2634556	3	3959	2144
1750391925.2770324	3	3969	2155
1750391930.2906306	3	3986	2166
1750391935.3095605	3	4006	2181
1750391940.3301277	3	4027	2194
1750391945.3437274	3	4041	2209
1750391950.3585732	3	4058	2212
1750391955.3727732	3	4071	2220
1750391960.387003	3	4088	2227
1750391965.4067142	3	4104	2239
1750391970.4205313	3	4117	2249
1750391975.4529574	3	4128	2258
1750391980.463993	3	4139	2268
1750391985.4769337	3	4159	2276
1750391990.490956	3	4175	2283
1750391995.505138	3	4190	2293
1750392000.5190227	3	4208	2300
1750392005.5326564	3	4217	2306
1750392010.5435188	3	4225	2313
1750392015.556948	3	4240	2321
1750392020.571959	3	4257	2332
1750392025.585495	3	4279	2340
1750392030.5992036	3	4293	2350
1750392035.6133113	3	4309	2353
1750392040.6269753	3	4322	2358
1750392045.6414967	3	4337	2368
1750392050.655104	3	4348	2377
1750392055.6692393	3	4357	2387
1750392060.683873	3	4383	2396
1750392065.6951876	3	4400	2403
1750392070.7060702	3	4414	2408
1750392075.7191918	3	4431	2415
1750392080.7352722	3	4446	2428
1750392085.7494614	3	4463	2435
1750392090.7623844	3	4477	2447
1750392095.7798197	3	4491	2454
1750392100.793253	3	4500	2458
1750392105.8079896	3	4517	2464
1750392110.8218489	3	4532	2467
1750392115.8360488	3	4544	2477
1750392120.8496504	3	4557	2488
1750392125.8641984	3	4577	2496
1750392130.8786516	3	4590	2502
1750392135.8926854	3	4605	2511
1750392140.9062865	3	4622	2522
1750392145.9192255	3	4635	2529
1750392150.9322252	3	4647	2535
1750392155.9454892	3	4664	2539
1750392160.9587677	3	4679	2547
1750392165.9721484	3	4701	2552
1750392170.9839003	3	4721	2560
1750392175.9967058	3	4732	2571
1750392181.0113668	3	4745	2579
1750392186.0256891	3	4758	2586
1750392191.0395257	3	4769	2589
1750392196.0539768	3	4783	2596
1750392201.0673125	3	4802	2603
1750392206.0812223	3	4814	2608
1750392211.0950973	3	4829	2619
1750392216.1088731	3	4849	2626
1750392221.129204	3	4868	2630
1750392226.1434226	3	4885	2641
1750392231.1578567	3	4904	2648
1750392236.1715608	3	4924	2654
1750392241.1861963	3	4951	2661
1750392246.200072	3	4966	2676
1750392251.2140203	3	4982	2682
1750392256.2287543	3	4994	2690
1750392261.2508018	3	5006	2699
1750392266.2675443	4	5015	2709
1750392271.2815855	4	5025	2718
1750392276.3036542	4	5038	2726
1750392281.3248894	4	5060	2733
1750392286.3387632	4	5074	2743
1750392291.3523586	4	5091	2750
1750392296.3662376	4	5104	2761
1750392301.3800464	4	5116	2764
1750392306.4015744	4	5130	2772
1750392311.41654	4	5146	2783
1750392316.4295256	4	5163	2796
1750392321.443092	4	5182	2803
1750392326.4569697	4	5205	2813
1750392331.47113	4	5215	2820
1750392336.485052	4	5235	2831
1750392341.498872	4	5250	2835
1750392346.516602	4	5260	2847
1750392351.5274503	4	5277	2856
1750392356.545343	4	5295	2863
1750392361.5593648	4	5320	2872
1750392366.5727408	4	5332	2877
1750392371.593198	4	5345	2884
1750392376.6071293	4	5355	2894
1750392381.6215742	4	5364	2901
1750392386.6433623	4	5380	2908
1750392391.6575878	4	5398	2913
1750392396.671468	4	5413	2921
1750392401.6849174	4	5431	2934
1750392406.6985817	4	5450	2947
1750392411.7120674	4	5463	2951
1750392416.7258003	4	5476	2959
1750392421.7386084	4	5488	2967
1750392426.752421	4	5506	2980
1750392431.766198	4	5521	2990
1750392436.784375	4	5540	2995
1750392441.7982779	4	5554	2999
1750392446.8103542	4	5566	3002
1750392451.8239248	4	5583	3011
1750392456.837611	4	5602	3020
1750392461.852007	4	5619	3028
1750392466.866563	4	5637	3037
1750392471.879654	4	5648	3046
1750392476.8961773	4	5660	3055
1750392481.9108522	4	5669	3063
1750392486.9258285	4	5678	3071
1750392491.9390447	4	5688	3079
1750392496.9503767	4	5710	3089
1750392501.965443	4	5728	3095
1750392506.9787538	4	5739	3103
1750392512.0002623	4	5752	3117
1750392517.0145345	4	5770	3125
1750392522.0285413	4	5785	3140
1750392527.0417309	4	5803	3142
1750392532.0557125	4	5827	3153
1750392537.069668	4	5841	3161
1750392542.085561	4	5855	3168
1750392547.0995314	4	5869	3171
1750392552.121444	4	5885	3183
1750392557.1357841	4	5900	3189
1750392562.1500251	4	5923	3197
1750392567.171543	4	5939	3212
1750392572.1862981	4	5961	3221
1750392577.2006254	4	5978	3228
1750392582.2225127	4	5996	3233
1750392587.2372882	4	6009	3236
1750392592.2509453	4	6022	3242
1750392597.2642424	4	6043	3253
1750392602.2781873	4	6063	3264
1750392607.291577	4	6084	3271
1750392612.3058057	4	6106	3279
1750392617.3201444	4	6115	3284
1750392622.3412852	4	6127	3290
1750392627.3551388	4	6140	3299
1750392632.3700476	4	6151	3307
1750392637.383444	4	6162	3317
1750392642.3973148	4	6181	3324
1750392647.4116397	4	6196	3335
1750392652.425539	4	6212	3343
1750392657.439665	4	6227	3348
1750392662.4539032	4	6241	3357
1750392667.4677484	4	6255	3363
1750392672.481497	4	6268	3372
1750392677.4950142	4	6284	3381
1750392682.5165374	4	6299	3388
1750392687.5370903	4	6314	3394
1750392692.5512743	4	6327	3411
1750392697.5664027	4	6348	3419
1750392702.5803418	4	6366	3428
1750392707.5945597	4	6376	3434
1750392712.608069	4	6390	3441
1750392717.6229112	4	6414	3451
1750392722.6363568	4	6425	3467
1750392727.6505365	4	6439	3474
1750392732.6640434	4	6457	3483
1750392737.6783636	4	6469	3494
1750392742.6919696	4	6480	3497
1750392747.7052114	4	6498	3504
1750392752.7194316	4	6513	3510
1750392757.7323096	4	6528	3521
1750392762.7463698	4	6549	3529
1750392767.7598348	4	6563	3538
1750392772.7726007	4	6578	3545
1750392777.7863777	4	6592	3551
1750392782.8007743	4	6605	3564
1750392787.814011	4	6628	3570
1750392792.8278098	4	6648	3579
1750392797.8406482	4	6659	3584
1750392802.8544636	4	6675	3593
1750392807.875536	4	6690	3603
1750392812.8884032	4	6709	3613
1750392817.9020197	4	6731	3623
1750392822.9164805	4	6741	3629
1750392827.9301157	4	6751	3632
1750392832.9418323	4	6764	3643
1750392837.9553907	4	6778	3654
1750392842.9695852	4	6796	3658
1750392847.9845097	4	6813	3673
1750392852.9984186	4	6832	3680
1750392858.0173461	4	6855	3687
1750392863.0313158	4	6872	3693
1750392868.0452719	4	6882	3704
1750392873.0602381	4	6898	3715
1750392878.0745592	4	6916	3727
1750392883.0879724	4	6942	3736
1750392888.0990276	4	6960	3743
1750392893.11357	4	6974	3753
1750392898.1334372	4	6982	3762
1750392903.1482127	4	6999	3773
1750392908.1590314	4	7016	3783
1750392913.1718261	4	7029	3794
1750392918.1852438	4	7052	3798
1750392923.1994066	4	7068	3804
1750392928.2127874	4	7087	3815
1750392933.2251596	4	7098	3822
1750392938.2385688	4	7111	3831
1750392943.255253	4	7128	3838
1750392948.2708604	4	7145	3849
1750392953.2845747	4	7165	3855
1750392958.2953866	4	7183	3859
1750392963.308761	4	7203	3870
1750392968.3256402	4	7222	3879
1750392973.3406384	4	7230	3890
1750392978.3542383	4	7245	3899
1750392983.365081	4	7258	3910
1750392988.3781083	4	7269	3916
1750392993.3923922	4	7281	3920
1750392998.4065037	4	7292	3930
1750393003.420099	4	7308	3936
1750393008.431967	4	7323	3948
1750393013.4458456	4	7343	3957
1750393018.4661965	4	7358	3964
1750393023.4797592	4	7369	3973
1750393028.4943368	4	7391	3980
1750393033.507776	4	7403	3993
1750393038.521676	4	7420	3999
1750393043.5358534	4	7436	4009
1750393048.549696	4	7458	4013
1750393053.5637422	4	7472	4024
1750393058.5863872	4	7492	4029
1750393063.6001284	4	7500	4038
1750393068.6147566	4	7513	4050
1750393073.6290584	4	7535	4057
1750393078.6407769	4	7551	4070
1750393083.6562443	4	7576	4080
1750393088.6703765	4	7600	4088
1750393093.6838994	4	7623	4095
1750393098.7055283	4	7638	4103
1750393103.7190144	4	7657	4114
1750393108.732922	4	7670	4127
1750393113.747024	4	7687	4135
1750393118.7609909	4	7701	4143
1750393123.7746005	4	7715	4153
1750393128.7889013	4	7736	4161
1750393133.8023574	4	7753	4170
1750393138.816497	4	7774	4179
1750393143.830548	4	7785	4188
1750393148.8450851	4	7793	4200
1750393153.8586404	4	7820	4210
1750393158.8724759	4	7833	4220
1750393163.8863297	4	7853	4227
1750393168.901145	4	7873	4236
1750393173.915649	4	7888	4245
1750393178.9303303	4	7908	4252
1750393183.9438152	4	7924	4263
1750393188.9634216	4	7938	4275
1750393193.9784346	4	7949	4280
1750393198.9926498	4	7966	4291
1750393204.0059886	4	7980	4300
1750393209.020386	4	7995	4309
1750393214.0377743	4	8000	4319
1750393219.0512013	4	8015	4326
1750393224.0633657	4	8034	4336
1750393229.076452	4	8041	4343
1750393234.0900645	4	8059	4357
1750393239.103872	4	8076	4367
1750393244.1178136	4	8087	4376
1750393249.132742	4	8096	4380
1750393254.1466436	4	8114	4391
1750393259.1608448	4	8135	4399
1750393264.1810007	4	8153	4407
1750393269.1945267	4	8176	4418
1750393274.2079477	4	8193	4424
1750393279.2196605	4	8212	4428
1750393284.2330773	4	8229	4434
1750393289.247761	4	8249	4444
1750393294.258455	4	8268	4452
1750393299.2768922	4	8281	4461
1750393304.294715	4	8293	4468
1750393309.3077853	4	8317	4480
1750393314.3237085	4	8330	4493
1750393319.3372262	4	8341	4509
1750393324.3504243	4	8359	4519
1750393329.364709	4	8376	4528
1750393334.378317	4	8384	4538
1750393339.3911598	4	8405	4540
1750393344.4052396	4	8423	4543
1750393349.4179971	4	8434	4550
1750393354.4313593	4	8450	4555
1750393359.4456139	4	8460	4564
1750393364.468152	4	8473	4571
1750393369.4848058	4	8487	4582
1750393374.4988675	4	8500	4590
1750393379.5154147	4	8513	4595
1750393384.5303905	4	8533	4602
1750393389.5438638	4	8542	4609
1750393394.5637472	4	8561	4620
1750393399.5785997	4	8578	4631
1750393404.591393	4	8593	4638
1750393409.6056895	4	8607	4644
1750393414.6198413	4	8616	4659
1750393419.6345925	5	8636	4678
1750393424.6485596	5	8652	4684
1750393429.6599393	5	8663	4694
1750393434.6758587	5	8676	4705
1750393439.689367	5	8690	4716
1750393444.7105167	5	8706	4724
1750393449.7238667	5	8715	4728
1750393454.737825	5	8738	4735
1750393459.7511034	5	8756	4746
1750393464.7655296	5	8773	4754
1750393469.7839272	5	8783	4762
1750393474.7981436	5	8800	4770
1750393479.8125124	5	8809	4780
1750393484.8266208	5	8826	4785
1750393489.8403294	5	8840	4792
1750393494.856041	5	8851	4799
1750393499.8719206	5	8863	4807
1750393504.8856285	5	8883	4814
1750393509.9075198	5	8897	4821
1750393514.929274	5	8907	4830
1750393519.9428432	5	8923	4839
1750393524.9569526	5	8940	4844
1750393529.969889	5	8957	4854
1750393534.983421	5	8976	4863
1750393540.0028393	5	8992	4873
1750393545.016755	5	9000	4882
1750393550.031705	5	9014	4890
1750393555.0455222	5	9024	4896
1750393560.056673	5	9043	4905
1750393565.0692618	5	9064	4914
1750393570.082849	5	9078	4921
1750393575.0976436	5	9093	4934
1750393580.1170437	5	9113	4938
1750393585.131147	5	9132	4945
1750393590.1458848	5	9151	4955
1750393595.1599898	5	9163	4959
1750393600.1736076	5	9178	4965
1750393605.184343	5	9193	4970
1750393610.197669	5	9207	4977
1750393615.2114973	5	9219	4982
1750393620.2258198	5	9230	4987
1750393625.2411628	5	9243	4993
1750393630.2560928	5	9256	4999
1750393635.269799	5	9275	5018
1750393640.2836704	5	9288	5026
1750393645.2973819	5	9302	5031
1750393650.3130357	5	9323	5040
1750393655.325194	5	9341	5051
1750393660.3385417	5	9360	5063
1750393665.3523753	5	9372	5072
1750393670.3668191	5	9390	5082
1750393675.384606	5	9411	5092
1750393680.3981879	5	9432	5102
1750393685.4123251	5	9446	5106
1750393690.4265344	5	9454	5111
1750393695.4398348	5	9468	5121
1750393700.4585986	5	9483	5133
1750393705.4725645	5	9493	5143
1750393710.485979	5	9503	5152
1750393715.499994	5	9512	5156
1750393720.5132444	5	9532	5162
1750393725.5274043	5	9546	5176
1750393730.5422964	5	9559	5191
1750393735.5558722	5	9572	5201
1750393740.5697887	5	9592	5205
1750393745.5841959	5	9606	5212
1750393750.605088	5	9621	5218
1750393755.618525	5	9637	5230
1750393760.6323378	5	9654	5242
1750393765.64607	5	9672	5249
1750393770.6595268	5	9686	5258
1750393775.672896	5	9702	5274
1750393780.686641	5	9713	5286
1750393785.7029908	5	9730	5291
1750393790.7239673	5	9742	5297
1750393795.7375553	5	9758	5302
1750393800.7525613	5	9773	5311
1750393805.7663271	5	9781	5321
1750393810.7811542	5	9799	5324
1750393815.7918878	5	9810	5331
1750393820.8049555	5	9822	5338
1750393825.8186743	5	9840	5348
1750393830.8328874	5	9863	5354
1750393835.849943	5	9885	5359
1750393840.8639505	5	9899	5366
1750393845.8779628	5	9914	5377
1750393850.8920932	5	9925	5383
1750393855.9064336	5	9940	5391
1750393860.9210973	5	9957	5399
1750393865.9320571	5	9971	5408
1750393870.9452076	5	9983	5410
1750393875.959324	5	9995	5418
1750393880.9735458	5	10011	5431
1750393885.9910905	5	10029	5437
1750393891.0034735	5	10045	5446
1750393896.0172238	5	10065	5450
1750393901.031851	5	10079	5462
1750393906.0466073	5	10099	5468
1750393911.0692136	5	10114	5477
1750393916.082068	5	10133	5493
1750393921.0966861	5	10152	5500
1750393926.1114361	5	10168	5509
1750393931.1259415	5	10180	5516
1750393936.1414666	5	10197	5525
1750393941.1539533	5	10204	5535
1750393946.1683316	5	10219	5546
1750393951.1829722	5	10231	5552
1750393956.1967237	5	10247	5563
1750393961.2137303	5	10266	5567
1750393966.2276497	5	10278	5574
1750393971.2421303	5	10298	5584
1750393976.2565398	5	10318	5591
1750393981.270594	5	10336	5600
1750393986.285591	5	10352	5608
1750393991.2979429	5	10368	5617
1750393996.3131256	5	10391	5622
1750394001.3278816	5	10409	5629
1750394006.343168	5	10426	5636
1750394011.3625193	5	10442	5642
1750394016.3762565	5	10459	5651
1750394021.3894756	5	10475	5663
1750394026.403014	5	10492	5672
1750394031.4167557	5	10501	5679
1750394036.430547	5	10517	5685
1750394041.444258	5	10524	5692
1750394046.4590638	5	10534	5702
1750394051.47541	5	10551	5716
1750394056.4883354	5	10565	5722
1750394061.502197	5	10579	5731
1750394066.5147567	5	10594	5741
1750394071.5268295	5	10612	5748
1750394076.5384295	5	10631	5759
1750394081.5505724	5	10644	5767
1750394086.5624435	5	10662	5776
1750394091.5765524	5	10676	5786
1750394096.5972452	5	10692	5798
1750394101.611358	5	10702	5807
1750394106.625055	5	10716	5819
1750394111.6372247	5	10736	5831
1750394116.650259	5	10754	5846
1750394121.6720057	5	10763	5853
1750394126.6844835	5	10779	5856
1750394131.6974702	5	10795	5861
1750394136.711835	5	10806	5868
1750394141.7256725	5	10823	5878
1750394146.741152	5	10831	5885
1750394151.7535608	5	10850	5893
1750394156.766282	5	10865	5901
1750394161.781294	5	10883	5911
1750394166.795007	5	10897	5918
1750394171.8167632	5	10906	5922
1750394176.83156	5	10919	5933
1750394181.8462079	5	10933	5939
1750394186.8652828	5	10948	5944
1750394191.8792155	5	10960	5949
1750394196.8934984	5	10976	5955
1750394201.9080334	5	10999	5961
1750394206.9230642	5	11012	5969
1750394211.9366326	5	11029	5979
1750394216.9521008	5	11040	5985
1750394221.9659755	5	11061	5997
1750394226.9851036	5	11078	6009
1750394231.9992673	5	11095	6021
1750394237.013792	5	11109	6038
1750394242.0288303	5	11125	6045
1750394247.0441186	5	11137	6056
1750394252.06003	5	11155	6059
1750394257.0748034	5	11172	6066
1750394262.089497	5	11184	6070
1750394267.1043875	5	11207	6076
1750394272.1184251	5	11224	6085
1750394277.130639	5	11241	6091
1750394282.1448443	5	11259	6096
1750394287.1590068	5	11274	6105
1750394292.1732144	5	11291	6109
1750394297.1871479	5	11304	6113
1750394302.2011359	5	11318	6118
1750394307.2159564	5	11326	6122
1750394312.2308471	5	11342	6124
1750394317.2459288	5	11362	6130
1750394322.260562	5	11379	6151
1750394327.2758348	5	11400	6156
1750394332.2904513	5	11418	6167
1750394337.307639	5	11437	6176
1750394342.328435	5	11451	6181
1750394347.3429108	5	11465	6191
1750394352.3578067	5	11475	6200
1750394357.3729587	5	11497	6206
1750394362.3874044	5	11517	6216
1750394367.4086626	5	11537	6227
1750394372.4227808	5	11552	6234
1750394377.4371889	5	11565	6245
1750394382.4584086	5	11587	6257
1750394387.473164	5	11609	6267
1750394392.4877496	5	11621	6271
1750394397.499989	5	11641	6284
1750394402.5144224	5	11663	6291
1750394407.5287137	5	11686	6299
1750394412.5423152	5	11700	6306
1750394417.5555327	5	11712	6316
1750394422.569534	5	11734	6322
1750394427.583884	5	11752	6340
1750394432.6066198	5	11763	6352
1750394437.6207452	5	11778	6363
1750394442.6338658	5	11791	6367
1750394447.648577	5	11804	6370
1750394452.6630974	5	11821	6377
1750394457.6760364	5	11839	6389
1750394462.691962	5	11855	6401
1750394467.7063773	5	11882	6407
1750394472.7249677	5	11897	6419
1750394477.7390175	5	11913	6426
1750394482.7560694	5	11925	6435
1750394487.768386	5	11939	6446
1750394492.7823071	5	11954	6457
1750394497.7968926	5	11971	6465
1750394502.811314	5	11986	6478
1750394507.825161	5	11997	6480
1750394512.8387537	5	12014	6485
1750394517.853254	5	12025	6496
1750394522.8678033	5	12034	6502
1750394527.8800657	5	12048	6510
1750394532.8941298	5	12064	6518
1750394537.906923	5	12087	6527
1750394542.9244092	5	12100	6534
1750394547.9373934	5	12111	6549
1750394552.9521806	5	12131	6560
1750394557.9660249	5	12157	6570
1750394562.9787078	5	12174	6575
1750394567.9928496	5	12184	6581
1750394573.007458	5	12194	6593
1750394578.0219638	5	12210	6599
1750394583.036347	5	12225	6606
1750394588.0483308	5	12238	6620
1750394593.0699182	5	12265	6627
1750394598.0838723	5	12282	6635
1750394603.0976996	5	12298	6646
1750394608.1106086	5	12308	6655
1750394613.1239238	5	12323	6661
1750394618.1387508	5	12333	6675
1750394623.1532328	5	12345	6680
1750394628.167725	5	12359	6688
1750394633.187031	5	12380	6697
1750394638.2013044	5	12397	6709
1750394643.2159655	5	12414	6724
1750394648.2304263	5	12424	6733
1750394653.2446778	5	12443	6745
1750394658.2595425	5	12460	6751
1750394663.2727838	5	12471	6757
1750394668.2876532	5	12489	6764
1750394673.301803	5	12502	6775
1750394678.3164115	5	12523	6781
1750394683.331708	5	12535	6789
1750394688.3457143	5	12551	6796
1750394693.3593688	5	12568	6804
1750394698.380491	5	12584	6812
1750394703.3950016	5	12597	6820
1750394708.4097276	5	12613	6831
1750394713.4238029	5	12625	6835
1750394718.4374566	5	12637	6845
1750394723.4555497	5	12664	6851
1750394728.4694917	5	12678	6859
1750394733.4848742	5	12694	6867
1750394738.5079796	5	12706	6875
1750394743.5221412	5	12717	6883
1750394748.5357869	5	12729	6892
1750394753.549945	5	12738	6904
1750394758.563843	5	12751	6912
1750394763.5776474	5	12767	6917
1750394768.5920808	5	12785	6925
1750394773.6066456	5	12798	6932
1750394778.6213787	5	12818	6940
1750394783.6347675	5	12830	6944
1750394788.6506348	5	12848	6952
1750394793.6646051	5	12860	6964
1750394798.6790624	5	12878	6972
1750394803.691417	5	12893	6981
1750394808.704773	5	12902	6990
1750394813.7186382	5	12919	7000
1750394818.7317088	5	12933	7009
1750394823.746467	5	12946	7023
1750394828.7600014	5	12958	7027
1750394833.773472	5	12984	7037
1750394838.7962039	5	12999	7047
1750394843.8103843	5	13014	7054
1750394848.8247375	5	13023	7060
1750394853.8393865	5	13042	7070
1750394858.8532856	5	13059	7081
1750394863.8680482	5	13076	7089
1750394868.8827114	5	13085	7095
1750394873.897671	5	13099	7103
1750394878.9143462	5	13119	7114
1750394883.9283736	5	13135	7118
1750394888.9484692	5	13157	7125
1750394893.9606051	5	13173	7132
1750394898.9740438	5	13186	7140
1750394903.9889696	5	13203	7153
1750394909.003527	5	13215	7159
1750394914.0234735	5	13234	7172
1750394919.0378852	5	13254	7178
1750394924.050387	5	13264	7189
1750394929.0641253	5	13272	7194
1750394934.0776896	5	13296	7209
1750394939.0976956	5	13311	7216
1750394944.1160083	5	13332	7225
1750394949.1296299	5	13350	7236
1750394954.143192	5	13369	7240
1750394959.15717	5	13386	7251
1750394964.1742127	5	13394	7259
1750394969.1874464	5	13408	7267
1750394974.202772	5	13427	7274
1750394979.2171779	5	13442	7282
1750394984.2307036	5	13456	7291
1750394989.2449474	5	13468	7298
1750394994.2597106	5	13483	7305
1750394999.2755227	5	13499	7319
1750395004.2979643	5	13524	7328
1750395009.3152316	5	13542	7336
1750395014.329039	5	13558	7345
1750395019.343513	5	13573	7361
1750395024.357601	5	13582	7367
1750395029.3712769	5	13598	7378
1750395034.385666	5	13612	7383
1750395039.4004776	5	13627	7389
1750395044.414756	5	13642	7399
1750395049.4288182	5	13656	7405
1750395054.4436991	5	13676	7419
1750395059.4585316	5	13692	7429
1750395064.4734259	5	13702	7438
1750395069.4884079	5	13711	7447
1750395074.501846	5	13729	7461
1750395079.5174842	5	13741	7471
1750395084.5310051	5	13761	7485
1750395089.5455782	5	13777	7493
1750395094.5603964	5	13796	7505
1750395099.573271	5	13814	7517
1750395104.5874548	5	13827	7522
1750395109.6025994	5	13840	7535
1750395114.6166432	5	13856	7548
1750395119.6307416	5	13880	7556
1750395124.644753	5	13897	7564
1750395129.6635485	5	13921	7568
1750395134.6783442	5	13936	7578
1750395139.6909618	5	13956	7587
1750395144.7046392	5	13970	7592
1750395149.7174318	5	13983	7599
1750395154.731577	5	14002	7608
1750395159.7458186	5	14022	7616
1750395164.7639163	5	14039	7623
1750395169.7778847	5	14053	7631
1750395174.790431	5	14065	7637
1750395179.803461	5	14073	7646
1750395184.815825	5	14095	7657
1750395189.8370993	5	14111	7666
1750395194.8512013	5	14126	7678
1750395199.863618	5	14142	7687
1750395204.8783395	5	14158	7693
1750395209.8930414	5	14178	7704
1750395214.908295	6	14195	7717
1750395219.9253695	6	14212	7726
1750395224.938101	6	14225	7734
1750395229.9522018	6	14242	7744
1750395234.9677038	6	14254	7756
1750395239.9820228	6	14270	7763
1750395244.997509	6	14285	7769
1750395250.0107422	6	14298	7786
1750395255.025257	6	14315	7793
1750395260.0392	6	14331	7801
1750395265.0535967	6	14343	7809
1750395270.0683286	6	14361	7816
1750395275.0811014	6	14379	7826
1750395280.0951977	6	14387	7835
1750395285.109944	6	14402	7846
1750395290.1248703	6	14413	7857
1750395295.1391697	6	14428	7869
1750395300.1516078	6	14442	7873
1750395305.165987	6	14461	7877
1750395310.1802623	6	14473	7883
1750395315.1939816	6	14488	7884
1750395320.2086558	6	14506	7888
1750395325.2210166	6	14521	7897
1750395330.2417035	6	14534	7902
1750395335.256778	6	14544	7911
1750395340.269021	6	14559	7923
1750395345.2828484	6	14579	7934
1750395350.2964962	6	14593	7941
1750395355.31495	6	14618	7956
1750395360.3270717	6	14633	7966
1750395365.3404188	6	14651	7974
1750395370.3544257	6	14670	7979
1750395375.368656	6	14678	7988
1750395380.3826094	6	14703	7999
1750395385.3969715	6	14713	8005
1750395390.4107294	6	14726	8010
1750395395.4256625	6	14740	8018
1750395400.4407337	6	14756	8024
1750395405.455405	6	14771	8033
1750395410.4700809	6	14787	8047
1750395415.483822	6	14799	8056
1750395420.506756	6	14817	8061
1750395425.5213628	6	14827	8064
1750395430.5362043	6	14838	8072
1750395435.5579438	6	14854	8084
1750395440.572883	6	14872	8093
1750395445.5878103	6	14891	8102
1750395450.6103063	6	14900	8111
1750395455.6250925	6	14912	8115
1750395460.6395886	6	14923	8121
1750395465.6544921	6	14943	8132
1750395470.6698232	6	14958	8140
1750395475.684491	6	14972	8145
1750395480.6994722	6	14988	8156
1750395485.7132473	6	15002	8159
1750395490.7252877	6	15011	8179
1750395495.7398605	6	15026	8191
1750395500.7549627	6	15043	8199
1750395505.7702444	6	15060	8205
1750395510.784393	6	15074	8206
1750395515.8038218	6	15092	8217
1750395520.8179846	6	15099	8224
1750395525.8330843	6	15116	8239
1750395530.8470347	6	15131	8245
1750395535.859715	6	15151	8255
1750395540.8766375	6	15166	8267
1750395545.8919146	6	15188	8283
1750395550.9068298	6	15209	8288
1750395555.9216924	6	15227	8290
1750395560.9341743	6	15242	8296
1750395565.949653	6	15258	8306
1750395570.9636066	6	15272	8311
1750395575.9775238	6	15289	8320
1750395580.9918776	6	15300	8326
1750395586.0047324	6	15314	8331
1750395591.0205195	6	15337	8342
1750395596.0352006	6	15357	8348
1750395601.0504065	6	15374	8356
1750395606.0650165	6	15397	8367
1750395611.0870817	6	15408	8373
1750395616.1018395	6	15424	8382
1750395621.1163483	6	15437	8391
1750395626.1306384	6	15451	8404
1750395631.1461356	6	15466	8415
1750395636.1582596	6	15480	8425
1750395641.1712902	6	15497	8434
1750395646.1854067	6	15512	8445
1750395651.1994386	6	15534	8453
1750395656.2136488	6	15549	8459
1750395661.227705	6	15561	8470
1750395666.2425234	6	15583	8475
1750395671.2574904	6	15597	8484
1750395676.2716906	6	15610	8498
1750395681.2896652	6	15630	8508
1750395686.3041415	6	15647	8519
1750395691.3162863	6	15662	8531
1750395696.3307822	6	15677	8539
1750395701.3452919	6	15691	8544
1750395706.3593774	6	15699	8556
1750395711.3735893	6	15713	8564
1750395716.3885498	6	15723	8570
1750395721.407351	6	15732	8581
1750395726.4218988	6	15742	8593
1750395731.4372816	6	15759	8599
1750395736.45169	6	15772	8606
1750395741.4658875	6	15790	8615
1750395746.4818804	6	15808	8620
1750395751.4963331	6	15818	8625
1750395756.510255	6	15835	8627
1750395761.5324385	6	15849	8635
1750395766.5468097	6	15866	8641
1750395771.560939	6	15881	8653
1750395776.5756154	6	15901	8662
1750395781.5897775	6	15918	8673
1750395786.6038463	6	15930	8682
1750395791.6176767	6	15948	8697
1750395796.6312935	6	15964	8706
1750395801.653246	6	15983	8717
1750395806.6681342	6	15994	8728
1750395811.6826475	6	16019	8734
1750395816.6967025	6	16032	8739
1750395821.7111375	6	16049	8746
1750395826.7261033	6	16057	8753
1750395831.740903	6	16069	8764
1750395836.755255	6	16081	8773
1750395841.7777789	6	16091	8782
1750395846.7927291	6	16109	8796
1750395851.807003	6	16123	8814
1750395856.821444	6	16132	8822
1750395861.8355947	6	16149	8834
1750395866.8502476	6	16162	8845
1750395871.864574	6	16182	8856
1750395876.8791907	6	16199	8864
1750395881.901509	6	16214	8871
1750395886.9170477	6	16227	8882
1750395891.9303901	6	16243	8887
1750395896.9437742	6	16257	8898
1750395901.958903	6	16280	8905
1750395906.9737127	6	16290	8915
1750395911.9867287	6	16301	8926
1750395917.000472	6	16320	8939
1750395922.0134685	6	16339	8951
1750395927.0272238	6	16358	8955
1750395932.039207	6	16371	8960
1750395937.0533006	6	16387	8965
1750395942.0667648	6	16400	8980
1750395947.0801654	6	16420	8987
1750395952.0919676	6	16429	8999
1750395957.112076	7	16446	9007
1750395962.1251113	7	16468	9011
1750395967.137262	7	16481	9023
1750395972.148778	7	16490	9031
1750395977.1606703	7	16509	9042
1750395982.1767838	7	16522	9053
1750395987.189033	7	16536	9057
1750395992.2076137	7	16548	9067
1750395997.2195485	7	16556	9071
1750396002.23149	7	16573	9075
1750396007.24346	7	16585	9089
1750396012.254894	7	16599	9095
1750396017.266859	7	16616	9100
1750396022.2787864	7	16632	9113
1750396027.29793	7	16647	9120
1750396032.3129528	7	16665	9132
1750396037.32505	7	16685	9137
1750396042.336988	7	16701	9143
1750396047.3487597	7	16718	9150
1750396052.3680506	7	16736	9158
1750396057.3801308	7	16757	9166
1750396062.392462	7	16774	9177
1750396067.4048636	7	16790	9187
1750396072.4173365	7	16806	9195
1750396077.438552	7	16828	9203
1750396082.4503195	7	16844	9210
1750396087.4620302	7	16858	9220
1750396092.473696	7	16871	9229
1750396097.4861615	7	16882	9235
1750396102.499489	7	16905	9243
1750396107.5126395	7	16925	9250
1750396112.5247002	7	16942	9260
1750396117.5363622	7	16956	9267
1750396122.5504544	7	16970	9274
1750396127.5629318	7	16981	9278
1750396132.576326	7	16998	9287
1750396137.5881531	7	17018	9297
1750396142.6002536	7	17033	9308
1750396147.6123614	7	17050	9316
1750396152.625794	7	17063	9322
1750396157.6454113	7	17080	9329
1750396162.659792	7	17097	9339
1750396167.6725824	7	17109	9347
1750396172.6850133	7	17133	9354
1750396177.6969426	7	17149	9360
1750396182.7085896	7	17169	9369
1750396187.7202644	7	17179	9378
1750396192.7328622	7	17201	9384
1750396197.7449121	7	17214	9395
1750396202.7622871	7	17233	9401
1750396207.7740362	7	17243	9409
1750396212.788925	7	17259	9417
1750396217.8018165	7	17277	9421
1750396222.8151915	7	17284	9426
1750396227.8281262	7	17306	9430
1750396232.8408313	7	17322	9435
1750396237.8536384	7	17342	9442
1750396242.8683906	7	17361	9451
1750396247.8812363	7	17373	9458
1750396252.89314	7	17396	9465
1750396257.9072924	7	17406	9474
1750396262.9248018	7	17429	9483
1750396267.939329	7	17441	9494
1750396272.9541776	7	17461	9507
1750396277.9686487	7	17471	9518
1750396282.9824932	7	17489	9524
1750396287.9963522	7	17504	9537
1750396293.0100126	7	17525	9547
1750396298.0238292	7	17535	9554
1750396303.0378466	7	17557	9567
1750396308.052209	7	17577	9578
1750396313.0664635	7	17592	9586
1750396318.0808644	7	17602	9599
1750396323.096107	7	17614	9608
1750396328.1143618	7	17628	9615
1750396333.1284764	7	17640	9624
1750396338.1423757	7	17651	9636
1750396343.156658	7	17666	9642
1750396348.1710718	7	17686	9656
1750396353.185555	7	17705	9663
1750396358.2002528	7	17717	9666
1750396363.2142696	7	17732	9674
1750396368.2287307	7	17747	9685
1750396373.2415628	7	17771	9691
1750396378.262171	7	17787	9698
1750396383.2769163	7	17804	9703
1750396388.2917585	7	17816	9710
1750396393.3046317	7	17827	9718
1750396398.3184896	7	17843	9724
1750396403.3333683	7	17856	9738
1750396408.348467	7	17874	9746
1750396413.3627782	7	17884	9755
1750396418.3837852	7	17902	9762
1750396423.3978097	7	17919	9769
1750396428.412188	7	17935	9773
1750396433.4266982	7	17959	9776
1750396438.4413874	7	17970	9785
1750396443.463967	7	17983	9797
1750396448.4789174	7	17996	9801
1750396453.4935937	7	18015	9808
1750396458.5068934	7	18033	9816
1750396463.521018	7	18044	9825
1750396468.5351877	7	18053	9839
1750396473.549308	7	18066	9845
1750396478.5632389	7	18080	9850
1750396483.5773454	7	18096	9857
1750396488.5921605	7	18110	9863
1750396493.611797	7	18131	9874
1750396498.6256742	7	18157	9878
1750396503.6399264	7	18175	9884
1750396508.6529274	7	18188	9893
1750396513.6652374	7	18203	9902
1750396518.6786125	7	18217	9907
1750396523.6910446	7	18237	9919
1750396528.7103133	7	18256	9932
1750396533.7260337	7	18268	9939
1750396538.7385204	7	18282	9948
1750396543.7506921	7	18295	9958
1750396548.7632525	7	18307	9969
1750396553.7806864	7	18323	9975
1750396558.792095	7	18340	9980
1750396563.8035264	7	18351	9985
1750396568.8150244	7	18362	9990
1750396573.8264036	7	18383	9997
1750396578.8385432	7	18396	10007
1750396583.8506248	7	18413	10017
1750396588.8626056	7	18426	10024
1750396593.8743858	7	18440	10031
1750396598.886612	7	18459	10041
1750396603.8987992	7	18468	10049
1750396608.9188242	7	18485	10059
1750396613.9307678	7	18501	10072
1750396618.9426782	7	18514	10079
1750396623.954703	7	18533	10090
1750396628.9666605	7	18543	10095
1750396633.9787781	7	18559	10102
1750396638.9909341	7	18579	10111
1750396644.0063822	7	18593	10117
1750396649.0201933	7	18607	10130
1750396654.0324771	7	18626	10136
1750396659.044544	7	18639	10147
1750396664.0565133	7	18659	10156
1750396669.068184	7	18670	10162
1750396674.0802126	8	18690	10179
1750396679.094474	8	18702	10186
1750396684.106627	8	18720	10197
1750396689.1244323	8	18735	10203
1750396694.1366963	8	18753	10214
1750396699.1486552	8	18773	10226
1750396704.1607647	8	18778	10233
1750396709.17288	8	18792	10244
1750396714.1849687	8	18804	10251
1750396719.1966815	8	18819	10258
1750396724.2087283	8	18827	10260
1750396729.2207644	8	18839	10272
1750396734.2405615	8	18858	10279
1750396739.2522893	8	18864	10286
1750396744.2644851	8	18882	10298
1750396749.2766879	8	18894	10307
1750396754.2885394	8	18908	10320
1750396759.3007932	8	18921	10332
1750396764.3127873	8	18932	10340
1750396769.3247185	8	18947	10350
1750396774.336851	8	18962	10357
1750396779.3491251	8	18980	10367
1750396784.361385	8	19003	10376
1750396789.381686	8	19028	10377
1750396794.396457	8	19039	10386
1750396799.4082954	8	19054	10393
1750396804.4201374	8	19064	10399
1750396809.4324749	8	19084	10408
1750396814.4443808	8	19096	10414
1750396819.4565306	8	19111	10417
1750396824.4705822	8	19122	10426
1750396829.4824224	9	19132	10438
1750396834.5004907	9	19146	10448
1750396839.5126274	9	19161	10455
1750396844.5246115	9	19179	10461
1750396849.5367937	9	19193	10467
1750396854.5486188	9	19203	10478
1750396859.5606284	9	19221	10488
1750396864.5724926	9	19237	10501
1750396869.584407	9	19253	10509
1750396874.5962734	9	19270	10514
1750396879.608135	9	19286	10520
1750396884.6199884	9	19309	10523
1750396889.6319196	9	19332	10530
1750396894.6438754	9	19343	10541
1750396899.6626778	9	19361	10551
1750396904.6748369	9	19386	10560
1750396909.6866837	9	19405	10568
1750396914.6986005	9	19422	10573
1750396919.7105384	9	19439	10580
1750396924.722517	9	19459	10591
1750396929.7344263	9	19468	10601
1750396934.7467248	9	19484	10615
1750396939.7591121	9	19503	10622
1750396944.7784264	9	19511	10628
1750396949.790345	9	19524	10639
1750396954.802593	9	19534	10648
1750396959.814939	9	19550	10654
1750396964.827369	9	19567	10665
1750396969.8458762	9	19576	10669
1750396974.8578446	9	19592	10673
1750396979.8746266	9	19610	10683
1750396984.8869195	9	19624	10695
1750396989.8989592	9	19634	10703
1750396994.9107063	9	19645	10711
1750396999.9227984	9	19663	10712
1750397004.9351294	9	19676	10725
1750397009.9472396	9	19694	10738
1750397014.9589663	9	19711	10746
1750397019.9708297	9	19727	10750
1750397024.9870858	9	19740	10758
1750397029.9993174	9	19757	10765
1750397035.013964	9	19769	10774
1750397040.0285478	9	19785	10782
1750397045.0426736	9	19797	10790
1750397050.060571	9	19812	10796
1750397055.0740302	9	19833	10802
1750397060.0883856	9	19855	10815
1750397065.1034062	9	19870	10821
1750397070.1260784	9	19883	10826
1750397075.141002	9	19905	10836
1750397080.1559918	9	19925	10846
1750397085.1705766	9	19937	10857
1750397090.1881864	9	19952	10868
1750397095.2032716	9	19965	10875
1750397100.2168798	9	19990	10877
1750397105.2293284	9	20007	10885
1750397110.2425284	9	20021	10889
1750397115.2547736	9	20038	10900
1750397120.2669842	9	20056	10912
1750397125.2812061	9	20072	10930
1750397130.295063	9	20090	10937
1750397135.3094501	9	20103	10945
1750397140.3249354	9	20115	10957
1750397145.3395798	9	20125	10963
1750397150.3552396	9	20141	10973
1750397155.3692467	9	20157	10980
1750397160.3839688	9	20166	10984
1750397165.3994555	9	20180	10989
1750397170.4139912	9	20196	10993
1750397175.4339814	9	20211	10999
1750397180.448578	9	20220	11010
1750397185.4636152	9	20235	11013
1750397190.4841864	9	20253	11025
1750397195.4985273	9	20273	11030
1750397200.513363	9	20286	11038
1750397205.5261123	9	20304	11047
1750397210.538994	9	20316	11055
1750397215.551211	9	20337	11064
1750397220.5634818	9	20350	11070
1750397225.5838542	9	20367	11076
1750397230.6008408	9	20386	11088
1750397235.6132193	9	20401	11098
1750397240.6256194	9	20418	11106
1750397245.638539	9	20432	11118
1750397250.6564677	9	20440	11127
1750397255.6695495	9	20456	11135
1750397260.682658	9	20473	11145
1750397265.6973271	9	20488	11155
1750397270.710418	9	20502	11163
1750397275.7238662	9	20517	11174
1750397280.7380457	9	20532	11185
1750397285.756284	9	20541	11192
1750397290.7717774	9	20555	11202
1750397295.7863286	9	20572	11210
1750397300.80153	9	20588	11216
1750397305.8158875	9	20604	11225
1750397310.8302162	9	20618	11232
1750397315.8449845	9	20632	11242
1750397320.860554	9	20641	11252
1750397325.8790925	9	20652	11261
1750397330.89389	9	20670	11272
1750397335.9092836	9	20685	11278
1750397340.924644	9	20710	11285
1750397345.9402099	9	20720	11294
1750397350.9606504	9	20740	11304
1750397355.975965	9	20760	11311
1750397360.9911838	9	20779	11325
1750397366.013855	9	20801	11333
1750397371.029543	9	20820	11340
1750397376.0439966	9	20837	11348
1750397381.0583618	9	20848	11356
1750397386.0733702	9	20871	11367
1750397391.0885508	9	20892	11376
1750397396.1042542	9	20908	11387
1750397401.1195123	9	20919	11398
1750397406.134412	9	20940	11408
1750397411.149935	9	20953	11418
1750397416.1688316	9	20965	11425
1750397421.183618	9	20979	11434
1750397426.198325	9	20993	11444
1750397431.2135704	9	21008	11455
1750397436.2289393	9	21024	11462
1750397441.2419753	9	21037	11464
1750397446.2556977	9	21051	11470
1750397451.2711172	9	21064	11478
1750397456.2860513	9	21082	11488
1750397461.29883	9	21093	11495
1750397466.31073	9	21116	11503
1750397471.322767	9	21138	11516
1750397476.3349283	9	21156	11525
1750397481.3471653	9	21169	11539
1750397486.3646803	9	21188	11546
1750397491.3794148	9	21215	11553
1750397496.3914073	9	21237	11564
1750397501.4036515	9	21249	11567
1750397506.415669	9	21262	11579
1750397511.4275887	9	21276	11589
1750397516.4396682	9	21295	11592
1750397521.451948	9	21315	11597
1750397526.463785	9	21330	11605
1750397531.4793456	9	21345	11612
1750397536.491661	9	21358	11617
1750397541.5038764	9	21365	11624
1750397546.5161338	9	21382	11635
1750397551.5278547	9	21396	11643
1750397556.5397253	9	21407	11649
1750397561.5517516	9	21418	11655
1750397566.5637777	9	21445	11668
1750397571.5755055	9	21458	11681
1750397576.5945442	9	21469	11691
1750397581.6067529	9	21485	11699
1750397586.6188874	9	21499	11710
1750397591.6309724	9	21520	11717
1750397596.6428266	9	21529	11725
1750397601.654806	9	21549	11736
1750397606.6669104	9	21559	11745
1750397611.6789937	9	21574	11755
1750397616.690994	9	21596	11767
1750397621.703029	9	21617	11777
1750397626.7152784	9	21637	11791
1750397631.7338672	9	21656	11796
1750397636.7486014	9	21673	11806
1750397641.7603366	9	21679	11812
1750397646.7724545	9	21698	11820
1750397651.7846904	9	21715	11824
1750397656.7968638	9	21728	11832
1750397661.8088455	9	21746	11840
1750397666.8213236	9	21770	11848
1750397671.8330286	9	21790	11852
1750397676.8510563	9	21802	11859
1750397681.8628993	9	21818	11869
1750397686.8756402	9	21843	11879
1750397691.8875318	9	21854	11893
1750397696.8996208	9	21870	11904
1750397701.911632	9	21883	11916
1750397706.9238124	9	21897	11922
1750397711.935981	9	21911	11930
1750397716.9481757	9	21930	11938
1750397721.9673681	9	21950	11951
1750397726.9792888	9	21962	11960
1750397731.9912598	9	21983	11970
1750397737.0030909	9	22009	11978
1750397742.015439	9	22021	11985
1750397747.027423	9	22034	11998
1750397752.0393546	9	22043	12008
1750397757.0512547	9	22057	12022
1750397762.063045	9	22072	12032
1750397767.0750835	9	22089	12041
1750397772.0871813	9	22103	12050
1750397777.0991073	9	22120	12057
1750397782.11111	9	22138	12066
1750397787.1230912	9	22161	12073
1750397792.1350026	9	22186	12081
1750397797.1470382	9	22195	12090
1750397802.1604877	9	22208	12097
1750397807.1764593	9	22227	12103
1750397812.188454	9	22244	12114
1750397817.200107	9	22257	12125
1750397822.2121422	9	22270	12134
1750397827.2240129	9	22282	12145
1750397832.236221	9	22294	12153
1750397837.2481472	9	22304	12161
1750397842.2602355	9	22317	12171
1750397847.272422	9	22335	12177
1750397852.2843182	9	22342	12185
1750397857.2965193	9	22351	12187
1750397862.3084788	9	22364	12195
1750397867.320712	9	22375	12201
1750397872.3328173	9	22389	12210
1750397877.3448448	9	22398	12226
1750397882.3614426	9	22418	12235
1750397887.373977	9	22436	12242
1750397892.3863292	9	22449	12253
1750397897.3982975	9	22463	12261
1750397902.410263	9	22477	12273
1750397907.4218357	9	22496	12278
1750397912.433874	9	22509	12289
1750397917.4541051	9	22533	12295
1750397922.4661777	9	22552	12311
1750397927.4781992	9	22568	12321
1750397932.4923172	9	22585	12330
1750397937.5063682	9	22603	12342
1750397942.5213127	9	22616	12349
1750397947.5358474	9	22634	12357
1750397952.5534394	9	22647	12365
1750397957.566199	9	22660	12371
1750397962.5810614	9	22678	12381
1750397967.5957735	9	22690	12389
1750397972.610471	9	22709	12392
1750397977.6304255	9	22726	12397
1750397982.646086	9	22738	12414
1750397987.6609504	9	22758	12425
1750397992.675739	9	22771	12432
1750397997.6903126	9	22783	12443
1750398002.7097483	9	22794	12454
1750398007.7273042	9	22803	12463
1750398012.7426145	9	22816	12475
1750398017.7646286	9	22834	12485
1750398022.7793152	9	22848	12497
1750398027.7941735	9	22867	12504
1750398032.8170261	9	22881	12511
1750398037.831801	9	22901	12517
1750398042.847349	9	22912	12525
1750398047.8680966	9	22923	12534
1750398052.8819318	9	22935	12543
1750398057.8975053	9	22949	12549
1750398062.9125812	9	22970	12562
1750398067.928056	9	22989	12577
1750398072.9427333	9	23008	12585
1750398077.9573157	9	23024	12593
1750398082.9724078	9	23035	12602
1750398087.9903135	9	23052	12612
1750398093.005305	9	23062	12622
1750398098.0216217	9	23074	12631
1750398103.0348248	9	23091	12639
1750398108.0495577	9	23104	12647
1750398113.0641978	9	23117	12660
1750398118.0797832	9	23130	12668
1750398123.0954518	9	23153	12674
1750398128.1085248	9	23168	12684
1750398133.1229143	9	23182	12691
1750398138.139483	9	23202	12699
1750398143.1548638	9	23222	12706
1750398148.1774125	9	23244	12716
1750398153.1987119	9	23254	12725
1750398158.2137265	9	23266	12729
1750398163.2299216	9	23278	12736
1750398168.2453692	9	23295	12747
1750398173.2600799	9	23311	12755
1750398178.2833624	9	23326	12767
1750398183.2980108	9	23343	12772
1750398188.3127048	9	23360	12785
1750398193.3270633	9	23379	12792
1750398198.3424187	9	23396	12809
1750398203.35733	9	23409	12822
1750398208.3723638	9	23421	12831
1750398213.3872862	9	23435	12837
1750398218.400522	9	23446	12844
1750398223.4151542	9	23464	12850
1750398228.4326413	9	23473	12857
1750398233.4478517	9	23491	12865
1750398238.462537	9	23507	12874
1750398243.4851139	9	23524	12883
1750398248.4992075	9	23538	12893
1750398253.5140283	9	23551	12904
1750398258.5368123	9	23561	12910
1750398263.5513282	9	23575	12921
1750398268.5675042	9	23588	12934
1750398273.5834465	9	23605	12941
1750398278.598759	9	23619	12954
1750398283.6129427	9	23634	12966
1750398288.62751	9	23645	12969
1750398293.6425421	9	23665	12976
1750398298.6623762	9	23688	12984
1750398303.677607	9	23701	12991
1750398308.6924012	9	23718	12999
1750398313.7076576	9	23739	13007
1750398318.722248	9	23752	13017
1750398323.7429342	9	23769	13024
1750398328.7580514	9	23782	13032
1750398333.772739	9	23793	13042
1750398338.794396	9	23807	13052
1750398343.8095942	9	23819	13061
1750398348.824467	9	23834	13069
1750398353.839295	9	23858	13079
1750398358.8538752	9	23875	13088
1750398363.8671365	9	23889	13097
1750398368.8810384	9	23909	13108
1750398373.8954184	9	23936	13120
1750398378.910343	9	23951	13128
1750398383.924789	9	23978	13135
1750398388.9443507	9	23994	13144
1750398393.9596474	9	24022	13152
1750398398.9725115	9	24029	13161
1750398403.9849734	9	24047	13167
1750398408.9973001	9	24063	13171
1750398414.0093398	9	24080	13184
1750398419.0213919	9	24090	13192
1750398424.0333285	9	24107	13204
1750398429.0453975	9	24122	13217
1750398434.06495	9	24141	13228
1750398439.076841	9	24155	13235
1750398444.0892098	9	24179	13243
1750398449.1017587	9	24200	13251
1750398454.11416	9	24211	13263
1750398459.1281753	9	24225	13269
1750398464.1421785	9	24237	13279
1750398469.1590755	9	24255	13285
1750398474.1744604	9	24270	13290
1750398479.189701	9	24279	13298
1750398484.2051706	9	24298	13307
1750398489.2205634	9	24315	13315
1750398494.2348585	9	24335	13330
1750398499.2496328	9	24353	13340
1750398504.2647045	9	24378	13351
1750398509.2843847	9	24391	13362
1750398514.3004122	9	24406	13369
1750398519.313712	9	24428	13377
1750398524.3285313	9	24438	13387
1750398529.3435202	9	24452	13396
1750398534.365097	9	24468	13402
1750398539.3797429	9	24490	13412
1750398544.3936706	9	24508	13425
1750398549.41573	9	24526	13437
1750398554.4300249	9	24544	13444
1750398559.4447346	9	24557	13459
1750398564.4579961	9	24570	13470
1750398569.4707706	9	24586	13476
1750398574.4866052	10	24605	13485
1750398579.5035162	10	24626	13493
1750398584.5197802	10	24646	13500
1750398589.535651	10	24664	13504
1750398594.550146	10	24683	13518
1750398599.5741262	10	24697	13526
1750398604.5896645	10	24712	13535
1750398609.604398	10	24726	13542
1750398614.620443	10	24742	13546
1750398619.6353745	10	24761	13550
1750398624.6509027	10	24778	13557
1750398629.6671538	10	24791	13570
1750398634.6826088	10	24807	13575
1750398639.702442	10	24825	13582
1750398644.7164946	10	24842	13585
1750398649.735192	10	24862	13588
1750398654.748925	10	24876	13599
1750398659.7626688	10	24896	13612
1750398664.7777557	10	24912	13621
1750398669.7931595	10	24924	13623
1750398674.8088074	10	24948	13630
1750398679.824056	10	24963	13641
1750398684.844945	10	24978	13647
1750398689.865264	10	24987	13658
1750398694.881349	10	25005	13664
1750398699.8965228	10	25032	13672
1750398704.9121163	10	25044	13678
1750398709.9275794	10	25058	13687
1750398714.9428272	10	25083	13698
1750398719.958706	10	25107	13707
1750398724.9741242	10	25129	13713
1750398729.989723	10	25143	13724
1750398735.0057423	10	25153	13736
1750398740.022209	10	25167	13747
1750398745.037569	10	25180	13758
1750398750.0526683	10	25206	13768
1750398755.0686424	10	25224	13778
1750398760.0839994	10	25242	13790
1750398765.0998282	10	25254	13797
1750398770.1151686	10	25263	13806
1750398775.130782	10	25282	13815
1750398780.1447268	10	25296	13825
1750398785.1603904	10	25308	13837
1750398790.1769779	10	25319	13838
1750398795.1929438	10	25334	13845
1750398800.2176702	10	25353	13848
1750398805.2337108	10	25371	13858
1750398810.249404	10	25387	13873
1750398815.265142	10	25402	13881
1750398820.2788136	10	25420	13893
1750398825.29433	10	25437	13904
1750398830.3099864	10	25449	13910
1750398835.3255365	10	25462	13918
1750398840.341378	10	25481	13932
1750398845.3575659	10	25501	13939
1750398850.3792064	10	25520	13949
1750398855.395901	10	25531	13955
1750398860.4114587	10	25545	13964
1750398865.4280217	10	25564	13975
1750398870.443089	10	25578	13983
1750398875.4589431	10	25591	13988
1750398880.4750998	10	25604	13992
1750398885.4911819	10	25615	13998
1750398890.5065548	10	25637	14008
1750398895.5203784	10	25658	14018
1750398900.5389931	10	25668	14027
1750398905.5548227	10	25688	14036
1750398910.577789	10	25707	14042
1750398915.5917506	10	25718	14052
1750398920.6046672	10	25730	14057
1750398925.617712	10	25747	14064
1750398930.631169	10	25763	14070
1750398935.6460307	10	25775	14080
1750398940.6611404	10	25786	14085
1750398945.6803563	10	25798	14095
1750398950.6962376	10	25810	14104
1750398955.710826	10	25825	14112
1750398960.7250233	10	25843	14117
1750398965.7402723	10	25860	14134
1750398970.761967	10	25873	14146
1750398975.7781184	10	25889	14149
1750398980.7932305	10	25916	14153
1750398985.8092818	10	25930	14160
1750398990.824607	10	25944	14169
1750398995.8400345	10	25953	14180
1750399000.856261	10	25970	14188
1750399005.8717747	10	25978	14192
1750399010.888018	10	25993	14207
1750399015.9043028	10	26008	14218
1750399020.9234762	10	26024	14225
1750399025.9389427	10	26033	14235
1750399030.954793	10	26042	14243
1750399035.9702003	10	26059	14254
1750399040.9851909	10	26078	14267
1750399046.0008447	10	26093	14274
1750399051.0164723	10	26110	14280
1750399056.0324457	10	26124	14291
1750399061.0486453	10	26143	14298
1750399066.064854	10	26158	14310
1750399071.0877767	10	26174	14323
1750399076.1035995	10	26192	14332
1750399081.119102	10	26217	14340
1750399086.1349053	10	26235	14350
1750399091.1523027	10	26255	14356
1750399096.1684334	10	26271	14362
1750399101.183981	10	26287	14370
1750399106.1995	10	26304	14378
1750399111.217141	10	26318	14382
1750399116.2320583	11	26332	14396
1750399121.2534301	11	26345	14406
1750399126.268958	11	26356	14413
1750399131.284826	11	26373	14420
1750399136.3084326	11	26385	14433
1750399141.3252242	11	26401	14439
1750399146.3404841	11	26424	14452
1750399151.356305	11	26438	14463
1750399156.3729293	11	26453	14472
1750399161.38855	11	26465	14482
1750399166.4053185	11	26482	14490
1750399171.4209268	11	26496	14501
1750399176.4387994	11	26514	14510
1750399181.4546893	11	26529	14518
1750399186.4757655	11	26546	14530
1750399191.4898798	11	26561	14538
1750399196.5053666	11	26577	14548
1750399201.5216115	11	26591	14561
1750399206.5373065	11	26605	14572
1750399211.5585558	11	26619	14579
1750399216.572533	11	26631	14588
1750399221.5873091	11	26652	14600
1750399226.6030154	11	26672	14604
1750399231.6195612	11	26691	14614
1750399236.6425846	11	26710	14623
1750399241.6600351	11	26720	14632
1750399246.6766505	11	26739	14640
1750399251.6903052	11	26760	14649
1750399256.7050123	11	26776	14663
1750399261.723766	12	26785	14671
1750399266.7384722	12	26802	14679
1750399271.7548406	12	26809	14689
1750399276.7709665	12	26813	14698
1750399281.7868314	12	26827	14703
1750399286.8028724	12	26841	14713
1750399291.8164577	12	26863	14722
1750399296.8319955	12	26878	14731
1750399301.8456223	12	26888	14741
1750399306.8588645	12	26896	14750
1750399311.8719707	12	26915	14756
1750399316.884991	12	26930	14760
1750399321.8983045	12	26946	14774
1750399326.9116542	12	26965	14782
1750399331.9300919	12	26979	14792
1750399336.943111	12	27000	14797
1750399341.9559412	12	27021	14810
1750399346.9689727	12	27028	14820
1750399351.9821818	12	27047	14827
1750399356.9952471	12	27060	14837
1750399362.0082805	12	27074	14853
1750399367.021675	12	27089	14861
1750399372.034873	12	27110	14871
1750399377.047871	12	27132	14880
1750399382.0610652	12	27159	14887
1750399387.0738227	12	27179	14899
1750399392.0869157	12	27192	14904
1750399397.099971	12	27198	14915
1750399402.1129682	12	27214	14920
1750399407.1343803	12	27236	14927
1750399412.1477196	12	27253	14937
1750399417.1608164	12	27263	14944
1750399422.1739373	12	27274	14954
1750399427.1869733	12	27287	14961
1750399432.1999002	12	27307	14969
1750399437.2129047	12	27326	14979
1750399442.2259393	12	27337	14986
1750399447.2392743	12	27352	14997
1750399452.252408	12	27371	15008
1750399457.2655091	12	27382	15019
1750399462.2788255	12	27394	15023
1750399467.2918017	12	27404	15034
1750399472.3112526	12	27418	15047
1750399477.3241408	12	27434	15050
1750399482.3372884	12	27445	15057
1750399487.3503826	12	27461	15066
1750399492.3635547	12	27473	15073
1750399497.3763673	12	27482	15083
1750399502.3897023	12	27498	15094
1750399507.40284	12	27508	15100
1750399512.4161787	12	27517	15107
1750399517.4294481	12	27529	15111
1750399522.4423773	12	27540	15121
1750399527.4551542	12	27558	15130
1750399532.4680977	12	27571	15140
1750399537.4848697	12	27589	15148
1750399542.4981666	12	27605	15158
1750399547.5112417	12	27623	15169
1750399552.524431	12	27637	15178
1750399557.5374835	12	27651	15195
1750399562.5504558	12	27671	15205
1750399567.5633273	12	27695	15216
1750399572.5763438	12	27712	15224
1750399577.5893908	12	27727	15229
1750399582.6027656	12	27744	15235
1750399587.6162724	12	27760	15243
1750399592.629128	12	27774	15257
1750399597.6422982	12	27790	15271
1750399602.6604755	12	27804	15278
1750399607.6733093	12	27816	15286
1750399612.6864448	12	27830	15296
1750399617.6997018	12	27848	15304
1750399622.712622	12	27866	15314
1750399627.7254405	12	27879	15327
1750399632.7385144	12	27896	15338
1750399637.751489	12	27913	15353
1750399642.7648873	12	27929	15366
1750399647.7780094	13	27946	15376
1750399652.7912624	13	27960	15385
1750399657.8043673	13	27978	15393
1750399662.817496	13	27994	15405
1750399667.8306413	13	28007	15413
1750399672.843477	13	28021	15418
1750399677.85655	13	28035	15424
1750399682.8695614	13	28049	15434
1750399687.8873637	13	28061	15442
1750399692.9003036	13	28080	15454
1750399697.9134688	13	28104	15467
1750399702.9283905	13	28118	15477
1750399707.9416902	13	28132	15482
1750399712.954756	13	28146	15490
1750399717.96777	13	28162	15506
1750399722.9809492	13	28179	15520
1750399727.9941247	13	28194	15536
1750399733.0135984	13	28200	15537
1750399738.0265882	13	28222	15544
1750399743.0397797	13	28233	15556
1750399748.0524936	13	28251	15563
1750399753.0655649	13	28265	15576
1750399758.0786464	13	28274	15584
1750399763.0914843	13	28291	15594
1750399768.1042137	13	28307	15600
1750399773.1171474	13	28323	15607
1750399778.130173	13	28343	15614
1750399783.145284	13	28364	15625
1750399788.161341	13	28379	15631
1750399793.1771374	13	28405	15639
1750399798.1961396	13	28415	15650
1750399803.212302	13	28427	15656
1750399808.2280645	13	28445	15667
1750399813.2435353	13	28465	15673
1750399818.2594106	13	28484	15679
1750399823.2752867	13	28495	15694
1750399828.2910805	13	28513	15701
1750399833.3070576	13	28523	15708
1750399838.3303826	13	28539	15720
1750399843.3459349	13	28553	15731
1750399848.3618398	13	28562	15734
1750399853.3771744	13	28576	15743
1750399858.3929064	13	28593	15755
1750399863.4158387	13	28606	15763
1750399868.4316843	13	28629	15772
1750399873.4486358	13	28647	15786
1750399878.4647143	13	28658	15792
1750399883.4811947	13	28664	15800
1750399888.497033	13	28679	15808
1750399893.5138485	13	28689	15818
1750399898.5293756	13	28716	15825
1750399903.5495691	13	28727	15831
1750399908.564969	13	28748	15842
1750399913.5817914	13	28759	15850
1750399918.5978258	13	28773	15859
1750399923.6137648	13	28786	15874
1750399928.627775	13	28801	15892
1750399933.6431036	13	28827	15897
1750399938.6600075	13	28843	15904
1750399943.676971	13	28859	15915
1750399948.6925929	13	28873	15927
1750399953.7079577	13	28895	15936
1750399958.7241857	13	28907	15945
1750399963.7472196	13	28932	15955
1750399968.763833	13	28948	15960
1750399973.7804222	13	28967	15966
1750399978.8019683	13	28983	15973
1750399983.8166175	13	28997	15982
1750399988.8328476	13	29014	15990
1750399993.8481262	13	29031	15995
1750399998.863936	13	29046	16007
1750400003.8789067	13	29062	16017
1750400008.8950167	13	29075	16028
1750400013.9097202	13	29089	16034
1750400018.9286535	13	29098	16038
1750400023.9449785	13	29114	16048
1750400028.968054	13	29130	16060
1750400033.9902701	13	29148	16070
1750400039.0053751	13	29173	16074
1750400044.022364	13	29190	16079
1750400049.037954	13	29205	16086
1750400054.0521054	13	29222	16098
1750400059.0665765	13	29244	16107
1750400064.0806978	13	29255	16115
1750400069.094016	13	29269	16121
1750400074.107383	13	29282	16129
1750400079.120791	14	29303	16135
1750400084.134488	14	29314	16148
1750400089.1515226	14	29325	16158
1750400094.165611	14	29341	16164
1750400099.1802948	14	29351	16176
1750400104.194361	14	29367	16182
1750400109.2085125	14	29389	16186
1750400114.2296484	14	29406	16197
1750400119.2439446	14	29420	16205
1750400124.2589421	14	29435	16221
1750400129.2748952	14	29451	16226
1750400134.2893784	14	29468	16235
1750400139.3044405	14	29487	16245
1750400144.3193593	14	29498	16253
1750400149.3345194	14	29520	16259
1750400154.3509793	14	29537	16265
1750400159.364964	14	29547	16270
1750400164.3853147	14	29564	16284
1750400169.4016907	14	29573	16294
1750400174.420323	14	29589	16298
1750400179.4363542	14	29604	16311
1750400184.4520328	14	29619	16318
1750400189.4749568	14	29632	16331
1750400194.489627	14	29649	16339
1750400199.5048492	14	29667	16349
1750400204.5200098	14	29680	16358
1750400209.5355318	14	29692	16371
1750400214.5497663	14	29706	16380
1750400219.5644107	14	29717	16388
1750400224.5861747	14	29725	16395
1750400229.605464	14	29741	16402
1750400234.6204317	14	29753	16415
1750400239.6343467	14	29767	16420
1750400244.6502135	14	29787	16424
1750400249.6669102	14	29807	16431
1750400254.6815853	14	29829	16435
1750400259.696958	14	29846	16439
1750400264.712669	14	29861	16444
1750400269.7279088	14	29873	16461
1750400274.74765	14	29890	16470
1750400279.7635727	14	29905	16477
1750400284.7795665	14	29918	16481
1750400289.7952886	14	29936	16494
1750400294.810511	14	29949	16501
1750400299.828892	14	29966	16506
1750400304.8443444	14	29983	16514
1750400309.859801	14	29995	16524
1750400314.8756852	14	30018	16528
1750400319.8911302	14	30035	16536
1750400324.9073884	14	30056	16547
1750400329.9226494	14	30073	16555
1750400334.9380627	14	30096	16560
1750400339.9535093	14	30108	16570
1750400344.9691467	14	30122	16579
1750400349.992052	14	30135	16589
1750400355.0078225	14	30149	16600
1750400360.023278	14	30166	16603
1750400365.038926	14	30181	16615
1750400370.0541961	14	30195	16623
1750400375.0690267	14	30206	16630
1750400380.0850098	14	30219	16636
1750400385.1017215	14	30235	16641
1750400390.1177788	14	30253	16652
1750400395.1328504	14	30275	16658
1750400400.1480913	14	30293	16669
1750400405.164158	14	30313	16676
1750400410.1798668	14	30333	16681
1750400415.1962318	14	30359	16690
1750400420.2122679	14	30376	16706
1750400425.2277236	14	30387	16714
1750400430.2439208	14	30404	16722
1750400435.2590537	14	30418	16728
1750400440.2751644	14	30433	16736
1750400445.2910507	14	30449	16743
1750400450.3068213	14	30458	16754
1750400455.322165	14	30477	16769
1750400460.3385618	14	30497	16784
1750400465.3542073	14	30512	16789
1750400470.3707123	14	30529	16807
1750400475.386799	14	30543	16818
1750400480.4024012	14	30554	16827
1750400485.4182196	14	30568	16837
1750400490.4345891	14	30590	16840
1750400495.456498	14	30602	16851
1750400500.4705958	14	30614	16858
1750400505.485933	14	30634	16865
1750400510.500352	14	30650	16875
1750400515.515211	14	30662	16884
1750400520.5303302	14	30681	16889
1750400525.5451095	14	30702	16896
1750400530.5640888	14	30714	16900
1750400535.5796616	14	30723	16906
1750400540.5951898	14	30735	16914
1750400545.6105268	14	30750	16921
1750400550.6261091	14	30774	16928
1750400555.6421907	14	30793	16938
1750400560.6580539	14	30810	16952
1750400565.6742516	14	30830	16963
1750400570.690679	14	30846	16968
1750400575.706224	15	30860	16975
1750400580.7225497	15	30880	16985
1750400585.7381258	15	30894	16992
1750400590.7538493	15	30910	17000
1750400595.7702966	15	30930	17010
1750400600.7859612	15	30949	17020
1750400605.8012633	15	30957	17026
1750400610.817142	15	30973	17039
1750400615.8357568	15	30988	17045
1750400620.851403	15	31004	17052
1750400625.8672874	15	31024	17061
1750400630.883266	15	31043	17078
1750400635.8993342	15	31055	17087
1750400640.920479	15	31062	17101
1750400645.9367871	15	31074	17111
1750400650.953087	15	31092	17121
1750400655.9688008	15	31115	17130
1750400660.9839525	15	31133	17141
1750400666.0003638	15	31150	17148
1750400671.0159802	15	31162	17154
1750400676.0322309	15	31177	17163
1750400681.0475402	15	31189	17171
1750400686.06217	15	31207	17177
1750400691.07792	15	31224	17181
1750400696.0935347	15	31239	17188
1750400701.1094935	15	31252	17193
1750400706.125842	15	31261	17202
1750400711.1412277	15	31277	17208
1750400716.1579368	15	31289	17217
