1750062717.8986065	0	2	4
1750062722.9153705	0	8	11
1750062727.9281404	0	16	20
1750062732.9410875	0	21	24
1750062737.9544706	0	26	32
1750062742.9672303	0	30	36
1750062747.9847848	0	33	40
1750062752.996741	0	37	46
1750062758.009231	0	43	50
1750062763.0211856	0	46	58
1750062768.033083	0	51	67
1750062773.0549452	0	52	77
1750062778.0645828	0	56	79
1750062783.07994	0	57	86
1750062788.0926204	0	60	89
1750062793.1062963	0	63	95
1750062798.119895	1	69	104
1750062803.1327188	1	74	108
1750062808.1459212	1	76	114
1750062813.1591008	1	78	118
1750062818.1725967	1	80	125
1750062823.1860175	1	83	131
1750062828.1978939	1	86	136
1750062833.2099988	2	93	155
1750062838.2282746	2	104	164
1750062843.2427995	2	112	176
1750062848.2623737	2	121	190
1750062853.274632	2	135	203
1750062858.290051	2	141	213
1750062863.3033197	2	149	227
1750062868.3167431	2	156	233
1750062873.3333938	2	163	243
1750062878.3475432	2	171	250
1750062883.3611858	2	183	264
1750062888.3748302	3	192	268
1750062893.3882065	3	200	275
1750062898.4047713	3	209	283
1750062903.417664	3	217	295
1750062908.4305663	3	223	305
1750062913.4445395	3	235	318
1750062918.4577165	3	245	326
1750062923.4712055	3	252	336
1750062928.4844322	4	255	345
1750062933.4979162	4	265	355
1750062938.5116565	4	273	362
1750062943.525764	4	282	376
1750062948.539827	4	292	388
1750062953.5523212	4	301	394
1750062958.5655534	4	314	401
1750062963.5789673	5	318	410
1750062968.5920808	5	325	421
1750062973.6053421	5	330	428
1750062978.6192238	5	336	433
1750062983.6403165	6	343	445
1750062988.653378	6	349	456
1750062993.6730502	6	359	469
1750062998.686218	6	365	478
1750063003.7014704	6	376	492
1750063008.71522	6	384	505
1750063013.7292373	6	390	512
1750063018.741094	7	402	526
1750063023.751437	7	411	536
1750063028.764932	7	419	550
1750063033.777154	7	423	561
1750063038.7882967	7	436	571
1750063043.8097038	7	443	578
1750063048.823309	8	454	592
1750063053.8365107	8	461	603
1750063058.8510406	8	475	613
1750063063.8623383	8	482	626
1750063068.8754401	8	490	636
1750063073.8884325	8	496	646
1750063078.9020298	8	502	659
1750063083.9157279	9	508	666
1750063088.9275184	9	519	673
1750063093.9411452	9	528	680
1750063098.9590364	9	538	692
1750063103.9723775	11	548	707
1750063108.9871628	11	552	711
1750063114.0008004	12	564	723
1750063119.0149033	12	573	738
1750063124.0284555	12	584	752
1750063129.0477953	12	588	761
1750063134.0609896	12	596	774
1750063139.083248	12	603	785
1750063144.0966792	12	616	795
1750063149.1123915	12	627	804
1750063154.1256971	12	638	812
1750063159.1396968	12	642	826
1750063164.154968	12	651	831
1750063169.1691613	12	656	841
1750063174.182944	12	669	852
1750063179.1965435	12	675	861
1750063184.2100396	13	684	868
1750063189.2225938	13	693	878
1750063194.2353303	13	704	890
1750063199.2486136	14	715	900
1750063204.2621973	14	724	913
1750063209.273433	14	734	926
1750063214.2855382	14	745	936
1750063219.2998893	14	754	946
1750063224.3139415	14	766	964
1750063229.3277311	14	772	972
1750063234.3388598	14	778	983
1750063239.3576715	14	792	995
1750063244.3759503	14	804	1003
1750063249.3883326	14	810	1016
1750063254.4010983	14	823	1026
1750063259.4151838	14	831	1038
1750063264.4273407	14	834	1050
1750063269.4442544	14	839	1061
1750063274.4572566	14	847	1073
1750063279.473062	14	850	1083
1750063284.4869492	14	857	1092
1750063289.5012321	14	861	1102
1750063294.5149806	14	868	1114
1750063299.5287838	15	876	1121
1750063304.5425036	15	885	1130
1750063309.55679	15	892	1138
1750063314.5717092	15	899	1148
1750063319.590548	15	907	1161
1750063324.6084137	15	913	1171
1750063329.621292	15	918	1178
1750063334.6354165	15	930	1184
1750063339.649649	15	939	1195
1750063344.6642847	15	948	1204
1750063349.677898	15	954	1222
1750063354.691986	15	966	1234
1750063359.7060952	15	974	1251
1750063364.7203553	15	976	1262
1750063369.7353446	16	986	1275
1750063374.7498832	16	1001	1285
1750063379.7638552	16	1009	1297
1750063384.7780716	16	1019	1309
1750063389.792623	17	1028	1318
1750063394.8063972	17	1032	1335
1750063399.821012	17	1044	1343
1750063404.8408072	17	1055	1350
1750063409.8553197	17	1064	1359
1750063414.869521	17	1075	1366
1750063419.8841496	17	1088	1378
1750063424.8982353	17	1101	1388
1750063429.9130373	18	1107	1398
1750063434.9337854	20	1119	1411
1750063439.947402	20	1119	1424
1750063444.9647088	20	1124	1434
1750063449.9767878	20	1128	1442
1750063454.990496	22	1133	1449
1750063460.0061646	22	1140	1453
1750063465.0206773	23	1152	1466
1750063470.035429	24	1161	1480
1750063475.0562835	24	1168	1489
1750063480.070127	24	1174	1502
1750063485.0845475	24	1181	1509
1750063490.0989423	24	1187	1521
1750063495.1207259	24	1199	1530
1750063500.134139	25	1204	1539
1750063505.153257	26	1213	1547
1750063510.1677423	26	1222	1559
1750063515.1825893	26	1229	1569
1750063520.197473	26	1242	1581
1750063525.2117388	26	1248	1587
1750063530.2255094	26	1253	1596
1750063535.2399633	26	1261	1606
1750063540.2525315	26	1270	1621
1750063545.2645974	27	1280	1634
1750063550.2789466	27	1287	1647
1750063555.2919312	27	1296	1658
1750063560.305975	27	1303	1669
1750063565.3186991	27	1318	1675
1750063570.332958	27	1327	1688
1750063575.3477473	27	1340	1701
1750063580.362466	27	1349	1713
1750063585.3768876	27	1357	1722
1750063590.3900774	27	1363	1732
1750063595.4043212	27	1373	1743
1750063600.4181364	27	1379	1753
1750063605.4333692	27	1389	1758
1750063610.4540777	27	1404	1766
1750063615.4746296	27	1413	1775
1750063620.48979	28	1425	1784
1750063625.5045445	28	1435	1792
1750063630.5188737	28	1442	1802
1750063635.533297	28	1448	1813
1750063640.5472288	28	1453	1820
1750063645.5612988	28	1458	1834
1750063650.5753992	28	1465	1844
1750063655.5891416	29	1471	1853
1750063660.6034102	29	1480	1864
1750063665.618121	29	1488	1871
1750063670.6327827	29	1494	1885
1750063675.6461215	29	1499	1892
1750063680.6612315	29	1508	1902
1750063685.6756337	29	1515	1915
1750063690.6900733	30	1523	1924
1750063695.704039	31	1530	1933
1750063700.717781	31	1542	1945
1750063705.7325907	31	1550	1956
1750063710.7540553	31	1562	1967
1750063715.7687738	31	1570	1976
1750063720.7828143	31	1576	1984
1750063725.7969518	31	1582	2000
1750063730.8115253	31	1594	2007
1750063735.8263543	31	1607	2018
1750063740.8392842	31	1611	2031
1750063745.852976	32	1626	2042
1750063750.8675194	33	1638	2051
1750063755.8823133	33	1650	2062
1750063760.8983016	33	1659	2076
1750063765.9128563	33	1668	2085
1750063770.926732	34	1678	2097
1750063775.9409633	34	1689	2106
1750063780.955407	34	1696	2116
1750063785.9699948	34	1702	2124
1750063790.9836836	34	1711	2128
1750063796.0005157	34	1722	2143
1750063801.0143373	34	1725	2152
1750063806.0271232	34	1734	2161
1750063811.041116	34	1742	2176
1750063816.0569088	34	1753	2182
1750063821.0713067	34	1761	2201
1750063826.0859957	34	1770	2210
1750063831.0994687	35	1779	2222
1750063836.1200655	35	1784	2239
1750063841.138364	35	1787	2250
1750063846.1521542	37	1796	2264
1750063851.1667318	37	1807	2283
1750063856.1814637	37	1815	2299
1750063861.1960106	37	1827	2312
1750063866.2103827	37	1837	2321
1750063871.2252884	37	1844	2330
1750063876.2405102	37	1850	2342
1750063881.2539847	37	1853	2349
1750063886.267907	37	1857	2360
1750063891.281481	37	1866	2368
1750063896.2954922	37	1877	2375
1750063901.3094919	37	1883	2386
1750063906.324314	37	1889	2399
1750063911.3388546	37	1898	2410
1750063916.3598375	37	1905	2419
1750063921.3814905	37	1916	2428
1750063926.396226	37	1924	2439
1750063931.409783	37	1930	2447
1750063936.4242404	37	1939	2455
1750063941.438281	38	1949	2467
1750063946.4524667	38	1955	2479
1750063951.4658058	38	1963	2489
1750063956.4798877	38	1970	2501
1750063961.4946043	38	1978	2509
1750063966.5096767	38	1988	2521
1750063971.5252273	38	2003	2539
1750063976.5384266	38	2011	2545
1750063981.5525942	38	2021	2555
1750063986.566411	38	2026	2568
1750063991.5803292	39	2036	2576
1750063996.598013	40	2042	2586
1750064001.6133566	40	2057	2598
1750064006.6281283	40	2068	2609
1750064011.6437547	40	2077	2622
1750064016.658528	40	2084	2633
1750064021.6729653	40	2092	2642
1750064026.688128	40	2100	2652
1750064031.7025802	40	2112	2657
1750064036.7170684	40	2117	2669
1750064041.7314277	40	2127	2680
1750064046.7464254	41	2133	2692
1750064051.7616286	41	2137	2703
1750064056.7752085	41	2144	2714
1750064061.788532	41	2150	2717
1750064066.8027	41	2158	2724
1750064071.8175163	41	2167	2740
1750064076.8350122	41	2176	2753
1750064081.8473225	41	2183	2760
1750064086.8630764	41	2191	2767
1750064091.8778653	41	2198	2775
1750064096.890601	41	2207	2787
1750064101.9049714	41	2212	2794
1750064106.918314	41	2217	2808
1750064111.9329765	41	2229	2814
1750064116.946715	41	2241	2827
1750064121.9620314	41	2249	2841
1750064126.9826581	41	2261	2864
1750064132.0019827	41	2267	2877
1750064137.016608	41	2275	2884
1750064142.030997	41	2288	2894
1750064147.044678	41	2297	2902
1750064152.0584629	41	2311	2917
1750064157.071536	42	2316	2932
1750064162.0861967	43	2324	2941
1750064167.1034052	43	2330	2947
1750064172.1184704	43	2335	2956
1750064177.1330101	44	2340	2962
1750064182.145856	46	2351	2970
1750064187.1604097	46	2355	2979
1750064192.1748257	46	2365	2987
1750064197.18887	46	2370	2994
1750064202.2029686	47	2378	3011
1750064207.222273	47	2386	3021
1750064212.2443054	48	2403	3027
1750064217.2590187	48	2410	3034
1750064222.2733126	48	2419	3043
1750064227.2871962	48	2427	3055
1750064232.3017821	48	2439	3066
1750064237.3166428	48	2449	3076
1750064242.3311257	48	2460	3083
1750064247.346202	48	2470	3087
1750064252.3615477	49	2484	3097
1750064257.3756516	49	2492	3110
1750064262.390151	49	2500	3125
1750064267.4033701	49	2504	3133
1750064272.417569	49	2517	3141
1750064277.431075	50	2522	3149
1750064282.4456663	50	2525	3156
1750064287.4614034	51	2532	3165
1750064292.474181	51	2538	3174
1750064297.4890304	51	2542	3180
1750064302.5023196	52	2554	3185
1750064307.5159667	52	2563	3196
1750064312.5306048	52	2571	3203
1750064317.5478692	52	2580	3211
1750064322.5614374	52	2587	3224
1750064327.5793815	52	2589	3238
1750064332.5923707	53	2595	3251
1750064337.6047342	53	2602	3262
1750064342.6228602	53	2609	3275
1750064347.636237	54	2618	3285
1750064352.6507566	55	2629	3298
1750064357.6648653	55	2639	3311
1750064362.6787996	55	2646	3324
1750064367.6941204	55	2652	3334
1750064372.7089806	55	2657	3342
1750064377.723464	55	2664	3359
1750064382.7371519	56	2675	3370
1750064387.7512016	57	2689	3381
1750064392.7660484	58	2699	3393
1750064397.7795827	58	2711	3400
1750064402.794211	58	2716	3413
1750064407.8068845	58	2724	3426
1750064412.8197575	59	2730	3436
1750064417.8331335	59	2740	3451
1750064422.846486	59	2751	3461
1750064427.8611999	59	2757	3476
1750064432.875751	60	2769	3484
1750064437.889003	61	2779	3495
1750064442.9012892	61	2790	3505
1750064447.914976	61	2796	3518
1750064452.9287639	61	2804	3530
1750064457.9426615	61	2815	3538
1750064462.9572587	61	2821	3546
1750064467.971818	61	2825	3552
1750064472.9853196	61	2833	3559
1750064477.9974244	61	2840	3566
1750064483.0134523	61	2846	3577
1750064488.0316823	61	2851	3591
1750064493.0437503	61	2859	3598
1750064498.0586767	61	2867	3611
1750064503.0728507	61	2877	3620
1750064508.087512	61	2886	3631
1750064513.1027184	61	2894	3650
1750064518.117351	61	2901	3657
1750064523.1357343	62	2911	3664
1750064528.1490216	63	2922	3670
1750064533.1619084	63	2928	3673
1750064538.1749732	63	2936	3681
1750064543.1952388	63	2945	3690
1750064548.2071695	63	2954	3698
1750064553.21931	63	2967	3706
1750064558.2313917	64	2976	3718
1750064563.2436275	64	2982	3729
1750064568.2583413	64	2986	3742
1750064573.2819645	64	2997	3752
1750064578.2962358	64	3010	3759
1750064583.3105743	64	3020	3768
1750064588.3245883	64	3033	3777
1750064593.3380115	64	3037	3785
1750064598.3507295	64	3047	3793
1750064603.3647356	65	3057	3800
1750064608.3772938	65	3067	3816
1750064613.3894572	65	3074	3825
1750064618.4016037	65	3080	3834
1750064623.4135368	65	3089	3848
1750064628.4275308	65	3096	3855
1750064633.442841	65	3106	3861
1750064638.4577813	65	3112	3867
1750064643.4727397	65	3116	3877
1750064648.4867778	65	3129	3887
1750064653.4995496	66	3138	3893
1750064658.5127287	66	3147	3903
1750064663.5263913	66	3159	3914
1750064668.5390234	67	3168	3924
1750064673.5511196	67	3176	3933
1750064678.5629375	67	3183	3941
1750064683.5749726	69	3191	3951
1750064688.5878885	69	3196	3968
1750064693.6012232	69	3202	3984
1750064698.615358	69	3208	4002
1750064703.6284919	69	3218	4007
1750064708.6420019	69	3227	4020
1750064713.6562898	69	3237	4040
1750064718.671629	69	3247	4050
1750064723.6863606	69	3254	4064
1750064728.6988096	70	3262	4071
1750064733.711191	72	3270	4082
1750064738.7234316	72	3277	4092
1750064743.735431	72	3285	4100
1750064748.7473092	72	3293	4110
1750064753.761108	72	3300	4121
1750064758.775317	72	3306	4137
1750064763.7889957	72	3314	4142
1750064768.8028684	72	3325	4154
1750064773.81675	72	3332	4164
1750064778.8294916	73	3343	4170
1750064783.841381	74	3353	4192
1750064788.8534498	74	3364	4201
1750064793.8656967	74	3374	4210
1750064798.8780055	74	3389	4221
1750064803.8922317	74	3396	4233
1750064808.9122	74	3409	4248
1750064813.9244056	74	3417	4254
1750064818.9366932	74	3425	4266
1750064823.9489536	75	3436	4276
1750064828.9611611	75	3443	4290
1750064833.9731717	75	3448	4295
1750064838.9854932	75	3460	4306
1750064843.9992971	75	3470	4318
1750064849.012917	75	3486	4330
1750064854.0269618	75	3496	4337
1750064859.0397062	75	3507	4352
1750064864.053187	75	3515	4361
1750064869.0675523	75	3527	4372
1750064874.0815408	75	3535	4384
1750064879.095903	75	3546	4394
1750064884.109997	75	3554	4406
1750064889.129053	75	3562	4419
1750064894.1434398	75	3574	4428
1750064899.1639054	75	3580	4437
1750064904.1784928	75	3588	4452
1750064909.1929405	75	3593	4459
1750064914.207739	75	3599	4468
1750064919.221629	75	3604	4477
1750064924.234851	76	3609	4485
1750064929.248496	76	3618	4500
1750064934.2625625	76	3628	4517
1750064939.2762487	76	3633	4523
1750064944.2897348	76	3637	4532
1750064949.3037949	76	3651	4541
1750064954.317028	76	3657	4551
1750064959.3309157	76	3664	4561
1750064964.345196	76	3675	4574
1750064969.3601294	76	3688	4580
1750064974.3812263	76	3696	4592
1750064979.3957646	76	3706	4605
1750064984.410465	76	3710	4615
1750064989.4238822	76	3716	4630
1750064994.4391117	78	3726	4644
1750064999.4529593	78	3735	4655
1750065004.467645	79	3748	4666
1750065009.4817407	79	3757	4676
1750065014.49621	79	3764	4686
1750065019.510848	79	3767	4694
1750065024.5241373	79	3777	4711
1750065029.5392356	79	3785	4726
1750065034.5539246	79	3798	4736
1750065039.5681708	79	3808	4745
1750065044.5828493	79	3815	4762
1750065049.599683	79	3824	4776
1750065054.614013	79	3832	4787
1750065059.6281433	79	3839	4795
1750065064.6432023	79	3845	4808
1750065069.6577106	79	3851	4822
1750065074.6725655	79	3862	4832
1750065079.6878161	79	3871	4843
1750065084.7024786	79	3882	4852
1750065089.7166705	79	3890	4863
1750065094.7309773	79	3903	4875
1750065099.7445319	79	3912	4886
1750065104.766937	79	3918	4896
1750065109.7812865	79	3926	4909
1750065114.7956636	79	3931	4915
1750065119.8105454	80	3940	4931
1750065124.82477	80	3946	4943
1750065129.8393962	80	3951	4952
1750065134.8544374	80	3964	4961
1750065139.86901	80	3974	4975
1750065144.8838134	80	3981	4986
1750065149.8982904	81	3989	4994
1750065154.913998	81	3992	5004
1750065159.93591	81	4000	5021
1750065164.9542844	82	4011	5032
1750065169.9704266	82	4020	5042
1750065174.9837117	82	4026	5056
1750065179.9985013	82	4035	5069
1750065185.0173752	83	4048	5078
1750065190.0322223	83	4057	5089
1750065195.047141	83	4064	5104
1750065200.0607278	83	4070	5110
1750065205.0763662	83	4075	5126
1750065210.0905147	83	4085	5133
1750065215.1047342	83	4089	5145
1750065220.1264215	84	4099	5153
1750065225.1407824	84	4111	5162
1750065230.1550193	84	4115	5169
1750065235.1695054	84	4123	5173
1750065240.1839702	84	4127	5182
1750065245.1982627	84	4134	5198
1750065250.2112422	84	4142	5211
1750065255.2255483	84	4155	5226
1750065260.2402763	84	4160	5235
1750065265.2547998	84	4166	5255
1750065270.2702384	84	4178	5267
1750065275.2843451	84	4190	5276
1750065280.297569	84	4200	5286
1750065285.3122299	84	4205	5299
1750065290.326098	85	4217	5311
1750065295.3395748	85	4228	5316
1750065300.3536263	86	4236	5327
1750065305.3675396	86	4246	5341
1750065310.3823078	86	4254	5353
1750065315.3968356	87	4262	5361
1750065320.4105127	88	4273	5371
1750065325.426036	88	4280	5384
1750065330.4407034	88	4287	5393
1750065335.4576097	88	4294	5405
1750065340.4719691	88	4302	5421
1750065345.4859724	88	4311	5432
1750065350.4995391	88	4319	5442
1750065355.5120041	88	4325	5452
1750065360.5294573	88	4334	5464
1750065365.544535	88	4344	5471
1750065370.5593114	88	4352	5476
1750065375.5729697	88	4361	5485
1750065380.587097	88	4369	5501
1750065385.600432	89	4376	5518
1750065390.6150172	89	4383	5523
1750065395.6295834	89	4392	5539
1750065400.6520457	90	4401	5549
1750065405.6667018	90	4407	5557
1750065410.6824496	90	4423	5569
1750065415.695232	90	4429	5582
1750065420.7095976	90	4438	5593
1750065425.724117	90	4443	5603
1750065430.7387438	90	4451	5617
1750065435.7531846	91	4457	5624
1750065440.7671018	91	4461	5640
1750065445.781003	91	4468	5656
1750065450.7953024	91	4481	5669
1750065455.8137543	91	4496	5675
1750065460.8280177	91	4505	5681
1750065465.8412025	91	4511	5693
1750065470.8559427	92	4517	5708
1750065475.870296	94	4531	5721
1750065480.885429	94	4543	5737
1750065485.906084	95	4552	5742
1750065490.9199069	96	4560	5758
1750065495.9351676	97	4574	5773
1750065500.9492264	97	4581	5787
1750065505.964333	98	4591	5798
1750065510.9793987	98	4599	5812
1750065515.9936028	98	4605	5822
1750065521.0117989	100	4612	5832
1750065526.026426	100	4624	5838
1750065531.0423603	100	4628	5847
1750065536.0570035	100	4635	5854
1750065541.0718327	100	4642	5862
1750065546.086214	100	4647	5871
1750065551.1078658	100	4657	5879
1750065556.1229284	100	4664	5893
1750065561.142328	100	4672	5906
1750065566.157131	100	4678	5917
1750065571.1727188	100	4691	5926
1750065576.1882484	100	4698	5937
1750065581.2068827	101	4708	5951
1750065586.2264278	101	4716	5963
1750065591.2410216	102	4727	5973
1750065596.2546818	102	4731	5980
1750065601.2694786	102	4744	5993
1750065606.2842796	102	4750	6003
1750065611.299432	102	4761	6012
1750065616.3154893	102	4774	6023
1750065621.3305562	102	4781	6029
1750065626.3451667	102	4787	6037
1750065631.3598359	102	4796	6046
1750065636.3761299	103	4805	6051
1750065641.3914566	103	4815	6061
1750065646.4072876	103	4825	6066
1750065651.4214985	103	4838	6081
1750065656.4366603	103	4846	6087
1750065661.4525938	104	4851	6101
1750065666.4716892	105	4858	6113
1750065671.4862475	105	4865	6129
1750065676.4999378	105	4874	6141
1750065681.5154574	105	4882	6147
1750065686.5298026	105	4889	6154
1750065691.5456688	105	4894	6162
1750065696.55995	105	4900	6176
1750065701.57834	105	4907	6187
1750065706.593955	106	4917	6195
1750065711.6094372	106	4924	6206
1750065716.6242638	106	4935	6211
1750065721.6392467	107	4941	6222
1750065726.6538742	107	4954	6232
1750065731.6694605	107	4962	6244
1750065736.684883	107	4970	6254
1750065741.699799	108	4983	6265
1750065746.7156405	108	4990	6275
1750065751.7318647	108	4999	6284
1750065756.7475088	108	5008	6290
1750065761.7630222	108	5016	6306
1750065766.778002	109	5024	6321
1750065771.7935464	109	5033	6326
1750065776.80816	109	5040	6340
1750065781.8239954	109	5047	6344
1750065786.8391094	110	5060	6353
1750065791.8545756	111	5066	6364
1750065796.8706574	111	5075	6371
1750065801.885196	111	5085	6384
1750065806.9009955	111	5092	6388
1750065811.9168723	111	5095	6396
1750065816.9321518	111	5104	6403
1750065821.947663	111	5111	6414
1750065826.9646595	111	5120	6424
1750065831.980274	113	5129	6433
1750065837.0039456	113	5141	6446
1750065842.019611	113	5146	6452
1750065847.0375743	113	5153	6464
1750065852.052171	114	5163	6473
1750065857.06756	114	5171	6492
1750065862.0834947	114	5177	6501
1750065867.099319	114	5187	6506
1750065872.115014	114	5193	6518
1750065877.1301477	115	5202	6530
1750065882.1458104	115	5212	6540
1750065887.160942	116	5222	6555
1750065892.1822858	116	5235	6562
1750065897.1975582	116	5243	6570
1750065902.2125957	116	5250	6581
1750065907.2274256	116	5257	6592
1750065912.2432492	116	5260	6600
1750065917.2574728	116	5262	6609
1750065922.2741325	116	5267	6618
1750065927.2888072	116	5279	6624
1750065932.3044312	116	5293	6638
1750065937.3197184	116	5302	6653
1750065942.3330483	117	5309	6669
1750065947.3474276	117	5314	6677
1750065952.363284	117	5319	6685
1750065957.3846035	117	5324	6693
1750065962.3988924	117	5334	6707
1750065967.4132094	118	5343	6717
1750065972.4282584	118	5347	6729
1750065977.4432244	119	5355	6738
1750065982.4591677	119	5367	6748
1750065987.4754128	119	5376	6759
1750065992.4908364	119	5381	6770
1750065997.5063586	119	5391	6784
1750066002.5218177	120	5408	6795
1750066007.5370579	120	5416	6812
1750066012.5518475	120	5427	6824
1750066017.5677164	120	5433	6833
1750066022.58208	120	5438	6849
1750066027.5963647	120	5452	6857
1750066032.6109247	120	5466	6864
1750066037.6254516	120	5479	6872
1750066042.640147	120	5483	6881
1750066047.6553018	120	5488	6889
1750066052.670983	120	5495	6898
1750066057.6870751	120	5503	6909
1750066062.7027166	120	5507	6918
1750066067.7179115	120	5515	6928
1750066072.7334576	120	5523	6940
1750066077.7481985	120	5528	6949
1750066082.7636933	120	5537	6961
1750066087.7786798	120	5545	6972
1750066092.7943254	120	5554	6986
1750066097.8099585	120	5560	6998
1750066102.8259625	120	5568	7009
1750066107.8413646	122	5575	7020
1750066112.8569448	123	5581	7028
1750066117.8727	123	5586	7038
1750066122.8886213	123	5591	7050
1750066127.9086928	124	5598	7059
1750066132.9240804	124	5610	7076
1750066137.9391365	124	5615	7082
1750066142.95384	125	5623	7093
1750066147.9692924	125	5633	7105
1750066152.985175	125	5645	7118
1750066157.999221	125	5653	7129
1750066163.014168	125	5659	7136
1750066168.0304267	125	5667	7148
1750066173.0468392	126	5673	7157
1750066178.0630634	126	5680	7167
1750066183.0780575	126	5687	7177
1750066188.091923	127	5699	7185
1750066193.1066096	128	5711	7195
1750066198.1217403	128	5721	7210
1750066203.1370056	128	5726	7215
1750066208.1516106	129	5735	7220
1750066213.1707678	129	5746	7226
1750066218.1852195	130	5753	7237
1750066223.2015653	130	5767	7246
1750066228.2179744	131	5770	7255
1750066233.235198	131	5782	7265
1750066238.2499816	131	5790	7276
1750066243.265116	131	5797	7285
1750066248.2833145	131	5802	7299
1750066253.2990658	131	5806	7313
1750066258.3136516	133	5814	7325
1750066263.3292265	133	5818	7334
1750066268.3447778	133	5823	7349
1750066273.3602295	133	5836	7363
1750066278.384135	133	5839	7372
1750066283.3994272	133	5849	7383
1750066288.4194117	133	5854	7393
1750066293.4344292	133	5862	7402
1750066298.4492083	133	5877	7417
1750066303.4652278	133	5883	7426
1750066308.4823685	133	5887	7439
1750066313.5011444	133	5891	7451
1750066318.5162094	133	5899	7466
1750066323.5308497	133	5911	7479
1750066328.5450897	134	5917	7494
1750066333.560865	134	5926	7511
1750066338.576627	134	5930	7523
1750066343.5931134	135	5949	7532
1750066348.6067398	135	5961	7542
1750066353.6221895	135	5965	7549
1750066358.6370883	135	5971	7554
1750066363.6527128	135	5982	7567
1750066368.669636	135	5990	7578
1750066373.684618	135	5995	7590
1750066378.6985066	135	6000	7596
1750066383.7146084	135	6005	7606
1750066388.7292964	135	6012	7620
1750066393.7444086	135	6020	7635
1750066398.7583687	135	6033	7638
1750066403.772883	135	6040	7655
1750066408.788316	135	6046	7664
1750066413.8034842	135	6053	7679
1750066418.8186347	135	6064	7690
1750066423.839183	135	6068	7702
1750066428.8545618	135	6078	7714
1750066433.8725727	136	6092	7725
1750066438.8888621	136	6097	7739
1750066443.9044647	136	6106	7753
1750066448.920042	136	6117	7770
1750066453.9362574	136	6126	7781
1750066458.9522896	137	6139	7792
1750066463.9661152	137	6145	7801
1750066468.9813	137	6158	7812
1750066473.9953048	138	6166	7830
1750066479.0104692	139	6180	7842
1750066484.0256965	139	6187	7855
1750066489.046234	139	6199	7865
1750066494.061841	139	6205	7874
1750066499.080578	139	6213	7886
1750066504.0954485	139	6214	7895
1750066509.1150725	139	6218	7907
1750066514.1298091	139	6230	7914
1750066519.1441536	140	6238	7927
1750066524.1590974	140	6245	7934
1750066529.1743987	140	6249	7946
1750066534.1898818	140	6254	7956
1750066539.2057114	140	6258	7965
1750066544.2208447	141	6267	7970
1750066549.235731	141	6272	7983
1750066554.2514563	141	6284	7994
1750066559.2669182	141	6289	8001
1750066564.282653	141	6299	8013
1750066569.29744	141	6309	8020
1750066574.3128557	141	6319	8034
1750066579.3287632	141	6324	8043
1750066584.3440843	141	6329	8048
1750066589.358192	141	6337	8052
1750066594.3728943	141	6344	8061
1750066599.3880222	141	6351	8077
1750066604.4057827	141	6360	8087
1750066609.4212692	141	6370	8094
1750066614.4372077	141	6378	8101
1750066619.452163	141	6389	8114
1750066624.4662423	141	6398	8127
1750066629.482801	141	6405	8143
1750066634.4986947	141	6413	8153
1750066639.5141048	141	6419	8160
1750066644.5290546	142	6426	8179
1750066649.5429158	142	6435	8187
1750066654.557141	142	6447	8199
1750066659.5726476	143	6457	8210
1750066664.5873902	145	6464	8220
1750066669.6029055	145	6475	8230
1750066674.6168723	145	6485	8237
1750066679.6325147	145	6491	8252
1750066684.6478572	145	6497	8262
1750066689.6632824	145	6502	8272
1750066694.6796422	145	6512	8282
1750066699.6946094	145	6522	8295
1750066704.7166436	145	6529	8307
1750066709.7318382	145	6533	8317
1750066714.747388	145	6542	8327
1750066719.7633338	145	6549	8339
1750066724.777506	145	6557	8347
1750066729.7930133	146	6562	8355
1750066734.8090243	146	6575	8360
1750066739.8240116	146	6587	8373
1750066744.845956	146	6595	8384
1750066749.8656363	146	6606	8407
1750066754.8806252	146	6615	8416
1750066759.8962772	146	6623	8425
1750066764.9114635	146	6629	8440
1750066769.9276779	147	6643	8448
1750066774.9441195	147	6653	8461
1750066779.9654186	148	6663	8473
1750066784.980768	148	6667	8483
1750066790.0011282	148	6677	8497
1750066795.0157032	148	6686	8506
1750066800.0343368	148	6698	8513
1750066805.0497124	149	6703	8522
1750066810.0651164	149	6714	8530
1750066815.0800862	149	6718	8545
1750066820.0957854	149	6726	8557
1750066825.1102247	149	6735	8566
1750066830.1245806	149	6743	8578
1750066835.140044	149	6747	8590
1750066840.158733	150	6756	8596
1750066845.1743052	150	6770	8612
1750066850.1899104	150	6782	8623
1750066855.2051795	151	6796	8646
1750066860.2186356	151	6807	8659
1750066865.2345738	151	6818	8670
1750066870.251155	151	6823	8680
1750066875.2654927	151	6831	8696
1750066880.2810476	151	6841	8711
1750066885.29635	151	6855	8718
1750066890.3146942	151	6865	8728
1750066895.3366215	151	6874	8739
1750066900.3529565	151	6883	8751
1750066905.3685074	151	6889	8759
1750066910.3839726	151	6890	8768
1750066915.3986614	151	6894	8776
1750066920.4139905	151	6903	8786
1750066925.4296796	152	6911	8797
1750066930.4458597	152	6921	8808
1750066935.4618251	152	6933	8819
1750066940.4761717	152	6940	8834
1750066945.491273	152	6945	8845
1750066950.505574	152	6953	8854
1750066955.5213048	152	6958	8868
1750066960.5378976	152	6963	8878
1750066965.5527518	152	6973	8890
1750066970.5743012	152	6978	8898
1750066975.5967429	152	6984	8911
1750066980.612883	152	6995	8924
1750066985.6292942	152	7003	8936
1750066990.6443005	152	7014	8947
1750066995.6596348	152	7022	8958
1750067000.6756809	152	7027	8969
1750067005.6985948	152	7031	8976
1750067010.714186	152	7038	8992
1750067015.7325392	152	7047	9002
1750067020.7481728	152	7054	9010
1750067025.7635436	152	7061	9022
1750067030.7787325	152	7069	9031
1750067035.7982984	152	7082	9039
1750067040.8202887	152	7090	9045
1750067045.83632	152	7097	9055
1750067050.8519764	152	7106	9060
1750067055.8678074	152	7116	9072
1750067060.883854	152	7130	9086
1750067065.8997693	153	7138	9097
1750067070.915974	153	7146	9115
1750067075.9315054	153	7155	9121
1750067080.9522927	153	7162	9137
1750067085.9678185	153	7168	9143
1750067090.9861073	153	7170	9157
1750067096.0010464	153	7176	9172
1750067101.0151215	153	7181	9176
1750067106.0352187	153	7195	9187
1750067111.050425	154	7202	9199
1750067116.0659494	154	7207	9216
1750067121.0809555	154	7216	9226
1750067126.0960124	154	7227	9238
1750067131.1165557	154	7237	9245
1750067136.1306267	154	7244	9253
1750067141.1448598	155	7253	9265
1750067146.158245	155	7262	9281
1750067151.17277	155	7269	9288
1750067156.1863651	155	7276	9294
1750067161.2063506	155	7279	9303
1750067166.221588	155	7287	9315
1750067171.2375882	155	7297	9323
1750067176.2522657	155	7308	9330
1750067181.268097	155	7319	9344
1750067186.283051	155	7333	9354
1750067191.3072376	155	7345	9372
1750067196.3223865	155	7355	9382
1750067201.3376658	155	7362	9396
1750067206.3544152	155	7369	9402
1750067211.372213	155	7373	9407
1750067216.3880346	155	7382	9422
1750067221.4040558	156	7393	9437
1750067226.4202168	156	7397	9448
1750067231.4357276	156	7405	9457
1750067236.451995	156	7410	9466
1750067241.4676783	156	7416	9477
1750067246.4835496	156	7424	9499
1750067251.4977863	156	7434	9509
1750067256.5136666	156	7441	9528
1750067261.5330548	156	7450	9543
1750067266.5529382	157	7458	9554
1750067271.568814	157	7468	9568
1750067276.582458	157	7477	9576
1750067281.5979774	157	7486	9587
1750067286.6137178	157	7494	9595
1750067291.6295877	157	7501	9606
1750067296.652528	157	7510	9620
1750067301.6663218	158	7521	9634
1750067306.6872234	158	7530	9643
1750067311.7020671	159	7536	9653
1750067316.716276	159	7542	9667
1750067321.7324727	159	7551	9671
1750067326.7461598	159	7562	9683
1750067331.766904	159	7573	9690
1750067336.781093	160	7578	9700
1750067341.7969236	160	7586	9707
1750067346.8129873	160	7594	9718
1750067351.8274007	160	7607	9731
1750067356.8434696	161	7615	9745
1750067361.8610122	161	7621	9753
1750067366.8767545	161	7627	9764
1750067371.8925781	161	7634	9771
1750067376.9063995	161	7641	9784
1750067381.9252121	161	7647	9798
1750067386.9397233	161	7655	9817
1750067391.9556382	161	7669	9822
1750067396.9690347	163	7674	9841
1750067401.9843974	163	7682	9856
1750067407.0001366	163	7697	9878
1750067412.0162394	163	7706	9892
1750067417.0305603	163	7711	9900
1750067422.0449145	163	7721	9909
1750067427.0629168	163	7727	9921
1750067432.0771408	163	7735	9933
1750067437.0929077	163	7742	9946
1750067442.1088326	163	7748	9955
1750067447.1253383	163	7754	9967
1750067452.1405892	163	7764	9973
1750067457.1600537	163	7773	9985
1750067462.1758316	163	7780	9999
1750067467.1933637	163	7793	10010
1750067472.2093308	163	7797	10019
1750067477.2245202	163	7801	10029
1750067482.240685	164	7809	10039
1750067487.2565136	164	7816	10052
1750067492.279243	164	7824	10068
1750067497.2957976	164	7839	10080
1750067502.3198035	164	7848	10087
1750067507.3364263	164	7860	10102
1750067512.3524647	165	7869	10110
1750067517.368836	165	7875	10121
1750067522.3857076	165	7883	10131
1750067527.4010036	165	7889	10138
1750067532.4152725	165	7895	10150
1750067537.430346	165	7902	10163
1750067542.4457543	165	7912	10182
1750067547.4615474	165	7922	10190
1750067552.4776523	165	7931	10207
1750067557.4979832	165	7946	10220
1750067562.512339	165	7957	10229
1750067567.5270877	166	7962	10246
1750067572.5423293	167	7971	10260
1750067577.5573497	167	7981	10269
1750067582.5726423	167	7993	10284
1750067587.5957737	167	7998	10290
1750067592.61136	167	8010	10298
1750067597.6267676	167	8014	10307
1750067602.6419883	167	8018	10317
1750067607.6575162	167	8028	10330
1750067612.6722336	167	8033	10347
1750067617.687804	168	8039	10355
1750067622.7055862	168	8051	10366
1750067627.7217896	168	8064	10372
1750067632.7374554	168	8073	10385
1750067637.7533271	168	8087	10396
1750067642.7752547	168	8093	10405
1750067647.791415	168	8097	10414
1750067652.8077984	168	8107	10430
1750067657.8233044	169	8118	10442
1750067662.8401191	169	8125	10451
1750067667.8547437	169	8135	10457
1750067672.871271	169	8144	10469
1750067677.895918	169	8149	10480
1750067682.9114568	169	8159	10489
1750067687.9265792	171	8170	10503
1750067692.9428487	171	8178	10512
1750067697.9586468	171	8185	10519
1750067702.9801855	171	8198	10527
1750067707.9953005	171	8207	10534
1750067713.0114698	171	8210	10546
1750067718.0278952	171	8215	10555
1750067723.0473614	171	8226	10567
1750067728.0612915	171	8237	10582
1750067733.0764914	171	8247	10598
1750067738.0923028	171	8254	10605
1750067743.10642	172	8263	10617
1750067748.121673	172	8268	10627
1750067753.1368768	172	8272	10633
1750067758.153097	172	8282	10647
1750067763.169749	173	8292	10659
1750067768.1868489	173	8299	10667
1750067773.201695	173	8310	10679
1750067778.2169006	173	8322	10691
1750067783.2328885	173	8327	10702
1750067788.2491186	173	8331	10710
1750067793.2663333	173	8343	10727
1750067798.2840335	174	8350	10738
1750067803.2987716	174	8358	10751
1750067808.316191	174	8368	10758
1750067813.3319316	175	8372	10765
1750067818.3477168	175	8387	10772
1750067823.363808	175	8394	10785
1750067828.3835268	175	8398	10801
1750067833.4042082	175	8405	10811
1750067838.4205256	175	8416	10825
1750067843.4371152	175	8429	10833
1750067848.4540162	175	8436	10845
1750067853.4690065	175	8447	10854
1750067858.484889	175	8454	10862
1750067863.5008838	175	8464	10876
1750067868.5161858	175	8470	10885
1750067873.5322485	175	8481	10895
1750067878.5484912	176	8497	10904
1750067883.56484	176	8506	10913
1750067888.5800955	176	8517	10917
1750067893.5945745	176	8523	10925
1750067898.6105146	177	8532	10934
1750067903.6261272	177	8542	10949
1750067908.6420283	177	8543	10954
1750067913.6581092	177	8545	10964
1750067918.6746435	177	8553	10975
1750067923.6909332	177	8557	10989
1750067928.7065625	177	8562	10999
1750067933.7214122	179	8574	11012
1750067938.7368202	179	8583	11021
1750067943.757909	179	8586	11029
1750067948.7726772	180	8594	11045
1750067953.7916245	180	8602	11047
1750067958.806128	180	8610	11065
1750067963.8220553	180	8614	11076
1750067968.8377714	180	8623	11087
1750067973.8534985	181	8631	11097
1750067978.8735867	181	8639	11107
1750067983.8892286	181	8650	11120
1750067988.9040663	181	8660	11134
1750067993.9198253	181	8671	11148
1750067998.9356441	181	8678	11165
1750068003.9521623	181	8684	11172
1750068008.971916	181	8697	11183
1750068013.987853	182	8714	11193
1750068019.0066862	182	8722	11198
1750068024.022415	183	8733	11211
1750068029.0423717	184	8745	11224
1750068034.0577977	184	8753	11235
1750068039.0741563	184	8767	11246
1750068044.0898957	184	8775	11258
1750068049.1052265	184	8782	11270
1750068054.1213655	184	8789	11275
1750068059.1372304	184	8800	11287
1750068064.1534908	186	8815	11297
1750068069.1694808	186	8824	11305
1750068074.1904335	187	8834	11319
1750068079.2056413	187	8841	11336
1750068084.2295206	187	8852	11349
1750068089.2457623	189	8864	11364
1750068094.2629633	189	8870	11379
1750068099.279278	189	8873	11386
1750068104.2952497	189	8881	11402
1750068109.3102796	190	8889	11413
1750068114.3247962	191	8904	11426
1750068119.3403654	191	8915	11438
1750068124.3567426	191	8927	11448
1750068129.3728604	191	8938	11453
1750068134.3872595	191	8942	11459
1750068139.4087608	191	8947	11473
1750068144.4241905	191	8957	11486
1750068149.4408715	191	8961	11499
1750068154.4565206	191	8973	11517
1750068159.4727871	191	8981	11526
1750068164.4887733	192	8991	11538
1750068169.5031862	192	8997	11548
1750068174.5229092	192	9009	11558
1750068179.5380166	192	9022	11573
1750068184.553642	192	9036	11580
1750068189.5699492	192	9042	11589
1750068194.5866444	193	9050	11600
1750068199.6040843	193	9060	11613
1750068204.62068	193	9071	11619
1750068209.637254	193	9076	11633
1750068214.6524215	193	9087	11645
1750068219.67113	193	9094	11656
1750068224.6881754	193	9097	11670
1750068229.7075617	193	9100	11685
1750068234.7230864	193	9102	11700
1750068239.740352	193	9106	11711
1750068244.7566218	193	9119	11721
1750068249.773734	193	9124	11731
1750068254.7891297	193	9127	11742
1750068259.8048074	193	9135	11752
1750068264.8219385	193	9138	11767
1750068269.8366022	193	9148	11776
1750068274.8521073	193	9151	11784
1750068279.8684769	193	9157	11795
1750068284.887188	193	9165	11808
1750068289.9037645	194	9170	11818
1750068294.919999	194	9180	11831
1750068299.936686	194	9195	11847
1750068304.9525733	194	9200	11854
1750068309.9683483	195	9212	11864
1750068314.9874766	196	9223	11873
1750068320.003583	196	9229	11881
1750068325.018509	196	9233	11884
1750068330.0341413	196	9245	11892
1750068335.04982	196	9253	11902
1750068340.0655053	196	9265	11917
1750068345.0830796	196	9275	11924
1750068350.10404	197	9282	11933
1750068355.119541	197	9291	11941
1750068360.1342766	197	9301	11954
1750068365.1496189	197	9314	11963
1750068370.1657975	197	9321	11973
1750068375.181758	197	9328	11982
1750068380.197628	197	9331	11990
1750068385.2134418	197	9339	12005
1750068390.228381	197	9348	12017
1750068395.2436283	197	9356	12029
1750068400.258621	197	9364	12042
1750068405.274114	198	9371	12054
1750068410.2893655	198	9378	12061
1750068415.303301	199	9387	12075
1750068420.3188367	199	9394	12085
1750068425.3348126	199	9401	12095
1750068430.3502848	199	9413	12107
1750068435.3662982	199	9420	12118
1750068440.3895528	199	9430	12132
1750068445.4055758	199	9438	12145
1750068450.422914	199	9445	12153
1750068455.4385524	199	9452	12166
1750068460.4551964	199	9464	12180
1750068465.471211	200	9472	12197
1750068470.4873261	201	9478	12211
1750068475.503035	202	9489	12219
1750068480.5191708	202	9499	12227
1750068485.5357924	202	9506	12242
1750068490.5515065	203	9515	12250
1750068495.5674386	203	9523	12258
1750068500.5838811	203	9533	12268
1750068505.608138	203	9542	12280
1750068510.6225095	203	9553	12291
1750068515.640947	203	9559	12306
1750068520.6573286	203	9566	12316
1750068525.6733804	203	9575	12327
1750068530.687646	203	9580	12341
1750068535.703103	203	9588	12357
1750068540.718877	203	9593	12369
1750068545.734353	203	9600	12385
1750068550.7514622	203	9608	12399
1750068555.7692242	203	9617	12414
1750068560.788868	203	9629	12423
1750068565.8045647	203	9638	12432
1750068570.8206577	204	9646	12441
1750068575.836646	204	9654	12447
1750068580.8516247	205	9663	12456
1750068585.867355	206	9671	12472
1750068590.8847582	206	9678	12482
1750068595.8997242	206	9682	12497
1750068600.9196548	206	9689	12501
1750068605.9355915	206	9698	12514
1750068610.9512377	206	9705	12521
1750068615.9672134	206	9711	12528
1750068620.98367	206	9717	12537
1750068625.9994414	207	9732	12552
1750068631.0149412	207	9743	12562
1750068636.0316908	207	9752	12571
1750068641.0475395	207	9763	12586
1750068646.0694878	207	9773	12598
1750068651.0860057	207	9779	12611
1750068656.1032734	207	9785	12627
1750068661.1194856	207	9792	12635
1750068666.134177	208	9803	12653
1750068671.1481602	208	9815	12671
1750068676.1630883	209	9826	12678
1750068681.1793556	209	9836	12686
1750068686.1951263	209	9839	12694
1750068691.2103274	210	9848	12704
1750068696.226799	210	9858	12717
1750068701.243158	210	9867	12729
1750068706.2593815	210	9877	12742
1750068711.2804904	211	9884	12754
1750068716.2957304	211	9889	12765
1750068721.3114095	212	9896	12779
1750068726.3272018	212	9904	12792
1750068731.3427792	212	9916	12801
1750068736.3588705	212	9928	12807
1750068741.3756418	212	9937	12821
1750068746.391843	212	9951	12828
1750068751.4082205	212	9958	12835
1750068756.4248412	212	9965	12846
1750068761.4406824	212	9968	12863
1750068766.4561565	212	9973	12876
1750068771.4723084	212	9981	12883
1750068776.4885702	212	9986	12895
1750068781.5042403	212	9998	12910
1750068786.5219407	212	10000	12926
1750068791.5378954	213	10016	12937
1750068796.558491	213	10023	12944
1750068801.5745723	213	10031	12956
1750068806.5917535	213	10038	12963
1750068811.609276	213	10050	12975
1750068816.6264198	213	10061	12985
1750068821.6428244	213	10067	13002
1750068826.659158	213	10076	13019
1750068831.6745396	214	10086	13026
1750068836.690588	214	10090	13038
1750068841.7055585	214	10094	13046
1750068846.7214584	214	10100	13055
1750068851.7383745	215	10106	13070
1750068856.7543268	215	10113	13083
1750068861.771261	215	10121	13092
1750068866.7866917	215	10129	13102
1750068871.8035712	217	10141	13111
1750068876.821084	217	10150	13131
1750068881.8395152	217	10159	13142
1750068886.8551085	217	10168	13156
1750068891.8759406	218	10179	13163
1750068896.8906744	218	10183	13174
1750068901.9067807	218	10193	13183
1750068906.9235556	218	10202	13199
1750068911.9414039	218	10207	13212
1750068916.9640465	218	10210	13221
1750068921.9797807	218	10219	13235
1750068926.9961233	218	10227	13243
1750068932.012356	218	10240	13255
1750068937.0276341	218	10254	13265
1750068942.0433707	219	10264	13279
1750068947.0591753	219	10270	13290
1750068952.0757415	219	10279	13302
1750068957.092785	219	10289	13317
1750068962.1099942	219	10295	13331
1750068967.1273754	219	10310	13337
1750068972.143274	219	10315	13351
1750068977.1601813	220	10324	13360
1750068982.177891	220	10335	13373
1750068987.1956291	220	10347	13385
1750068992.212023	221	10351	13395
1750068997.228226	222	10357	13411
1750069002.2438784	222	10365	13421
1750069007.2605488	222	10377	13427
1750069012.2767506	222	10386	13444
1750069017.2915812	222	10393	13458
1750069022.308961	222	10397	13468
1750069027.324981	222	10411	13484
1750069032.3418486	222	10420	13492
1750069037.3585663	222	10425	13502
1750069042.3744657	223	10430	13512
1750069047.3906806	223	10436	13526
1750069052.4104097	223	10446	13533
1750069057.4262443	223	10452	13546
1750069062.4415805	223	10454	13557
1750069067.4584172	223	10459	13572
1750069072.4743278	225	10467	13589
1750069077.4968567	225	10474	13604
1750069082.5125022	226	10485	13612
1750069087.5354235	226	10494	13621
1750069092.5516787	226	10501	13631
1750069097.5690882	226	10514	13642
1750069102.5844371	226	10527	13648
1750069107.602451	226	10535	13653
1750069112.6177397	227	10546	13668
1750069117.6331148	228	10555	13683
1750069122.6486707	228	10563	13695
1750069127.665274	228	10570	13706
1750069132.6810315	228	10577	13715
1750069137.6968498	228	10586	13725
1750069142.7167258	229	10596	13738
1750069147.7319877	230	10606	13750
1750069152.7480333	230	10612	13757
1750069157.7642443	231	10623	13771
1750069162.7814581	231	10633	13780
1750069167.7968965	231	10641	13790
1750069172.8175282	231	10646	13801
1750069177.8322928	231	10657	13812
1750069182.8521268	231	10661	13820
1750069187.8680623	231	10669	13830
1750069192.8830614	231	10682	13844
1750069197.898673	231	10685	13853
1750069202.9189506	232	10697	13863
1750069207.9374943	232	10704	13872
1750069212.954307	232	10711	13884
1750069217.9700508	232	10722	13897
1750069222.9868534	232	10729	13905
1750069228.0038593	232	10737	13916
1750069233.020858	233	10745	13928
1750069238.0395968	233	10754	13938
1750069243.056792	233	10767	13948
1750069248.07721	233	10776	13957
1750069253.0924797	233	10788	13972
1750069258.1087663	233	10796	13985
1750069263.1255968	236	10809	13997
1750069268.1505353	236	10817	14003
1750069273.1691766	236	10827	14020
1750069278.184904	236	10832	14032
1750069283.2018695	236	10844	14037
1750069288.2184398	236	10855	14041
1750069293.2330997	236	10861	14046
1750069298.2515402	236	10871	14056
1750069303.2665148	236	10880	14064
1750069308.2826905	236	10893	14071
1750069313.296992	236	10898	14078
1750069318.3126738	236	10907	14087
1750069323.3295286	236	10915	14103
1750069328.346071	236	10925	14116
1750069333.3615012	236	10935	14123
1750069338.3766966	237	10941	14132
1750069343.392282	237	10951	14150
1750069348.4098358	237	10955	14165
1750069353.4265654	238	10962	14177
1750069358.4428887	238	10970	14186
1750069363.4589503	238	10981	14201
1750069368.4750896	238	10990	14209
1750069373.4990537	238	10998	14222
1750069378.513605	238	11007	14236
1750069383.5293138	238	11014	14244
1750069388.5451276	239	11025	14259
1750069393.5611217	239	11029	14274
1750069398.5770133	239	11038	14285
1750069403.5918536	239	11046	14297
1750069408.6077719	239	11054	14309
1750069413.6241438	240	11066	14327
1750069418.6400099	241	11078	14336
1750069423.6562603	241	11086	14347
1750069428.6712098	241	11094	14360
1750069433.6879559	241	11103	14370
1750069438.7128057	241	11114	14384
1750069443.7296257	241	11123	14396
1750069448.7466536	241	11132	14401
1750069453.7615786	241	11137	14407
1750069458.777787	241	11145	14424
1750069463.7940505	241	11153	14438
1750069468.8103917	241	11161	14448
1750069473.8273435	241	11170	14464
1750069478.8430882	241	11177	14474
1750069483.8592803	242	11182	14487
1750069488.876196	242	11187	14496
1750069493.8932202	243	11198	14506
1750069498.9097447	243	11204	14514
1750069503.9258153	245	11217	14528
1750069508.9430406	245	11224	14538
1750069513.9592862	245	11241	14551
1750069518.9758377	245	11251	14568
1750069523.9966097	245	11259	14579
1750069529.0122628	245	11269	14588
1750069534.030191	245	11280	14595
1750069539.0474665	245	11289	14609
1750069544.0639062	245	11302	14617
1750069549.0798993	245	11304	14624
1750069554.0957868	245	11312	14642
1750069559.1126757	245	11322	14647
1750069564.1287818	245	11330	14660
1750069569.144705	245	11341	14676
1750069574.1600223	245	11347	14681
1750069579.1758666	245	11354	14692
1750069584.1929786	246	11361	14706
1750069589.2177396	246	11373	14717
1750069594.2334988	246	11384	14731
1750069599.2510877	246	11392	14738
1750069604.266166	247	11398	14755
1750069609.2816386	247	11415	14767
1750069614.2969723	247	11422	14779
1750069619.3129413	247	11430	14789
1750069624.3294532	247	11435	14795
1750069629.3445764	247	11441	14807
1750069634.361313	247	11447	14812
1750069639.3772259	247	11455	14828
1750069644.3929105	247	11469	14846
1750069649.40979	247	11480	14852
1750069654.434098	247	11490	14860
1750069659.4511523	247	11496	14872
1750069664.4683547	247	11501	14881
1750069669.4842136	247	11508	14887
1750069674.5004597	247	11518	14898
1750069679.516704	247	11532	14908
1750069684.5320528	247	11539	14923
1750069689.5485249	247	11552	14935
1750069694.5644305	247	11562	14947
1750069699.5815716	247	11567	14955
1750069704.597856	247	11573	14960
1750069709.616597	247	11578	14965
1750069714.633114	247	11584	14972
1750069719.6489367	247	11593	14983
1750069724.6663299	247	11600	14997
1750069729.6871932	247	11607	15007
1750069734.7026536	247	11610	15015
1750069739.7194858	247	11619	15029
1750069744.7357051	247	11624	15035
1750069749.7522464	247	11634	15043
1750069754.769505	247	11644	15054
1750069759.7854652	248	11655	15063
1750069764.801343	248	11661	15078
1750069769.8189259	248	11670	15090
1750069774.8353684	248	11678	15104
1750069779.8522167	248	11685	15116
1750069784.8683252	248	11697	15125
1750069789.8842835	248	11709	15137
1750069794.9035766	249	11715	15151
1750069799.9196737	249	11725	15161
1750069804.9354172	249	11732	15170
1750069809.9521353	249	11740	15185
1750069814.9680457	249	11743	15200
1750069819.9860213	249	11749	15210
1750069825.0026443	249	11757	15217
1750069830.0191422	249	11765	15229
1750069835.035378	249	11775	15236
1750069840.052223	250	11782	15249
1750069845.0696926	250	11786	15261
1750069850.0863936	250	11796	15271
1750069855.1023908	250	11806	15286
1750069860.1231103	250	11822	15296
1750069865.1375372	252	11831	15308
1750069870.1532772	252	11837	15315
1750069875.169984	252	11843	15332
1750069880.1862195	253	11849	15339
1750069885.2028017	254	11860	15354
1750069890.21868	255	11866	15367
1750069895.2356224	255	11872	15378
1750069900.2530112	256	11886	15394
1750069905.269262	256	11897	15403
1750069910.2866683	256	11908	15413
1750069915.3104253	257	11919	15427
1750069920.3296306	257	11930	15442
1750069925.3457394	257	11937	15453
1750069930.361901	257	11948	15461
1750069935.3781428	257	11957	15468
1750069940.3946686	257	11972	15482
1750069945.4121106	257	11981	15489
1750069950.4319544	257	11987	15499
1750069955.4471588	257	11993	15506
1750069960.4666724	258	12002	15516
1750069965.4842083	258	12015	15530
1750069970.5022058	258	12020	15537
1750069975.5190558	258	12032	15547
1750069980.5360413	258	12044	15562
1750069985.5520687	258	12049	15571
1750069990.5672076	258	12058	15588
1750069995.5838614	258	12066	15596
1750070000.599942	258	12076	15603
1750070005.6151552	258	12079	15616
1750070010.6307914	259	12089	15627
1750070015.6493063	259	12096	15641
1750070020.6661355	259	12108	15659
1750070025.6891396	259	12120	15670
1750070030.7067955	259	12124	15680
1750070035.7233393	259	12132	15694
1750070040.7408502	259	12140	15702
1750070045.7570903	259	12145	15711
1750070050.7732527	260	12160	15722
1750070055.7902362	260	12168	15730
1750070060.8068583	260	12176	15741
1750070065.82209	260	12186	15749
1750070070.837464	260	12197	15764
1750070075.8538148	261	12208	15772
1750070080.8708718	261	12210	15791
1750070085.886992	261	12218	15808
1750070090.9084818	261	12226	15819
1750070095.9249234	261	12234	15834
1750070100.9420135	261	12241	15841
1750070105.9590588	261	12251	15857
1750070110.9748552	261	12256	15868
1750070115.9903388	261	12263	15880
1750070121.007705	261	12280	15892
1750070126.0236557	261	12285	15909
1750070131.0405717	261	12289	15921
1750070136.0582452	261	12292	15927
1750070141.0738442	261	12303	15937
1750070146.091825	261	12313	15946
1750070151.108057	261	12324	15952
1750070156.1245358	261	12332	15966
1750070161.140862	261	12343	15976
1750070166.1563487	261	12349	15987
1750070171.1731484	261	12361	15996
1750070176.192878	261	12364	16009
1750070181.2098029	261	12376	16022
1750070186.2332022	262	12382	16035
1750070191.248171	262	12389	16047
1750070196.2658124	262	12400	16056
1750070201.2824814	262	12408	16068
1750070206.29896	262	12416	16078
1750070211.3174412	262	12424	16093
1750070216.3322012	262	12429	16107
1750070221.3484206	262	12437	16116
1750070226.3648262	262	12441	16128
1750070231.381236	262	12450	16139
1750070236.3978734	263	12459	16157
1750070241.417849	263	12465	16167
1750070246.4343958	264	12474	16179
1750070251.4533687	264	12481	16193
1750070256.4703732	264	12487	16201
1750070261.4887185	264	12491	16209
1750070266.5037594	264	12499	16221
1750070271.5203683	265	12505	16232
1750070276.536164	265	12518	16244
1750070281.553306	265	12528	16253
1750070286.5698252	265	12538	16264
1750070291.5856082	265	12545	16281
1750070296.6014197	265	12559	16289
1750070301.6180348	265	12565	16298
1750070306.636677	265	12573	16305
1750070311.6532328	265	12585	16318
1750070316.67661	266	12596	16330
1750070321.693716	266	12603	16336
1750070326.710317	266	12607	16351
1750070331.72777	266	12611	16359
1750070336.7440243	266	12623	16373
1750070341.7611969	267	12629	16384
1750070346.776529	268	12638	16400
1750070351.7935953	269	12643	16411
1750070356.8107393	269	12656	16422
1750070361.8263893	269	12663	16436
1750070366.8423116	270	12675	16445
1750070371.8593695	270	12682	16452
1750070376.8754659	270	12690	16463
1750070381.890512	270	12698	16470
1750070386.9065344	270	12702	16487
1750070391.9224837	270	12716	16492
1750070396.93688	270	12727	16502
1750070401.9603083	270	12734	16519
1750070406.9777448	270	12744	16525
1750070411.9945443	270	12758	16538
1750070417.0110972	270	12764	16548
1750070422.028078	270	12771	16562
1750070427.0439868	271	12776	16576
1750070432.0627544	271	12786	16592
1750070437.0863345	271	12792	16601
1750070442.10175	271	12799	16619
1750070447.1176398	271	12807	16624
1750070452.132661	271	12819	16637
1750070457.1490042	272	12826	16645
1750070462.1657755	272	12834	16656
1750070467.1822655	272	12839	16668
1750070472.197825	272	12844	16681
1750070477.2135859	272	12858	16690
1750070482.2298486	272	12864	16701
1750070487.2469616	273	12873	16713
1750070492.262897	273	12883	16727
1750070497.2783093	273	12891	16737
1750070502.2980137	273	12903	16743
1750070507.3144746	273	12910	16758
1750070512.3323617	275	12924	16769
1750070517.3483407	275	12934	16782
1750070522.3666718	276	12944	16791
1750070527.3843367	276	12953	16798
1750070532.405794	276	12963	16814
1750070537.4252973	276	12970	16830
1750070542.4419193	276	12980	16840
1750070547.4582858	276	12986	16852
1750070552.4741497	276	12991	16862
1750070557.489688	276	12995	16872
1750070562.5054364	276	13006	16881
1750070567.521554	276	13012	16889
1750070572.5374465	276	13023	16898
1750070577.5522325	276	13030	16908
1750070582.5682402	276	13041	16919
1750070587.584321	276	13052	16935
1750070592.6013198	276	13062	16947
1750070597.6168919	277	13071	16966
1750070602.632015	277	13090	16976
1750070607.6477952	278	13097	16985
1750070612.6642916	278	13108	16992
1750070617.681641	278	13117	16998
1750070622.6979108	279	13125	17006
1750070627.713091	279	13141	17021
1750070632.7291665	279	13155	17027
1750070637.7451112	280	13163	17040
1750070642.7624915	280	13171	17051
1750070647.779031	280	13173	17070
1750070652.7946997	280	13187	17085
1750070657.8096976	280	13198	17095
1750070662.824782	280	13206	17106
1750070667.8489027	280	13211	17115
1750070672.866111	280	13221	17125
1750070677.881829	280	13226	17138
1750070682.898175	280	13234	17156
1750070687.9145453	280	13244	17166
1750070692.933037	280	13255	17176
1750070697.9574556	280	13262	17184
1750070702.9729688	280	13270	17193
1750070707.9892526	280	13278	17198
1750070713.0066404	280	13291	17209
1750070718.023856	280	13303	17221
1750070723.040956	280	13318	17233
1750070728.0589006	280	13327	17240
1750070733.0757797	280	13334	17249
1750070738.0924041	281	13338	17260
1750070743.1083937	282	13344	17273
1750070748.1262186	282	13351	17286
1750070753.1415834	282	13364	17296
1750070758.1561804	282	13374	17313
1750070763.1726284	282	13382	17322
1750070768.1877556	282	13393	17325
1750070773.2050126	282	13398	17334
1750070778.221251	282	13408	17343
1750070783.238286	282	13417	17360
1750070788.255079	282	13429	17371
1750070793.2720635	282	13433	17375
1750070798.2889378	282	13442	17383
1750070803.3048186	282	13453	17393
1750070808.3284657	282	13458	17409
1750070813.3449569	282	13466	17418
1750070818.3677108	282	13471	17435
1750070823.3831546	282	13478	17443
1750070828.4029477	282	13485	17452
1750070833.4196134	282	13489	17467
1750070838.436241	282	13499	17473
1750070843.4527354	282	13511	17485
1750070848.4687145	282	13520	17497
1750070853.4842153	282	13532	17505
1750070858.5009332	282	13538	17518
1750070863.5174453	282	13545	17532
1750070868.533334	282	13557	17548
1750070873.5494008	282	13561	17556
1750070878.5647662	282	13574	17561
1750070883.5798821	282	13581	17569
1750070888.5960722	282	13587	17581
1750070893.6124847	284	13594	17599
1750070898.6298473	284	13607	17610
1750070903.649371	284	13616	17616
1750070908.6662323	284	13625	17627
1750070913.6828601	284	13634	17635
1750070918.7007844	284	13643	17646
1750070923.7172184	284	13650	17658
1750070928.7332804	285	13662	17671
1750070933.7507334	285	13673	17684
1750070938.7675712	285	13679	17695
1750070943.7850678	285	13687	17707
1750070948.8087869	286	13698	17723
1750070953.825212	286	13704	17737
1750070958.842593	286	13716	17744
1750070963.857122	286	13727	17752
1750070968.8727508	286	13734	17764
1750070973.8891344	286	13742	17775
1750070978.906014	287	13758	17788
1750070983.929336	287	13764	17801
1750070988.9448676	288	13771	17816
1750070993.960934	289	13778	17822
1750070998.9772356	289	13790	17829
1750071003.9930346	289	13796	17837
1750071009.009745	289	13804	17853
1750071014.0266585	289	13813	17861
1750071019.0473857	289	13826	17876
1750071024.0640178	289	13834	17892
1750071029.0880358	289	13837	17906
1750071034.1058147	289	13844	17917
1750071039.1224394	289	13854	17929
1750071044.1397574	289	13863	17937
1750071049.155744	289	13873	17951
1750071054.1721091	289	13882	17956
1750071059.1876209	290	13889	17970
1750071064.2045872	290	13896	17984
1750071069.220946	290	13907	17993
1750071074.2378995	290	13915	18006
1750071079.2536354	291	13930	18024
1750071084.270219	291	13935	18031
1750071089.2863386	291	13944	18047
1750071094.310385	292	13954	18057
1750071099.3258145	292	13963	18069
1750071104.341982	292	13969	18083
1750071109.3580775	292	13975	18098
1750071114.3737514	293	13985	18107
1750071119.3901975	293	13999	18117
1750071124.406694	293	14004	18132
1750071129.4229777	293	14014	18145
1750071134.4392982	293	14022	18153
1750071139.454155	294	14037	18167
1750071144.4698696	294	14043	18172
1750071149.4863255	294	14049	18180
1750071154.5083373	294	14056	18188
1750071159.5250084	294	14065	18199
1750071164.5396376	294	14074	18209
1750071169.556288	294	14081	18218
1750071174.574059	295	14094	18238
1750071179.5911994	296	14100	18251
1750071184.6071146	296	14106	18259
1750071189.622645	296	14119	18269
1750071194.6393833	296	14123	18279
1750071199.6566753	296	14133	18288
1750071204.6741214	296	14141	18295
1750071209.6916	297	14152	18310
1750071214.7074826	297	14160	18324
1750071219.7278323	297	14167	18339
1750071224.7440152	298	14180	18350
1750071229.760652	298	14189	18363
1750071234.777443	298	14198	18370
1750071239.7928772	298	14206	18385
1750071244.8096566	298	14215	18399
1750071249.8260665	299	14226	18406
1750071254.8432589	300	14234	18421
1750071259.8597696	300	14241	18431
1750071264.8760176	300	14245	18444
1750071269.8916037	300	14252	18451
1750071274.908294	300	14261	18461
1750071279.925189	300	14270	18467
1750071284.9479046	300	14283	18475
1750071289.9635937	300	14293	18485
1750071294.9804225	300	14299	18494
1750071299.9966211	300	14310	18503
1750071305.0138216	300	14318	18520
1750071310.0317793	301	14329	18530
1750071315.0476463	302	14335	18540
1750071320.0634654	302	14339	18552
1750071325.0792098	302	14352	18569
1750071330.0962915	302	14357	18579
1750071335.1135502	302	14366	18587
1750071340.1295125	303	14374	18601
1750071345.1453662	305	14382	18615
1750071350.1625435	305	14391	18629
1750071355.179442	306	14397	18647
1750071360.1965635	306	14406	18660
1750071365.212565	306	14414	18670
1750071370.2285547	307	14427	18686
1750071375.2453218	307	14437	18694
1750071380.262482	307	14450	18702
1750071385.2794259	308	14459	18714
1750071390.2979531	308	14469	18724
1750071395.3134546	309	14478	18733
1750071400.3361983	309	14483	18747
1750071405.3528762	309	14487	18762
1750071410.3710504	309	14497	18769
1750071415.3865654	309	14504	18777
1750071420.4011807	309	14508	18790
1750071425.4168024	311	14517	18815
1750071430.4324791	311	14524	18827
1750071435.4483902	311	14531	18840
1750071440.4644887	311	14536	18851
1750071445.4816408	311	14544	18861
1750071450.4964979	311	14551	18877
1750071455.5152702	311	14564	18883
1750071460.5323346	311	14574	18896
1750071465.5577445	311	14588	18909
1750071470.574701	311	14600	18921
1750071475.5914676	311	14608	18927
1750071480.6061532	311	14618	18937
1750071485.622037	311	14626	18945
1750071490.6403592	312	14637	18954
1750071495.6573849	312	14646	18960
1750071500.673418	313	14660	18971
1750071505.6903322	313	14666	18979
1750071510.7047942	313	14673	18992
1750071515.719937	313	14683	18999
1750071520.7433906	313	14688	19008
1750071525.76001	313	14694	19017
1750071530.775975	313	14704	19026
1750071535.792411	313	14708	19034
1750071540.8168137	313	14717	19037
1750071545.8337243	313	14723	19048
1750071550.8502493	313	14733	19054
1750071555.867282	313	14741	19068
1750071560.883206	313	14753	19082
1750071565.8983383	313	14762	19094
1750071570.9155526	313	14768	19107
1750071575.9314828	314	14774	19116
1750071580.9484446	314	14784	19132
1750071585.9645567	314	14799	19141
1750071590.9799502	314	14808	19156
1750071595.9972095	316	14820	19173
1750071601.0122907	316	14832	19181
1750071606.0280337	316	14837	19190
1750071611.044416	316	14842	19199
1750071616.0606458	316	14851	19211
1750071621.0764468	316	14861	19227
1750071626.092897	316	14870	19245
1750071631.1099215	316	14881	19261
1750071636.1258764	316	14890	19273
1750071641.1402473	316	14899	19288
1750071646.1547093	316	14908	19300
1750071651.1695778	316	14916	19311
1750071656.18493	316	14927	19318
1750071661.2008896	316	14940	19336
1750071666.2164288	316	14952	19346
1750071671.2316456	316	14963	19362
1750071676.246888	316	14973	19370
1750071681.2629287	317	14983	19383
1750071686.2800364	317	14993	19394
1750071691.2964532	317	14997	19404
1750071696.3119664	317	15004	19417
1750071701.3287396	317	15009	19429
1750071706.3519633	317	15016	19435
1750071711.3690586	318	15025	19444
1750071716.3856916	319	15033	19450
1750071721.4020493	319	15040	19458
1750071726.417121	319	15046	19467
1750071731.4334104	320	15054	19477
1750071736.4500802	320	15065	19493
1750071741.4667075	320	15071	19506
1750071746.4872684	320	15081	19515
1750071751.5040944	321	15094	19522
1750071756.5202322	321	15103	19529
1750071761.5384605	321	15113	19536
1750071766.5547514	322	15124	19548
1750071771.5715714	322	15127	19559
1750071776.5882869	322	15136	19572
1750071781.605897	322	15143	19576
1750071786.6226263	322	15153	19587
1750071791.6396677	322	15163	19601
1750071796.6566281	323	15170	19616
1750071801.672346	324	15179	19630
1750071806.6895533	324	15185	19641
1750071811.7057776	324	15192	19655
1750071816.7215614	324	15198	19666
1750071821.7374582	324	15201	19675
1750071826.761182	324	15210	19690
1750071831.779066	325	15217	19705
1750071836.7961583	325	15221	19712
1750071841.8123696	326	15228	19724
1750071846.8294153	326	15238	19735
1750071851.8444433	326	15246	19748
1750071856.8606682	326	15254	19761
1750071861.8761592	326	15262	19768
1750071866.8927314	326	15276	19783
1750071871.908094	326	15291	19794
1750071876.929185	326	15297	19807
1750071881.9457846	326	15303	19818
1750071886.9610567	326	15308	19828
1750071891.976952	326	15316	19842
1750071896.9916892	327	15327	19852
1750071902.0081594	327	15333	19860
1750071907.0237176	327	15337	19873
1750071912.0419934	328	15340	19884
1750071917.058702	328	15352	19890
1750071922.0764723	328	15364	19896
1750071927.0935335	329	15370	19912
1750071932.1100643	330	15380	19924
1750071937.1253803	330	15390	19932
1750071942.1393938	330	15395	19948
1750071947.1555908	330	15402	19958
1750071952.1725664	330	15413	19968
1750071957.1879566	330	15420	19978
1750071962.202514	330	15426	19986
1750071967.2172644	330	15434	19996
1750071972.2399945	330	15442	20011
1750071977.2558196	330	15451	20027
1750071982.272469	330	15458	20037
1750071987.2885513	330	15468	20044
1750071992.3050492	331	15473	20061
1750071997.3216474	331	15487	20071
1750072002.3369262	333	15499	20080
1750072007.353394	334	15509	20087
1750072012.3681374	334	15520	20101
1750072017.3858492	334	15530	20113
1750072022.4076853	335	15535	20126
1750072027.42323	335	15540	20139
1750072032.4392672	335	15551	20156
1750072037.4555206	335	15562	20169
1750072042.4734805	335	15568	20181
1750072047.4907997	335	15576	20191
1750072052.5071402	335	15584	20202
1750072057.525663	335	15594	20209
1750072062.541859	335	15607	20225
1750072067.5567453	335	15615	20231
1750072072.572868	335	15627	20238
1750072077.5954285	335	15633	20248
1750072082.611802	335	15641	20257
1750072087.6274858	336	15649	20267
1750072092.643241	336	15659	20275
1750072097.6602407	336	15667	20283
1750072102.6758902	336	15670	20291
1750072107.6929355	336	15676	20307
1750072112.7093446	336	15685	20320
1750072117.7262015	336	15692	20328
1750072122.7421198	336	15701	20338
1750072127.7582755	336	15707	20348
1750072132.7743876	336	15717	20360
1750072137.7891262	336	15723	20370
1750072142.8058665	336	15725	20379
1750072147.8234138	336	15730	20389
1750072152.8441029	336	15745	20396
1750072157.860305	336	15752	20407
1750072162.8778815	336	15756	20421
1750072167.8994024	336	15769	20431
1750072172.915406	336	15777	20449
1750072177.9316318	336	15786	20461
1750072182.9474382	336	15795	20467
1750072187.963308	337	15805	20478
1750072192.9793353	337	15815	20488
1750072197.9963846	337	15819	20495
1750072203.0117407	337	15822	20503
1750072208.0277045	337	15831	20509
1750072213.0482087	337	15836	20520
1750072218.0636039	337	15841	20528
1750072223.0890894	337	15848	20541
1750072228.1047664	337	15857	20549
1750072233.1211083	337	15866	20559
1750072238.1383603	337	15876	20568
1750072243.1632118	337	15883	20583
1750072248.1858244	337	15887	20597
1750072253.20133	337	15895	20605
1750072258.2165942	337	15904	20620
1750072263.231041	337	15914	20633
1750072268.2474735	337	15921	20640
1750072273.267247	337	15930	20656
1750072278.2841494	338	15937	20662
1750072283.30303	338	15951	20675
1750072288.317407	339	15957	20685
1750072293.3360589	339	15968	20697
1750072298.3526168	340	15974	20711
1750072303.3746157	340	15989	20721
1750072308.391153	340	15994	20736
1750072313.406098	340	16000	20742
1750072318.4225304	341	16010	20760
1750072323.4389834	341	16017	20774
1750072328.45472	341	16025	20783
1750072333.4709568	341	16030	20794
1750072338.4904459	341	16039	20804
1750072343.505433	341	16052	20813
1750072348.5238655	341	16063	20822
1750072353.5405552	341	16079	20832
1750072358.5566258	342	16089	20841
1750072363.572005	343	16104	20853
1750072368.5949945	343	16113	20861
1750072373.612558	343	16119	20868
1750072378.6286838	343	16127	20880
1750072383.645924	343	16134	20890
1750072388.6662629	343	16145	20899
1750072393.6915329	343	16148	20911
1750072398.708208	343	16160	20923
1750072403.7247188	343	16168	20936
1750072408.7410023	343	16176	20944
1750072413.756837	343	16185	20957
1750072418.775859	343	16193	20967
1750072423.7922363	343	16200	20980
1750072428.8091426	343	16203	20988
1750072433.8253536	343	16211	20998
1750072438.841005	343	16220	21016
1750072443.8575332	343	16231	21034
1750072448.8788714	343	16239	21042
1750072453.895244	343	16257	21053
1750072458.911883	343	16266	21062
1750072463.9277387	343	16273	21069
1750072468.9440472	343	16281	21077
1750072473.9600794	343	16288	21083
1750072478.9848955	343	16299	21089
1750072484.002297	343	16307	21102
1750072489.0182602	343	16318	21113
1750072494.0339406	344	16326	21123
1750072499.0581882	344	16337	21138
1750072504.0743923	344	16346	21146
1750072509.095615	344	16350	21160
1750072514.112027	346	16363	21172
1750072519.1285675	346	16375	21189
1750072524.1462362	346	16380	21202
1750072529.1651454	346	16387	21213
1750072534.1824315	346	16397	21232
1750072539.1998105	346	16407	21236
1750072544.216524	346	16419	21247
1750072549.2387376	346	16428	21257
1750072554.255632	346	16434	21265
1750072559.2718897	346	16442	21273
1750072564.2886283	346	16453	21285
1750072569.3050554	346	16463	21292
1750072574.32123	346	16471	21304
1750072579.344531	346	16481	21310
1750072584.3616226	346	16489	21324
1750072589.3793948	348	16499	21334
1750072594.3954053	348	16505	21347
1750072599.412574	348	16516	21355
1750072604.4335825	349	16525	21368
1750072609.450237	349	16535	21383
1750072614.465961	349	16539	21399
1750072619.4817915	350	16546	21406
1750072624.497442	350	16560	21408
1750072629.5130293	351	16574	21414
1750072634.5296686	351	16584	21422
1750072639.5444894	351	16590	21435
1750072644.5613875	352	16600	21443
1750072649.5771098	352	16608	21448
1750072654.5929298	352	16619	21455
1750072659.609799	352	16626	21468
1750072664.626215	352	16634	21480
1750072669.6427577	353	16647	21495
1750072674.6575518	353	16655	21509
1750072679.6737359	353	16657	21515
1750072684.6908112	353	16667	21524
1750072689.7071302	353	16680	21539
1750072694.7329378	354	16696	21549
1750072699.7552366	354	16701	21566
1750072704.770633	354	16706	21574
1750072709.7883441	355	16715	21588
1750072714.8045616	355	16724	21599
1750072719.8214443	355	16736	21614
1750072724.8382232	356	16749	21624
1750072729.8545754	356	16759	21639
1750072734.8735285	356	16764	21649
1750072739.8891044	356	16777	21662
1750072744.9074152	356	16783	21677
1750072749.9273448	356	16788	21687
1750072754.9428906	356	16792	21699
1750072759.9589422	356	16797	21707
1750072764.974993	356	16803	21718
1750072769.990717	356	16810	21728
1750072775.0074608	356	16815	21741
1750072780.023947	356	16826	21751
1750072785.040363	356	16836	21762
1750072790.0563886	356	16850	21774
1750072795.0804524	356	16858	21784
1750072800.0948896	356	16863	21801
1750072805.1098733	356	16870	21814
1750072810.1255672	356	16879	21827
1750072815.141862	357	16886	21839
1750072820.1581767	357	16896	21844
1750072825.172837	358	16903	21859
1750072830.1883388	358	16915	21873
1750072835.2049868	359	16922	21884
1750072840.2295873	360	16933	21894
1750072845.2531893	360	16942	21911
1750072850.268305	360	16959	21919
1750072855.2849045	360	16967	21927
1750072860.3011594	360	16973	21936
1750072865.3187187	360	16979	21945
1750072870.3358216	360	16989	21961
1750072875.3510516	360	16992	21968
1750072880.373946	361	17000	21976
1750072885.3898196	361	17006	21986
1750072890.4070282	361	17015	21998
1750072895.4236755	361	17024	22008
1750072900.4447267	362	17033	22022
1750072905.4621816	362	17037	22039
1750072910.478401	362	17042	22047
1750072915.4948468	362	17049	22057
1750072920.511794	362	17057	22066
1750072925.5278752	363	17069	22077
1750072930.5452638	363	17081	22086
1750072935.5622683	363	17087	22098
1750072940.5866468	363	17092	22103
1750072945.6043031	363	17098	22114
1750072950.620245	364	17110	22125
1750072955.6384084	364	17119	22138
1750072960.65428	364	17132	22142
1750072965.6698463	364	17140	22157
1750072970.6861506	364	17152	22168
1750072975.7019472	364	17162	22179
1750072980.7178166	364	17170	22194
1750072985.7403758	364	17176	22206
1750072990.7615616	365	17184	22221
1750072995.7782977	365	17192	22230
1750073000.793925	365	17203	22238
1750073005.809517	365	17213	22253
1750073010.8267176	366	17219	22271
1750073015.8474731	366	17228	22282
1750073020.8623648	366	17233	22296
1750073025.8816931	366	17243	22303
1750073030.8990636	366	17246	22310
1750073035.9139109	367	17250	22319
1750073040.9302595	367	17260	22324
1750073045.949253	367	17269	22337
1750073050.9660437	367	17279	22342
1750073055.9826117	367	17284	22351
1750073061.0025299	367	17292	22362
1750073066.0262237	367	17301	22367
1750073071.0506785	367	17308	22378
1750073076.0678751	367	17313	22384
1750073081.0837562	367	17318	22398
1750073086.1003263	367	17329	22408
1750073091.1168272	367	17341	22419
1750073096.1335886	367	17351	22430
1750073101.1509078	367	17364	22443
1750073106.1675494	367	17372	22455
1750073111.1829112	367	17381	22468
1750073116.1989398	367	17392	22474
1750073121.2179937	367	17396	22490
1750073126.2345285	367	17407	22497
1750073131.249856	367	17417	22508
1750073136.2648234	367	17427	22517
1750073141.281158	367	17435	22527
1750073146.297731	368	17448	22539
1750073151.3134139	369	17460	22554
1750073156.3307471	370	17469	22564
1750073161.3460555	370	17477	22576
1750073166.363033	370	17485	22589
1750073171.379596	371	17491	22606
1750073176.394675	371	17498	22614
1750073181.411815	371	17507	22621
1750073186.426501	371	17510	22629
1750073191.4451656	372	17513	22638
1750073196.4609828	373	17519	22651
1750073201.4762535	374	17529	22660
1750073206.490975	374	17535	22671
